	14.0	15.0	16.0	17.0	18.0	19.0	20.0	21.0	22.0	23.0	24.0	25.0	26.0	27.0	28.0	29.0	30.0	31.0	32.0	33.0	34.0	35.0	36.0	37.0	38.0	39.0	40.0	41.0
agr_buri_ITH0620_R1	1.0	3.0	17.0	45.0	119.0	241.0	465.0	730.0	1211.0	2017.0	3003.0	4645.0	6444.0	8718.0	11301.0	14346.0	17993.0	22149.0	27176.0	33223.0	41476.0	52602.0	70081.0	97676.0	145905.0	274388.0	2400465.0	2022525.0
	14.0	15.0	16.0	17.0	18.0	19.0	20.0	21.0	22.0	23.0	24.0	25.0	26.0	27.0	28.0	29.0	30.0	31.0	32.0	33.0	34.0	35.0	36.0	37.0	38.0	39.0	40.0	41.0
alo_rosa_LG1370_R1	1.0	6.0	11.0	24.0	62.0	139.0	317.0	585.0	993.0	1544.0	2337.0	3427.0	4913.0	6507.0	8350.0	10811.0	13229.0	16255.0	19914.0	24280.0	29949.0	38327.0	51004.0	70169.0	105246.0	198016.0	1736607.0	1349765.0
	8.0	9.0	10.0	11.0	12.0	13.0	14.0	15.0	16.0	17.0	18.0	19.0	20.0	21.0	22.0	23.0	24.0	25.0	26.0	27.0	28.0	29.0	30.0	31.0	32.0	33.0	34.0	35.0	36.0	37.0	38.0	39.0	40.0
cat_bet_MTR33144_R1	6.0	12.0	30.0	76.0	172.0	278.0	483.0	774.0	1264.0	1875.0	2737.0	3681.0	5527.0	7139.0	9322.0	12146.0	15439.0	19136.0	23426.0	28222.0	33812.0	40916.0	48322.0	56902.0	68358.0	84716.0	109354.0	156765.0	237269.0	406657.0	576973.0	244249.0	1000.0
	8.0	9.0	10.0	11.0	12.0	13.0	14.0	15.0	16.0	17.0	18.0	19.0	20.0	21.0	22.0	23.0	24.0	25.0	26.0	27.0	28.0	29.0	30.0	31.0	32.0	33.0	34.0	35.0	36.0	37.0	38.0	39.0	40.0
cat_bet_MTR33202_R1	2.0	14.0	40.0	100.0	170.0	307.0	543.0	957.0	1444.0	2202.0	2956.0	4104.0	5760.0	7541.0	10098.0	13025.0	16648.0	20707.0	25737.0	30813.0	37493.0	44937.0	53764.0	64123.0	77625.0	96990.0	127109.0	181497.0	273122.0	467680.0	687217.0	347896.0	2974.0
	9.0	10.0	11.0	12.0	13.0	14.0	15.0	16.0	17.0	18.0	19.0	20.0	21.0	22.0	23.0	24.0	25.0	26.0	27.0	28.0	29.0	30.0	31.0	32.0	33.0	34.0	35.0	36.0	37.0	38.0	39.0	40.0
cat_bon_MTR16122_R1	17.0	32.0	84.0	193.0	319.0	595.0	987.0	1499.0	2176.0	3233.0	4741.0	6258.0	8415.0	10896.0	13976.0	17468.0	21732.0	26571.0	32610.0	39105.0	47160.0	55753.0	63619.0	74793.0	93852.0	124425.0	181663.0	285536.0	491270.0	630755.0	145658.0	58.0
	8.0	9.0	10.0	11.0	12.0	13.0	14.0	15.0	16.0	17.0	18.0	19.0	20.0	21.0	22.0	23.0	24.0	25.0	26.0	27.0	28.0	29.0	30.0	31.0	32.0	33.0	34.0	35.0	36.0	37.0	38.0	39.0	40.0
cat_bon_MTR16123_R1	1.0	10.0	32.0	79.0	171.0	318.0	585.0	948.0	1482.0	2098.0	3091.0	4399.0	6222.0	8386.0	10769.0	13943.0	17326.0	21356.0	26594.0	31306.0	38040.0	45871.0	54120.0	61724.0	73520.0	91559.0	119525.0	173252.0	267219.0	457299.0	611870.0	177297.0	214.0
	8.0	9.0	10.0	11.0	12.0	13.0	14.0	15.0	16.0	17.0	18.0	19.0	20.0	21.0	22.0	23.0	24.0	25.0	26.0	27.0	28.0	29.0	30.0	31.0	32.0	33.0	34.0	35.0	36.0	37.0	38.0	39.0	40.0
cat_bon_RPD024_R1	7.0	16.0	32.0	71.0	158.0	303.0	465.0	748.0	1136.0	1601.0	2295.0	3110.0	4063.0	5591.0	7382.0	9489.0	11986.0	15418.0	19441.0	23490.0	29070.0	36333.0	43465.0	50806.0	61543.0	78607.0	105425.0	156233.0	251937.0	422977.0	462846.0	55915.0	7.0
	7.0	8.0	9.0	10.0	11.0	12.0	13.0	14.0	15.0	16.0	17.0	18.0	19.0	20.0	21.0	22.0	23.0	24.0	25.0	26.0	27.0	28.0	29.0	30.0	31.0	32.0	33.0	34.0	35.0	36.0	37.0	38.0	39.0	40.0
cat_cam_PEU322_R1	1.0	2.0	5.0	21.0	63.0	130.0	209.0	324.0	579.0	785.0	1243.0	1627.0	2256.0	2934.0	3966.0	5232.0	6462.0	8413.0	10540.0	12493.0	15694.0	19221.0	23159.0	27720.0	33563.0	41053.0	51958.0	68523.0	100100.0	153421.0	249314.0	325248.0	138786.0	1154.0
	7.0	8.0	9.0	10.0	11.0	12.0	13.0	14.0	15.0	16.0	17.0	18.0	19.0	20.0	21.0	22.0	23.0	24.0	25.0	26.0	27.0	28.0	29.0	30.0	31.0	32.0	33.0	34.0	35.0	36.0	37.0	38.0	39.0	40.0
cat_cam_PEU450_R1	1.0	2.0	10.0	35.0	87.0	179.0	333.0	530.0	860.0	1315.0	1979.0	2826.0	3958.0	5427.0	7129.0	9265.0	12294.0	15712.0	19358.0	24142.0	29368.0	35680.0	43507.0	52391.0	61073.0	74672.0	93317.0	123921.0	179770.0	270546.0	463268.0	646785.0	246368.0	812.0
	8.0	9.0	10.0	11.0	12.0	13.0	14.0	15.0	16.0	17.0	18.0	19.0	20.0	21.0	22.0	23.0	24.0	25.0	26.0	27.0	28.0	29.0	30.0	31.0	32.0	33.0	34.0	35.0	36.0	37.0	38.0	39.0	40.0
cat_canav_MTR33152_R1	3.0	12.0	46.0	103.0	196.0	330.0	624.0	941.0	1496.0	2063.0	2900.0	3907.0	5499.0	7365.0	9611.0	12594.0	15967.0	20285.0	24980.0	30644.0	37165.0	45646.0	54298.0	64869.0	78462.0	99025.0	130701.0	189505.0	286937.0	492403.0	702911.0	304340.0	1518.0
	8.0	9.0	10.0	11.0	12.0	13.0	14.0	15.0	16.0	17.0	18.0	19.0	20.0	21.0	22.0	23.0	24.0	25.0	26.0	27.0	28.0	29.0	30.0	31.0	32.0	33.0	34.0	35.0	36.0	37.0	38.0	39.0
cat_catu_FRAG15P94_R1	1.0	17.0	70.0	134.0	276.0	447.0	744.0	1192.0	1774.0	2447.0	3482.0	4871.0	6618.0	8818.0	11547.0	14723.0	18614.0	23562.0	29604.0	35815.0	43990.0	53940.0	64964.0	76525.0	93008.0	118026.0	158499.0	239030.0	398259.0	697963.0	730100.0	54916.0
	8.0	9.0	10.0	11.0	12.0	13.0	14.0	15.0	16.0	17.0	18.0	19.0	20.0	21.0	22.0	23.0	24.0	25.0	26.0	27.0	28.0	29.0	30.0	31.0	32.0	33.0	34.0	35.0	36.0	37.0	38.0	39.0	40.0
cat_cond_MTR35005_R1	3.0	15.0	59.0	99.0	205.0	399.0	669.0	1019.0	1639.0	2136.0	2992.0	3948.0	5264.0	6872.0	8974.0	11659.0	14980.0	19226.0	24271.0	29995.0	37595.0	46761.0	57594.0	69451.0	86628.0	111495.0	150549.0	224643.0	371490.0	665376.0	792181.0	99569.0	11.0
	7.0	8.0	9.0	10.0	11.0	12.0	13.0	14.0	15.0	16.0	17.0	18.0	19.0	20.0	21.0	22.0	23.0	24.0	25.0	26.0	27.0	28.0	29.0	30.0	31.0	32.0	33.0	34.0	35.0	36.0	37.0	38.0	39.0	40.0
cat_cond_MTR35190_R1	1.0	1.0	8.0	49.0	106.0	244.0	400.0	645.0	1043.0	1622.0	2278.0	3274.0	4334.0	5906.0	7691.0	10050.0	12981.0	16553.0	20893.0	26153.0	31915.0	39379.0	48080.0	57969.0	69932.0	85920.0	108381.0	145019.0	213300.0	341838.0	593269.0	694233.0	91689.0	8.0
	8.0	9.0	10.0	11.0	12.0	13.0	14.0	15.0	16.0	17.0	18.0	19.0	20.0	21.0	22.0	23.0	24.0	25.0	26.0	27.0	28.0	29.0	30.0	31.0	32.0	33.0	34.0	35.0	36.0	37.0	38.0	39.0	40.0
cat_fazpar_RPD015_R1	3.0	13.0	43.0	97.0	180.0	342.0	589.0	973.0	1429.0	2225.0	3056.0	4264.0	5829.0	7689.0	10024.0	12948.0	16273.0	20261.0	24952.0	30086.0	36154.0	43259.0	51721.0	61334.0	75080.0	94962.0	125536.0	186646.0	307538.0	538310.0	600350.0	65956.0	4.0
	15.0	16.0	17.0	18.0	19.0	20.0	21.0	22.0	23.0	24.0	25.0	26.0	27.0	28.0	29.0	30.0	31.0	32.0	33.0	34.0	35.0	36.0	37.0	38.0	39.0	40.0	41.0
cat_igra_LAR009_R1	5.0	3.0	29.0	90.0	218.0	421.0	804.0	1361.0	2234.0	3513.0	4923.0	6874.0	9104.0	11612.0	14399.0	18030.0	22832.0	28047.0	32631.0	39634.0	50111.0	65279.0	89604.0	133919.0	251461.0	2180870.0	1839573.0
	8.0	9.0	10.0	11.0	12.0	13.0	14.0	15.0	16.0	17.0	18.0	19.0	20.0	21.0	22.0	23.0	24.0	25.0	26.0	27.0	28.0	29.0	30.0	31.0	32.0	33.0	34.0	35.0	36.0	37.0	38.0	39.0	40.0
cat_ilh_ABA45_R1	4.0	12.0	62.0	103.0	226.0	413.0	637.0	1075.0	1631.0	2461.0	3315.0	4696.0	6383.0	8678.0	11263.0	14509.0	18564.0	23108.0	28368.0	34400.0	41277.0	49916.0	59645.0	69860.0	85145.0	106297.0	139724.0	204635.0	321303.0	530600.0	699112.0	205145.0	234.0
	8.0	9.0	10.0	11.0	12.0	13.0	14.0	15.0	16.0	17.0	18.0	19.0	20.0	21.0	22.0	23.0	24.0	25.0	26.0	27.0	28.0	29.0	30.0	31.0	32.0	33.0	34.0	35.0	36.0	37.0	38.0	39.0
cat_itp_MTR33052_R1	1.0	6.0	35.0	74.0	160.0	257.0	437.0	755.0	1125.0	1644.0	2294.0	3355.0	4567.0	6208.0	7983.0	10360.0	13141.0	16310.0	20314.0	24728.0	30245.0	36247.0	43101.0	50211.0	61318.0	77503.0	103398.0	151930.0	249654.0	422038.0	427326.0	31074.0
	9.0	10.0	11.0	12.0	13.0	14.0	15.0	16.0	17.0	18.0	19.0	20.0	21.0	22.0	23.0	24.0	25.0	26.0	27.0	28.0	29.0	30.0	31.0	32.0	33.0	34.0	35.0	36.0	37.0	38.0	39.0	40.0
cat_itp_MTR33053_R1	5.0	20.0	59.0	123.0	202.0	312.0	561.0	872.0	1282.0	1861.0	2615.0	3591.0	4777.0	6307.0	8005.0	10190.0	12661.0	15507.0	18506.0	22130.0	26605.0	31584.0	37368.0	44675.0	55402.0	72630.0	103166.0	154672.0	265418.0	396862.0	220034.0	2553.0
	8.0	9.0	10.0	11.0	12.0	13.0	14.0	15.0	16.0	17.0	18.0	19.0	20.0	21.0	22.0	23.0	24.0	25.0	26.0	27.0	28.0	29.0	30.0	31.0	32.0	33.0	34.0	35.0	36.0	37.0	38.0	39.0	40.0
cat_itp_MTR33122_R1	1.0	9.0	44.0	79.0	167.0	275.0	504.0	789.0	1164.0	1755.0	2457.0	3259.0	4525.0	6072.0	7960.0	10387.0	13322.0	16863.0	20781.0	25623.0	31634.0	38899.0	46737.0	56462.0	69160.0	87384.0	114275.0	163946.0	247539.0	423019.0	627386.0	361726.0	5697.0
	7.0	8.0	9.0	10.0	11.0	12.0	13.0	14.0	15.0	16.0	17.0	18.0	19.0	20.0	21.0	22.0	23.0	24.0	25.0	26.0	27.0	28.0	29.0	30.0	31.0	32.0	33.0	34.0	35.0	36.0	37.0	38.0	39.0	40.0
cat_itp_MTR33140_R1	1.0	0.0	10.0	33.0	66.0	116.0	202.0	316.0	540.0	780.0	1291.0	1814.0	2528.0	3460.0	4708.0	6140.0	7853.0	9915.0	12411.0	14981.0	18441.0	22138.0	26666.0	32007.0	37842.0	46521.0	58393.0	78433.0	117875.0	201658.0	365072.0	334011.0	12537.0	1.0
	8.0	9.0	10.0	11.0	12.0	13.0	14.0	15.0	16.0	17.0	18.0	19.0	20.0	21.0	22.0	23.0	24.0	25.0	26.0	27.0	28.0	29.0	30.0	31.0	32.0	33.0	34.0	35.0	36.0	37.0	38.0	39.0	40.0
cat_jag_PEU109_R1	2.0	9.0	41.0	115.0	189.0	375.0	574.0	1035.0	1602.0	2252.0	3169.0	4331.0	5931.0	7904.0	10385.0	13406.0	17009.0	21402.0	26143.0	31765.0	38561.0	46186.0	55000.0	66049.0	80198.0	101019.0	135067.0	200084.0	321796.0	569506.0	687584.0	98922.0	18.0
	9.0	10.0	11.0	12.0	13.0	14.0	15.0	16.0	17.0	18.0	19.0	20.0	21.0	22.0	23.0	24.0	25.0	26.0	27.0	28.0	29.0	30.0	31.0	32.0	33.0	34.0	35.0	36.0	37.0	38.0	39.0	40.0
cat_jeq_MTR17108_R1	15.0	55.0	115.0	168.0	319.0	633.0	1010.0	1581.0	2402.0	3421.0	4869.0	6521.0	8414.0	11243.0	14420.0	18332.0	22914.0	28004.0	34573.0	40975.0	49020.0	58944.0	70058.0	84462.0	105167.0	137240.0	198089.0	299205.0	525776.0	768892.0	398577.0	3734.0
	8.0	9.0	10.0	11.0	12.0	13.0	14.0	15.0	16.0	17.0	18.0	19.0	20.0	21.0	22.0	23.0	24.0	25.0	26.0	27.0	28.0	29.0	30.0	31.0	32.0	33.0	34.0	35.0	36.0	37.0	38.0	39.0	40.0
cat_jeq_MTR17172_R1	4.0	12.0	48.0	117.0	217.0	372.0	623.0	973.0	1494.0	2206.0	3102.0	4314.0	6043.0	7713.0	10287.0	13100.0	16963.0	21428.0	26418.0	32360.0	39347.0	47125.0	56642.0	67949.0	82666.0	104125.0	137577.0	201501.0	316471.0	542043.0	682556.0	147594.0	45.0
	7.0	8.0	9.0	10.0	11.0	12.0	13.0	14.0	15.0	16.0	17.0	18.0	19.0	20.0	21.0	22.0	23.0	24.0	25.0	26.0	27.0	28.0	29.0	30.0	31.0	32.0	33.0	34.0	35.0	36.0	37.0	38.0	39.0	40.0
cat_jeq_MTR17377_R1	1.0	4.0	4.0	42.0	59.0	145.0	246.0	394.0	686.0	1137.0	1711.0	2279.0	3149.0	4440.0	5844.0	8029.0	10526.0	13276.0	17096.0	21011.0	25808.0	31338.0	38113.0	46352.0	54933.0	66583.0	83044.0	109540.0	155289.0	234069.0	392917.0	545496.0	238219.0	1150.0
	8.0	9.0	10.0	11.0	12.0	13.0	14.0	15.0	16.0	17.0	18.0	19.0	20.0	21.0	22.0	23.0	24.0	25.0	26.0	27.0	28.0	29.0	30.0	31.0	32.0	33.0	34.0	35.0	36.0	37.0	38.0	39.0	40.0	41.0
cat_jibo_LG1377_concat_R1	1.0	12.0	41.0	79.0	143.0	284.0	505.0	828.0	1197.0	1726.0	2659.0	3638.0	5222.0	7070.0	9564.0	12556.0	16153.0	20627.0	26438.0	32524.0	39904.0	48830.0	59225.0	71956.0	87861.0	108089.0	140691.0	199303.0	302823.0	496799.0	659221.0	382029.0	2244574.0	1775738.0
	16.0	17.0	18.0	19.0	20.0	21.0	22.0	23.0	24.0	25.0	26.0	27.0	28.0	29.0	30.0	31.0	32.0	33.0	34.0	35.0	36.0	37.0	38.0	39.0	40.0	41.0
cat_jibo_MTR18419_R1	5.0	10.0	82.0	180.0	368.0	679.0	1107.0	1731.0	2577.0	3715.0	5366.0	7233.0	9116.0	11893.0	15168.0	19608.0	24480.0	29287.0	35419.0	44292.0	59120.0	81516.0	120243.0	226793.0	1943944.0	1687821.0
	8.0	9.0	10.0	11.0	12.0	13.0	14.0	15.0	16.0	17.0	18.0	19.0	20.0	21.0	22.0	23.0	24.0	25.0	26.0	27.0	28.0	29.0	30.0	31.0	32.0	33.0	34.0	35.0	36.0	37.0	38.0	39.0	40.0
cat_lagjac_MTR33051_R1	4.0	11.0	44.0	103.0	213.0	297.0	529.0	857.0	1400.0	2005.0	2938.0	4179.0	5883.0	7712.0	10100.0	12810.0	15769.0	19621.0	24125.0	29301.0	35084.0	42506.0	51216.0	58856.0	71681.0	88981.0	116706.0	165212.0	246282.0	407666.0	584371.0	300585.0	3063.0
	9.0	10.0	11.0	12.0	13.0	14.0	15.0	16.0	17.0	18.0	19.0	20.0	21.0	22.0	23.0	24.0	25.0	26.0	27.0	28.0	29.0	30.0	31.0	32.0	33.0	34.0	35.0	36.0	37.0	38.0	39.0	40.0
cat_lagjac_MTR33134_R1	11.0	32.0	73.0	150.0	260.0	431.0	731.0	1149.0	1763.0	2584.0	3689.0	4955.0	6605.0	8747.0	11015.0	14164.0	17448.0	21844.0	26342.0	31903.0	37961.0	45927.0	54564.0	66138.0	82336.0	107098.0	151505.0	227780.0	386741.0	577155.0	316004.0	3622.0
	8.0	9.0	10.0	11.0	12.0	13.0	14.0	15.0	16.0	17.0	18.0	19.0	20.0	21.0	22.0	23.0	24.0	25.0	26.0	27.0	28.0	29.0	30.0	31.0	32.0	33.0	34.0	35.0	36.0	37.0	38.0	39.0	40.0
cat_lon_MTR16317_R1	2.0	16.0	35.0	67.0	141.0	263.0	466.0	833.0	1248.0	1752.0	2692.0	3682.0	5170.0	6714.0	8707.0	11086.0	13789.0	17039.0	20556.0	24842.0	29262.0	35099.0	41175.0	48561.0	58326.0	73752.0	98812.0	146551.0	242572.0	418885.0	420571.0	29584.0	1.0
	8.0	9.0	10.0	11.0	12.0	13.0	14.0	15.0	16.0	17.0	18.0	19.0	20.0	21.0	22.0	23.0	24.0	25.0	26.0	27.0	28.0	29.0	30.0	31.0	32.0	33.0	34.0	35.0	36.0	37.0	38.0	39.0	40.0
cat_lon_MTR16340_R1	2.0	11.0	28.0	50.0	125.0	190.0	345.0	585.0	920.0	1275.0	1837.0	2607.0	3398.0	4465.0	5938.0	7709.0	9964.0	12437.0	15444.0	19014.0	22951.0	28439.0	33701.0	40053.0	49101.0	61408.0	81419.0	117275.0	177987.0	304941.0	437358.0	201242.0	1289.0
	9.0	10.0	11.0	12.0	13.0	14.0	15.0	16.0	17.0	18.0	19.0	20.0	21.0	22.0	23.0	24.0	25.0	26.0	27.0	28.0	29.0	30.0	31.0	32.0	33.0	34.0	35.0	36.0	37.0	38.0	39.0	40.0
cat_mig_MTR19889_R1	8.0	38.0	62.0	129.0	251.0	479.0	773.0	1168.0	1779.0	2598.0	3620.0	5049.0	6779.0	8932.0	11246.0	14608.0	18032.0	22081.0	26598.0	32262.0	38429.0	45976.0	53271.0	63423.0	78692.0	102760.0	146448.0	220370.0	379175.0	557946.0	288078.0	2581.0
	9.0	10.0	11.0	12.0	13.0	14.0	15.0	16.0	17.0	18.0	19.0	20.0	21.0	22.0	23.0	24.0	25.0	26.0	27.0	28.0	29.0	30.0	31.0	32.0	33.0	34.0	35.0	36.0	37.0	38.0	39.0	40.0
cat_mig_RPD188_R1	15.0	45.0	85.0	191.0	363.0	609.0	1078.0	1695.0	2589.0	3666.0	5509.0	7343.0	10061.0	12698.0	16598.0	20419.0	25517.0	30728.0	37064.0	44135.0	52519.0	62034.0	70704.0	84175.0	105106.0	139177.0	204188.0	323989.0	555451.0	700467.0	135266.0	28.0
	9.0	10.0	11.0	12.0	13.0	14.0	15.0	16.0	17.0	18.0	19.0	20.0	21.0	22.0	23.0	24.0	25.0	26.0	27.0	28.0	29.0	30.0	31.0	32.0	33.0	34.0	35.0	36.0	37.0	38.0	39.0	40.0
cat_nilo_PEU271_R1	4.0	34.0	82.0	185.0	365.0	533.0	832.0	1382.0	1930.0	2898.0	3830.0	5230.0	6905.0	9081.0	11618.0	14806.0	18683.0	22708.0	27573.0	33763.0	41065.0	48869.0	58238.0	70820.0	88150.0	116438.0	168644.0	256026.0	440068.0	642552.0	294340.0	1859.0
	9.0	10.0	11.0	12.0	13.0	14.0	15.0	16.0	17.0	18.0	19.0	20.0	21.0	22.0	23.0	24.0	25.0	26.0	27.0	28.0	29.0	30.0	31.0	32.0	33.0	34.0	35.0	36.0	37.0	38.0	39.0	40.0
cat_oli_MD1779_R1	8.0	25.0	50.0	140.0	223.0	338.0	582.0	904.0	1322.0	1859.0	2631.0	3739.0	4990.0	6504.0	8235.0	10454.0	12786.0	15930.0	18994.0	22832.0	27195.0	32102.0	37525.0	45400.0	55741.0	72687.0	103671.0	156430.0	270941.0	399036.0	219137.0	2543.0
	9.0	10.0	11.0	12.0	13.0	14.0	15.0	16.0	17.0	18.0	19.0	20.0	21.0	22.0	23.0	24.0	25.0	26.0	27.0	28.0	29.0	30.0	31.0	32.0	33.0	34.0	35.0	36.0	37.0	38.0	39.0	40.0
cat_rem_MTR19915_R1	6.0	36.0	80.0	163.0	295.0	502.0	894.0	1356.0	2011.0	2820.0	4182.0	5637.0	7534.0	9722.0	12739.0	16460.0	20463.0	25031.0	30501.0	36569.0	44031.0	52530.0	62055.0	74859.0	93254.0	121293.0	175009.0	261294.0	447974.0	664559.0	355730.0	3693.0
	9.0	10.0	11.0	12.0	13.0	14.0	15.0	16.0	17.0	18.0	19.0	20.0	21.0	22.0	23.0	24.0	25.0	26.0	27.0	28.0	29.0	30.0	31.0	32.0	33.0	34.0	35.0	36.0	37.0	38.0	39.0	40.0
cat_rem_RPD128_R1	11.0	32.0	106.0	163.0	352.0	604.0	986.0	1434.0	2109.0	3091.0	4277.0	5704.0	7738.0	10092.0	13196.0	16462.0	20655.0	25674.0	31200.0	37996.0	45636.0	54903.0	64911.0	79520.0	99963.0	132344.0	190118.0	289475.0	484655.0	659214.0	229882.0	501.0
	8.0	9.0	10.0	11.0	12.0	13.0	14.0	15.0	16.0	17.0	18.0	19.0	20.0	21.0	22.0	23.0	24.0	25.0	26.0	27.0	28.0	29.0	30.0	31.0	32.0	33.0	34.0	35.0	36.0	37.0	38.0	39.0	40.0
cat_taquara_MTR33065_R1	7.0	14.0	50.0	98.0	214.0	330.0	623.0	984.0	1498.0	2028.0	2821.0	3915.0	5251.0	6916.0	8844.0	11432.0	14594.0	18921.0	23196.0	28863.0	34836.0	42787.0	52410.0	63712.0	78617.0	99712.0	132420.0	193752.0	302147.0	516162.0	690279.0	196653.0	184.0
	7.0	8.0	9.0	10.0	11.0	12.0	13.0	14.0	15.0	16.0	17.0	18.0	19.0	20.0	21.0	22.0	23.0	24.0	25.0	26.0	27.0	28.0	29.0	30.0	31.0	32.0	33.0	34.0	35.0	36.0	37.0	38.0	39.0	40.0
cat_taquara_MTR33145_R1	1.0	4.0	14.0	43.0	80.0	165.0	289.0	518.0	924.0	1361.0	1996.0	2969.0	4160.0	5898.0	7870.0	10133.0	13148.0	16802.0	20670.0	25570.0	30556.0	36554.0	44392.0	52224.0	59841.0	72437.0	91201.0	121384.0	177577.0	294343.0	514617.0	541009.0	40854.0	2.0
	9.0	10.0	11.0	12.0	13.0	14.0	15.0	16.0	17.0	18.0	19.0	20.0	21.0	22.0	23.0	24.0	25.0	26.0	27.0	28.0	29.0	30.0	31.0	32.0	33.0	34.0	35.0	36.0	37.0	38.0	39.0	40.0
cat_tei_MRT5815_R1	7.0	24.0	57.0	153.0	279.0	418.0	694.0	1068.0	1597.0	2114.0	3024.0	4078.0	5454.0	7110.0	9138.0	11621.0	14799.0	18215.0	22048.0	26791.0	32341.0	39111.0	46462.0	56164.0	69691.0	93036.0	133208.0	206153.0	356203.0	509954.0	189761.0	476.0
	8.0	9.0	10.0	11.0	12.0	13.0	14.0	15.0	16.0	17.0	18.0	19.0	20.0	21.0	22.0	23.0	24.0	25.0	26.0	27.0	28.0	29.0	30.0	31.0	32.0	33.0	34.0	35.0	36.0	37.0	38.0	39.0	40.0
cat_tei_MRT5816_R1	1.0	8.0	51.0	75.0	160.0	268.0	484.0	769.0	1161.0	1709.0	2341.0	3351.0	4579.0	6041.0	7928.0	10239.0	12942.0	16316.0	20295.0	24450.0	29582.0	36348.0	43222.0	50749.0	61392.0	76675.0	102047.0	149374.0	236841.0	403062.0	493617.0	97262.0	42.0
	8.0	9.0	10.0	11.0	12.0	13.0	14.0	15.0	16.0	17.0	18.0	19.0	20.0	21.0	22.0	23.0	24.0	25.0	26.0	27.0	28.0	29.0	30.0	31.0	32.0	33.0	34.0	35.0	36.0	37.0	38.0	39.0	40.0
cat_uba_PEU558_R1	1.0	6.0	40.0	77.0	171.0	345.0	535.0	896.0	1435.0	2043.0	2978.0	4128.0	5489.0	7428.0	9472.0	12454.0	15826.0	19403.0	24572.0	29827.0	35729.0	43148.0	51695.0	60932.0	73508.0	92102.0	121105.0	174828.0	258891.0	441703.0	653924.0	352609.0	4021.0
	8.0	9.0	10.0	11.0	12.0	13.0	14.0	15.0	16.0	17.0	18.0	19.0	20.0	21.0	22.0	23.0	24.0	25.0	26.0	27.0	28.0	29.0	30.0	31.0	32.0	33.0	34.0	35.0	36.0	37.0	38.0	39.0	40.0
cat_una_RPD297_R1	1.0	12.0	30.0	86.0	179.0	323.0	563.0	911.0	1433.0	2027.0	2873.0	4130.0	5624.0	7151.0	9484.0	12127.0	15564.0	19511.0	24172.0	29245.0	35175.0	42846.0	51356.0	59755.0	71842.0	89707.0	117351.0	169996.0	257707.0	446581.0	651428.0	312106.0	2188.0
	8.0	9.0	10.0	11.0	12.0	13.0	14.0	15.0	16.0	17.0	18.0	19.0	20.0	21.0	22.0	23.0	24.0	25.0	26.0	27.0	28.0	29.0	30.0	31.0	32.0	33.0	34.0	35.0	36.0	37.0	38.0	39.0	40.0
cat_una_RPD305_R1	2.0	15.0	33.0	77.0	134.0	275.0	411.0	664.0	950.0	1375.0	1943.0	2607.0	3397.0	4533.0	6009.0	7853.0	10078.0	12820.0	15976.0	19823.0	24519.0	30722.0	37275.0	44737.0	55469.0	71196.0	96101.0	141625.0	228927.0	389403.0	441330.0	55347.0	7.0
	7.0	8.0	9.0	10.0	11.0	12.0	13.0	14.0	15.0	16.0	17.0	18.0	19.0	20.0	21.0	22.0	23.0	24.0	25.0	26.0	27.0	28.0	29.0	30.0	31.0	32.0	33.0	34.0	35.0	36.0	37.0	38.0	39.0	40.0
cat_val_PEU158_R1	1.0	7.0	11.0	46.0	89.0	212.0	334.0	593.0	938.0	1377.0	1937.0	2730.0	3829.0	5295.0	7010.0	9069.0	11491.0	14760.0	18283.0	23494.0	28380.0	35296.0	43020.0	51374.0	61601.0	75273.0	94590.0	126975.0	187407.0	297559.0	518315.0	630847.0	106003.0	19.0
	8.0	9.0	10.0	11.0	12.0	13.0	14.0	15.0	16.0	17.0	18.0	19.0	20.0	21.0	22.0	23.0	24.0	25.0	26.0	27.0	28.0	29.0	30.0	31.0	32.0	33.0	34.0	35.0	36.0	37.0	38.0	39.0	40.0
cat_val_PEU196_R1	3.0	11.0	47.0	94.0	183.0	359.0	578.0	991.0	1543.0	2273.0	3168.0	4356.0	5772.0	7718.0	10332.0	12993.0	16525.0	20826.0	25377.0	31127.0	37603.0	44959.0	54531.0	65603.0	79915.0	100608.0	134091.0	197058.0	309414.0	535662.0	679454.0	140971.0	43.0
	8.0	9.0	10.0	11.0	12.0	13.0	14.0	15.0	16.0	17.0	18.0	19.0	20.0	21.0	22.0	23.0	24.0	25.0	26.0	27.0	28.0	29.0	30.0	31.0	32.0	33.0	34.0	35.0	36.0	37.0	38.0	39.0	40.0
cat_wgu_MTR22253_R1	3.0	12.0	34.0	69.0	161.0	273.0	470.0	817.0	1256.0	1745.0	2604.0	3645.0	4767.0	6539.0	8646.0	10981.0	13753.0	17390.0	21311.0	25825.0	31045.0	37441.0	44763.0	52072.0	62559.0	77988.0	102615.0	149432.0	223528.0	384139.0	558338.0	258396.0	1536.0
	8.0	9.0	10.0	11.0	12.0	13.0	14.0	15.0	16.0	17.0	18.0	19.0	20.0	21.0	22.0	23.0	24.0	25.0	26.0	27.0	28.0	29.0	30.0	31.0	32.0	33.0	34.0	35.0	36.0	37.0	38.0	39.0	40.0
cat_wgu_MTR22254_R1	1.0	16.0	37.0	73.0	150.0	266.0	445.0	858.0	1418.0	2276.0	3286.0	4620.0	6059.0	8051.0	10502.0	13254.0	16824.0	20670.0	25070.0	29579.0	35374.0	42166.0	49801.0	58030.0	69151.0	85332.0	111260.0	160291.0	236977.0	398796.0	561772.0	252858.0	1407.0
	15.0	16.0	17.0	18.0	19.0	20.0	21.0	22.0	23.0	24.0	25.0	26.0	27.0	28.0	29.0	30.0	31.0	32.0	33.0	34.0	35.0	36.0	37.0	38.0	39.0	40.0	41.0
ihe_apia_CTMZ11219_R1	1.0	2.0	9.0	40.0	108.0	163.0	326.0	559.0	916.0	1382.0	2219.0	3135.0	4513.0	5761.0	7659.0	9941.0	12459.0	15142.0	19428.0	24119.0	31313.0	41524.0	58179.0	85864.0	163929.0	1441981.0	1171987.0
	12.0	13.0	14.0	15.0	16.0	17.0	18.0	19.0	20.0	21.0	22.0	23.0	24.0	25.0	26.0	27.0	28.0	29.0	30.0	31.0	32.0	33.0	34.0	35.0	36.0	37.0	38.0	39.0	40.0	41.0
ihe_biri_3519_R1	1.0	2.0	0.0	1.0	3.0	18.0	64.0	146.0	342.0	556.0	995.0	1595.0	2310.0	3702.0	5247.0	7063.0	9056.0	11800.0	14475.0	17830.0	21854.0	26706.0	33442.0	44068.0	58331.0	78027.0	113363.0	215830.0	2138139.0	1977389.0
	12.0	13.0	14.0	15.0	16.0	17.0	18.0	19.0	20.0	21.0	22.0	23.0	24.0	25.0	26.0	27.0	28.0	29.0	30.0	31.0	32.0	33.0	34.0	35.0	36.0	37.0	38.0	39.0	40.0	41.0
ihe_biri_MRT9424_R1	1.0	1.0	2.0	0.0	4.0	12.0	40.0	89.0	210.0	396.0	689.0	1125.0	1752.0	2505.0	3418.0	4609.0	6232.0	7916.0	9984.0	12409.0	15377.0	19119.0	24104.0	31596.0	41630.0	56527.0	83399.0	158704.0	1583819.0	1397706.0
	14.0	15.0	16.0	17.0	18.0	19.0	20.0	21.0	22.0	23.0	24.0	25.0	26.0	27.0	28.0	29.0	30.0	31.0	32.0	33.0	34.0	35.0	36.0	37.0	38.0	39.0	40.0	41.0
ihe_biri_MRT9425_R1	1.0	1.0	2.0	15.0	44.0	130.0	190.0	425.0	690.0	1065.0	1708.0	2467.0	3542.0	4888.0	6411.0	8196.0	10392.0	12955.0	16063.0	20054.0	24846.0	32692.0	43069.0	58440.0	85192.0	161288.0	1586206.0	1500805.0
	15.0	16.0	17.0	18.0	19.0	20.0	21.0	22.0	23.0	24.0	25.0	26.0	27.0	28.0	29.0	30.0	31.0	32.0	33.0	34.0	35.0	36.0	37.0	38.0	39.0	40.0	41.0
ihe_camp_MTR11763_R1	2.0	7.0	20.0	64.0	187.0	356.0	642.0	1103.0	1822.0	2771.0	4089.0	5837.0	7888.0	9866.0	12513.0	15222.0	18641.0	22534.0	27636.0	34328.0	43947.0	57945.0	80848.0	119815.0	225386.0	1969871.0	1592108.0
	14.0	15.0	16.0	17.0	18.0	19.0	20.0	21.0	22.0	23.0	24.0	25.0	26.0	27.0	28.0	29.0	30.0	31.0	32.0	33.0	34.0	35.0	36.0	37.0	38.0	39.0	40.0	41.0
ihe_cana_3436_R1	1.0	2.0	5.0	11.0	47.0	121.0	222.0	447.0	750.0	1278.0	1929.0	2889.0	4032.0	5462.0	6960.0	8844.0	10921.0	13363.0	16288.0	20014.0	24555.0	31293.0	41879.0	58276.0	86519.0	165190.0	1440879.0	1165662.0
	14.0	15.0	16.0	17.0	18.0	19.0	20.0	21.0	22.0	23.0	24.0	25.0	26.0	27.0	28.0	29.0	30.0	31.0	32.0	33.0	34.0	35.0	36.0	37.0	38.0	39.0	40.0	41.0
ihe_cana_3437_R1	1.0	0.0	5.0	23.0	84.0	196.0	329.0	652.0	1067.0	1731.0	2799.0	4093.0	5968.0	7972.0	10362.0	13241.0	16705.0	20685.0	25118.0	31072.0	38604.0	49909.0	65953.0	91646.0	136589.0	259350.0	2274681.0	1832005.0
	16.0	17.0	18.0	19.0	20.0	21.0	22.0	23.0	24.0	25.0	26.0	27.0	28.0	29.0	30.0	31.0	32.0	33.0	34.0	35.0	36.0	37.0	38.0	39.0	40.0	41.0
ihe_cana_3533_R1	4.0	15.0	47.0	129.0	246.0	476.0	796.0	1283.0	2042.0	3060.0	4287.0	5811.0	7718.0	9866.0	12369.0	15032.0	18570.0	22853.0	28502.0	36096.0	48366.0	67019.0	100524.0	190288.0	1659233.0	1371621.0
	14.0	15.0	16.0	17.0	18.0	19.0	20.0	21.0	22.0	23.0	24.0	25.0	26.0	27.0	28.0	29.0	30.0	31.0	32.0	33.0	34.0	35.0	36.0	37.0	38.0	39.0	40.0	41.0
ihe_cana_3543_R1	2.0	1.0	3.0	18.0	74.0	152.0	313.0	545.0	939.0	1405.0	2211.0	3233.0	4817.0	6766.0	9023.0	11764.0	14931.0	18587.0	23339.0	29054.0	36515.0	47010.0	63248.0	87799.0	131674.0	250454.0	2212724.0	1738073.0
	16.0	17.0	18.0	19.0	20.0	21.0	22.0	23.0	24.0	25.0	26.0	27.0	28.0	29.0	30.0	31.0	32.0	33.0	34.0	35.0	36.0	37.0	38.0	39.0	40.0	41.0
ihe_coti_3420_R1	2.0	12.0	29.0	82.0	208.0	338.0	504.0	844.0	1358.0	2073.0	2868.0	4065.0	5319.0	6643.0	8349.0	10612.0	13019.0	16173.0	20020.0	26112.0	34983.0	47062.0	69203.0	131241.0	1302262.0	1215515.0
	12.0	13.0	14.0	15.0	16.0	17.0	18.0	19.0	20.0	21.0	22.0	23.0	24.0	25.0	26.0	27.0	28.0	29.0	30.0	31.0	32.0	33.0	34.0	35.0	36.0	37.0	38.0	39.0	40.0	41.0
ihe_crag_CTMZ03573_R1	1.0	0.0	1.0	1.0	12.0	34.0	48.0	108.0	231.0	437.0	776.0	1241.0	1888.0	2786.0	4089.0	5412.0	7363.0	9287.0	11723.0	14622.0	17863.0	22251.0	27755.0	35937.0	47737.0	64820.0	94335.0	180708.0	1780950.0	1702847.0
	14.0	15.0	16.0	17.0	18.0	19.0	20.0	21.0	22.0	23.0	24.0	25.0	26.0	27.0	28.0	29.0	30.0	31.0	32.0	33.0	34.0	35.0	36.0	37.0	38.0	39.0	40.0	41.0
ihe_eldo_CTMZ03592_R1	2.0	1.0	2.0	4.0	33.0	87.0	160.0	345.0	564.0	973.0	1436.0	2192.0	3264.0	4483.0	5866.0	7547.0	9616.0	12084.0	15087.0	18548.0	23477.0	30478.0	40878.0	56663.0	84710.0	161216.0	1419964.0	1155600.0
	17.0	18.0	19.0	20.0	21.0	22.0	23.0	24.0	25.0	26.0	27.0	28.0	29.0	30.0	31.0	32.0	33.0	34.0	35.0	36.0	37.0	38.0	39.0	40.0	41.0
ihe_eldo_CTMZ03593_R1	13.0	41.0	109.0	219.0	446.0	690.0	1141.0	1849.0	2587.0	3785.0	5252.0	6970.0	9317.0	11649.0	14668.0	18167.0	22509.0	28428.0	36509.0	49435.0	69173.0	102714.0	194682.0	1693264.0	1422684.0
	13.0	14.0	15.0	16.0	17.0	18.0	19.0	20.0	21.0	22.0	23.0	24.0	25.0	26.0	27.0	28.0	29.0	30.0	31.0	32.0	33.0	34.0	35.0	36.0	37.0	38.0	39.0	40.0	41.0
ihe_embu_CTMZ03569_R1	1.0	0.0	3.0	1.0	7.0	18.0	75.0	141.0	279.0	448.0	692.0	1120.0	1585.0	2299.0	3048.0	3917.0	4822.0	5791.0	7204.0	8751.0	11000.0	13521.0	17512.0	23017.0	30894.0	44972.0	85951.0	848489.0	820761.0
	16.0	17.0	18.0	19.0	20.0	21.0	22.0	23.0	24.0	25.0	26.0	27.0	28.0	29.0	30.0	31.0	32.0	33.0	34.0	35.0	36.0	37.0	38.0	39.0	40.0	41.0
ihe_grao_MTR33250_R1	7.0	19.0	69.0	154.0	364.0	612.0	1089.0	1686.0	2770.0	3936.0	5474.0	7399.0	9674.0	12118.0	15007.0	18409.0	22671.0	27987.0	34521.0	44028.0	58504.0	81279.0	120679.0	229714.0	2017927.0	1619667.0
	16.0	17.0	18.0	19.0	20.0	21.0	22.0	23.0	24.0	25.0	26.0	27.0	28.0	29.0	30.0	31.0	32.0	33.0	34.0	35.0	36.0	37.0	38.0	39.0	40.0	41.0
ihe_grao_MTR33256_R1	4.0	21.0	67.0	198.0	366.0	629.0	1029.0	1776.0	2607.0	3993.0	5460.0	7401.0	9727.0	12253.0	15040.0	18483.0	22759.0	27943.0	34441.0	43572.0	58203.0	80908.0	120927.0	232785.0	2026989.0	1581228.0
	14.0	15.0	16.0	17.0	18.0	19.0	20.0	21.0	22.0	23.0	24.0	25.0	26.0	27.0	28.0	29.0	30.0	31.0	32.0	33.0	34.0	35.0	36.0	37.0	38.0	39.0	40.0	41.0
ihe_grao_MTR33257_R1	1.0	0.0	2.0	20.0	58.0	191.0	370.0	632.0	1051.0	1755.0	2594.0	3978.0	5330.0	7321.0	9427.0	12384.0	15357.0	19096.0	23353.0	28910.0	36046.0	45457.0	62190.0	86370.0	129176.0	244917.0	2139763.0	1762151.0
	17.0	18.0	19.0	20.0	21.0	22.0	23.0	24.0	25.0	26.0	27.0	28.0	29.0	30.0	31.0	32.0	33.0	34.0	35.0	36.0	37.0	38.0	39.0	40.0	41.0
ihe_grao_MTR33258_R1	12.0	36.0	115.0	216.0	394.0	608.0	1067.0	1620.0	2432.0	3374.0	4654.0	5959.0	7497.0	9543.0	11296.0	14042.0	16976.0	21127.0	26714.0	35189.0	49024.0	72725.0	139686.0	1221154.0	929518.0
	16.0	17.0	18.0	19.0	20.0	21.0	22.0	23.0	24.0	25.0	26.0	27.0	28.0	29.0	30.0	31.0	32.0	33.0	34.0	35.0	36.0	37.0	38.0	39.0	40.0	41.0
ihe_igua_3574_R1	2.0	6.0	31.0	78.0	141.0	252.0	447.0	691.0	1126.0	1607.0	2389.0	3336.0	4514.0	5949.0	7627.0	9599.0	12049.0	14970.0	19225.0	24576.0	33431.0	46315.0	69550.0	132537.0	1165855.0	950708.0
	14.0	15.0	16.0	17.0	18.0	19.0	20.0	21.0	22.0	23.0	24.0	25.0	26.0	27.0	28.0	29.0	30.0	31.0	32.0	33.0	34.0	35.0	36.0	37.0	38.0	39.0	40.0	41.0
ihe_ipor_CTMZ11223_R1	1.0	1.0	0.0	6.0	18.0	64.0	130.0	248.0	428.0	703.0	1040.0	1645.0	2309.0	3225.0	4249.0	5349.0	6515.0	8129.0	10043.0	12444.0	15653.0	19933.0	26551.0	36911.0	55072.0	104630.0	919585.0	736000.0
	15.0	16.0	17.0	18.0	19.0	20.0	21.0	22.0	23.0	24.0	25.0	26.0	27.0	28.0	29.0	30.0	31.0	32.0	33.0	34.0	35.0	36.0	37.0	38.0	39.0	40.0	41.0
ihe_jacu_3588_R1	2.0	2.0	14.0	68.0	156.0	361.0	608.0	1061.0	1593.0	2544.0	3668.0	5058.0	6948.0	9049.0	11592.0	14428.0	17888.0	22023.0	26805.0	33401.0	42500.0	56328.0	78530.0	117252.0	221941.0	1950283.0	1552299.0
	13.0	14.0	15.0	16.0	17.0	18.0	19.0	20.0	21.0	22.0	23.0	24.0	25.0	26.0	27.0	28.0	29.0	30.0	31.0	32.0	33.0	34.0	35.0	36.0	37.0	38.0	39.0	40.0	41.0
ihe_jacu_3593_R1	1.0	1.0	1.0	3.0	13.0	46.0	90.0	221.0	449.0	706.0	1109.0	1630.0	2430.0	3395.0	4691.0	6115.0	7590.0	9695.0	11725.0	14465.0	17566.0	21887.0	28042.0	37435.0	51873.0	77295.0	146508.0	1277288.0	1088318.0
	16.0	17.0	18.0	19.0	20.0	21.0	22.0	23.0	24.0	25.0	26.0	27.0	28.0	29.0	30.0	31.0	32.0	33.0	34.0	35.0	36.0	37.0	38.0	39.0	40.0	41.0
ihe_jacu_3594_R1	2.0	17.0	48.0	133.0	278.0	440.0	700.0	1083.0	1663.0	2483.0	3457.0	5002.0	6625.0	8621.0	11224.0	14190.0	17140.0	21446.0	27194.0	34560.0	46429.0	65365.0	97124.0	183888.0	1615139.0	1290729.0
	16.0	17.0	18.0	19.0	20.0	21.0	22.0	23.0	24.0	25.0	26.0	27.0	28.0	29.0	30.0	31.0	32.0	33.0	34.0	35.0	36.0	37.0	38.0	39.0	40.0	41.0
ihe_jara_MTR21218_R1	1.0	12.0	37.0	132.0	293.0	533.0	800.0	1317.0	2043.0	3142.0	4379.0	5842.0	7613.0	9621.0	12065.0	15064.0	18455.0	22837.0	28225.0	35812.0	47684.0	66294.0	99331.0	189877.0	1674871.0	1303528.0
	15.0	16.0	17.0	18.0	19.0	20.0	21.0	22.0	23.0	24.0	25.0	26.0	27.0	28.0	29.0	30.0	31.0	32.0	33.0	34.0	35.0	36.0	37.0	38.0	39.0	40.0	41.0
ihe_juqi_CX87_15_R1	1.0	1.0	5.0	28.0	58.0	147.0	286.0	479.0	727.0	1123.0	1717.0	2349.0	3354.0	4357.0	5725.0	7048.0	8963.0	11499.0	14215.0	17888.0	22780.0	31043.0	42867.0	64216.0	121127.0	1061189.0	860646.0
	16.0	17.0	18.0	19.0	20.0	21.0	22.0	23.0	24.0	25.0	26.0	27.0	28.0	29.0	30.0	31.0	32.0	33.0	34.0	35.0	36.0	37.0	38.0	39.0	40.0	41.0
ihe_juqi_H0160_R1	2.0	19.0	54.0	142.0	248.0	484.0	822.0	1156.0	1701.0	2559.0	3722.0	5305.0	6841.0	9060.0	11182.0	14424.0	18089.0	23065.0	29102.0	37548.0	50525.0	71222.0	106542.0	202246.0	1770247.0	1422854.0
	15.0	16.0	17.0	18.0	19.0	20.0	21.0	22.0	23.0	24.0	25.0	26.0	27.0	28.0	29.0	30.0	31.0	32.0	33.0	34.0	35.0	36.0	37.0	38.0	39.0	40.0	41.0
ihe_juqi_H0189_R1	1.0	2.0	8.0	42.0	126.0	276.0	454.0	742.0	1167.0	1770.0	2712.0	3704.0	5058.0	6506.0	8184.0	10250.0	12726.0	15573.0	19349.0	23921.0	30501.0	40868.0	56739.0	84882.0	160872.0	1417180.0	1148733.0
	15.0	16.0	17.0	18.0	19.0	20.0	21.0	22.0	23.0	24.0	25.0	26.0	27.0	28.0	29.0	30.0	31.0	32.0	33.0	34.0	35.0	36.0	37.0	38.0	39.0	40.0	41.0
ihe_juqi_H0199_R1	2.0	5.0	29.0	94.0	212.0	474.0	877.0	1521.0	2323.0	3535.0	5254.0	7417.0	10059.0	12880.0	16470.0	20100.0	25021.0	30655.0	37728.0	46810.0	59473.0	79799.0	110505.0	163672.0	309705.0	2716685.0	2127081.0
	14.0	15.0	16.0	17.0	18.0	19.0	20.0	21.0	22.0	23.0	24.0	25.0	26.0	27.0	28.0	29.0	30.0	31.0	32.0	33.0	34.0	35.0	36.0	37.0	38.0	39.0	40.0	41.0
ihe_mira_CTMZ03575_R1	1.0	0.0	0.0	11.0	36.0	108.0	225.0	478.0	840.0	1283.0	2034.0	3073.0	4363.0	5939.0	7867.0	9989.0	12669.0	15782.0	19466.0	23928.0	30157.0	38569.0	51708.0	71798.0	106952.0	203185.0	1769405.0	1477448.0
	12.0	13.0	14.0	15.0	16.0	17.0	18.0	19.0	20.0	21.0	22.0	23.0	24.0	25.0	26.0	27.0	28.0	29.0	30.0	31.0	32.0	33.0	34.0	35.0	36.0	37.0	38.0	39.0	40.0	41.0
ihe_parn_MTR14053_R1	1.0	1.0	3.0	2.0	7.0	20.0	58.0	184.0	379.0	662.0	1189.0	1836.0	2814.0	4181.0	5800.0	7991.0	10703.0	13213.0	16412.0	20329.0	25065.0	31275.0	38935.0	50820.0	66928.0	89730.0	130836.0	248400.0	2447621.0	2292686.0
	15.0	16.0	17.0	18.0	19.0	20.0	21.0	22.0	23.0	24.0	25.0	26.0	27.0	28.0	29.0	30.0	31.0	32.0	33.0	34.0	35.0	36.0	37.0	38.0	39.0	40.0	41.0
ihe_parn_MTR14054_R1	2.0	3.0	9.0	43.0	99.0	265.0	450.0	762.0	1051.0	1647.0	2401.0	3530.0	4923.0	6364.0	8254.0	10181.0	12714.0	15579.0	19503.0	24335.0	31050.0	41476.0	58059.0	85806.0	162145.0	1431890.0	1156267.0
	12.0	13.0	14.0	15.0	16.0	17.0	18.0	19.0	20.0	21.0	22.0	23.0	24.0	25.0	26.0	27.0	28.0	29.0	30.0	31.0	32.0	33.0	34.0	35.0	36.0	37.0	38.0	39.0	40.0	41.0
ihe_parn_MTR14059_R1	1.0	1.0	0.0	0.0	2.0	10.0	34.0	99.0	205.0	406.0	743.0	1147.0	1837.0	2637.0	3865.0	4980.0	6614.0	8014.0	9830.0	12347.0	14994.0	18226.0	22715.0	28665.0	38450.0	53572.0	79614.0	150569.0	1330168.0	1060527.0
	13.0	14.0	15.0	16.0	17.0	18.0	19.0	20.0	21.0	22.0	23.0	24.0	25.0	26.0	27.0	28.0	29.0	30.0	31.0	32.0	33.0	34.0	35.0	36.0	37.0	38.0	39.0	40.0	41.0
ihe_peru_LG929_R1	2.0	0.0	0.0	5.0	12.0	61.0	159.0	371.0	634.0	1120.0	1766.0	2635.0	3777.0	5415.0	7214.0	9812.0	12440.0	15399.0	19218.0	23689.0	29545.0	36970.0	47825.0	62868.0	88361.0	131336.0	250185.0	2184309.0	1803102.0
	13.0	14.0	15.0	16.0	17.0	18.0	19.0	20.0	21.0	22.0	23.0	24.0	25.0	26.0	27.0	28.0	29.0	30.0	31.0	32.0	33.0	34.0	35.0	36.0	37.0	38.0	39.0	40.0	41.0
ihe_pied_LG2250_R1	1.0	1.0	1.0	0.0	15.0	43.0	132.0	264.0	401.0	616.0	980.0	1393.0	2157.0	3059.0	4131.0	5544.0	7219.0	9138.0	11707.0	14736.0	18344.0	23532.0	30141.0	40528.0	56697.0	85382.0	161807.0	1407634.0	1155192.0
	15.0	16.0	17.0	18.0	19.0	20.0	21.0	22.0	23.0	24.0	25.0	26.0	27.0	28.0	29.0	30.0	31.0	32.0	33.0	34.0	35.0	36.0	37.0	38.0	39.0	40.0	41.0
ihe_pila_LG1383_R1	2.0	4.0	14.0	66.0	171.0	395.0	663.0	1120.0	1823.0	2731.0	4131.0	5737.0	7832.0	10077.0	12698.0	16084.0	19815.0	24165.0	30217.0	37284.0	47669.0	63157.0	87828.0	130604.0	247313.0	2168266.0	1752329.0
	13.0	14.0	15.0	16.0	17.0	18.0	19.0	20.0	21.0	22.0	23.0	24.0	25.0	26.0	27.0	28.0	29.0	30.0	31.0	32.0	33.0	34.0	35.0	36.0	37.0	38.0	39.0	40.0	41.0
ihe_prai_UFRGST2987_R1	1.0	1.0	2.0	4.0	20.0	72.0	214.0	433.0	667.0	1123.0	1808.0	2757.0	4125.0	5838.0	7919.0	10451.0	13695.0	17177.0	21497.0	26470.0	32721.0	41294.0	53036.0	69962.0	97692.0	145968.0	278063.0	2424409.0	1947193.0
	14.0	15.0	16.0	17.0	18.0	19.0	20.0	21.0	22.0	23.0	24.0	25.0	26.0	27.0	28.0	29.0	30.0	31.0	32.0	33.0	34.0	35.0	36.0	37.0	38.0	39.0	40.0	41.0
ihe_prai_UFRGST2988_R1	1.0	0.0	5.0	22.0	71.0	195.0	344.0	611.0	961.0	1562.0	2345.0	3587.0	5025.0	6674.0	8527.0	10913.0	13614.0	16730.0	20609.0	25165.0	31499.0	39555.0	52844.0	73930.0	110532.0	210014.0	1817536.0	1561555.0
	12.0	13.0	14.0	15.0	16.0	17.0	18.0	19.0	20.0	21.0	22.0	23.0	24.0	25.0	26.0	27.0	28.0	29.0	30.0	31.0	32.0	33.0	34.0	35.0	36.0	37.0	38.0	39.0	40.0	41.0
ihe_ribe_CTMZ10467_R1	1.0	0.0	0.0	2.0	11.0	17.0	58.0	137.0	310.0	556.0	889.0	1429.0	2252.0	3336.0	4696.0	6314.0	8183.0	10428.0	13069.0	15623.0	19293.0	23851.0	29699.0	38906.0	50941.0	68082.0	99585.0	189437.0	1876092.0	1759613.0
	13.0	14.0	15.0	16.0	17.0	18.0	19.0	20.0	21.0	22.0	23.0	24.0	25.0	26.0	27.0	28.0	29.0	30.0	31.0	32.0	33.0	34.0	35.0	36.0	37.0	38.0	39.0	40.0	41.0
ihe_sale_A1D1_R1	1.0	1.0	0.0	6.0	16.0	43.0	138.0	285.0	569.0	882.0	1424.0	2250.0	3238.0	4669.0	6438.0	8234.0	10535.0	13242.0	15919.0	19912.0	24445.0	30289.0	39627.0	53200.0	70827.0	103481.0	197476.0	1945703.0	1801440.0
	14.0	15.0	16.0	17.0	18.0	19.0	20.0	21.0	22.0	23.0	24.0	25.0	26.0	27.0	28.0	29.0	30.0	31.0	32.0	33.0	34.0	35.0	36.0	37.0	38.0	39.0	40.0	41.0
ihe_sale_A1_R1	1.0	0.0	4.0	6.0	30.0	109.0	250.0	484.0	933.0	1471.0	2222.0	3325.0	4899.0	6430.0	8410.0	10546.0	12954.0	15958.0	19515.0	24074.0	29926.0	38558.0	49968.0	67370.0	98939.0	188914.0	1895930.0	1668794.0
	13.0	14.0	15.0	16.0	17.0	18.0	19.0	20.0	21.0	22.0	23.0	24.0	25.0	26.0	27.0	28.0	29.0	30.0	31.0	32.0	33.0	34.0	35.0	36.0	37.0	38.0	39.0	40.0	41.0
ihe_sale_D2_R1	1.0	1.0	2.0	3.0	9.0	35.0	82.0	205.0	364.0	657.0	941.0	1500.0	2007.0	3068.0	4344.0	5610.0	7425.0	9650.0	12390.0	16050.0	20442.0	25912.0	34262.0	45873.0	61915.0	91889.0	175411.0	1768174.0	1517668.0
	16.0	17.0	18.0	19.0	20.0	21.0	22.0	23.0	24.0	25.0	26.0	27.0	28.0	29.0	30.0	31.0	32.0	33.0	34.0	35.0	36.0	37.0	38.0	39.0	40.0	41.0
ihe_saop_CTMZ13588_R1	3.0	15.0	53.0	120.0	226.0	388.0	621.0	908.0	1445.0	2129.0	3143.0	4432.0	5972.0	7842.0	10061.0	12627.0	15955.0	20248.0	25574.0	33711.0	45121.0	60323.0	89255.0	169455.0	1679518.0	1618351.0
	12.0	13.0	14.0	15.0	16.0	17.0	18.0	19.0	20.0	21.0	22.0	23.0	24.0	25.0	26.0	27.0	28.0	29.0	30.0	31.0	32.0	33.0	34.0	35.0	36.0	37.0	38.0	39.0	40.0	41.0
ihe_sber_ITH0155_R1	1.0	2.0	4.0	1.0	7.0	15.0	76.0	188.0	377.0	692.0	1038.0	1644.0	2601.0	3904.0	5540.0	7605.0	10080.0	12883.0	16059.0	20069.0	24952.0	30714.0	38842.0	50534.0	67590.0	89684.0	130846.0	249394.0	2463093.0	2247709.0
	15.0	16.0	17.0	18.0	19.0	20.0	21.0	22.0	23.0	24.0	25.0	26.0	27.0	28.0	29.0	30.0	31.0	32.0	33.0	34.0	35.0	36.0	37.0	38.0	39.0	40.0	41.0
ihe_sete_3117_R1	1.0	2.0	5.0	24.0	90.0	197.0	358.0	602.0	1005.0	1505.0	2212.0	3069.0	4162.0	5435.0	6793.0	8480.0	10601.0	13283.0	16385.0	20356.0	26023.0	34602.0	47978.0	71854.0	136362.0	1210055.0	948010.0
	15.0	16.0	17.0	18.0	19.0	20.0	21.0	22.0	23.0	24.0	25.0	26.0	27.0	28.0	29.0	30.0	31.0	32.0	33.0	34.0	35.0	36.0	37.0	38.0	39.0	40.0	41.0
ihe_stan_MTR10414_R1	1.0	5.0	7.0	25.0	73.0	169.0	337.0	550.0	934.0	1406.0	2080.0	2942.0	3907.0	5178.0	6648.0	8397.0	10502.0	12961.0	15954.0	19766.0	26030.0	34091.0	45983.0	67288.0	127067.0	1258781.0	1168902.0
	12.0	13.0	14.0	15.0	16.0	17.0	18.0	19.0	20.0	21.0	22.0	23.0	24.0	25.0	26.0	27.0	28.0	29.0	30.0	31.0	32.0	33.0	34.0	35.0	36.0	37.0	38.0	39.0	40.0	41.0
per_alto_MTR10788_R1	1.0	0.0	3.0	6.0	23.0	42.0	122.0	252.0	474.0	789.0	1289.0	2129.0	3094.0	4533.0	6244.0	8478.0	11127.0	14184.0	17700.0	21615.0	26612.0	33147.0	41456.0	53585.0	70958.0	95457.0	139096.0	266523.0	2621273.0	2396117.0
	13.0	14.0	15.0	16.0	17.0	18.0	19.0	20.0	21.0	22.0	23.0	24.0	25.0	26.0	27.0	28.0	29.0	30.0	31.0	32.0	33.0	34.0	35.0	36.0	37.0	38.0	39.0	40.0	41.0
per_alto_MTR10846_R1	1.0	4.0	12.0	17.0	28.0	51.0	123.0	210.0	380.0	607.0	1038.0	1652.0	2428.0	3324.0	4413.0	5770.0	7331.0	9111.0	11270.0	13724.0	17264.0	21163.0	27968.0	37304.0	50021.0	73165.0	139235.0	1366396.0	1289913.0
	14.0	15.0	16.0	17.0	18.0	19.0	20.0	21.0	22.0	23.0	24.0	25.0	26.0	27.0	28.0	29.0	30.0	31.0	32.0	33.0	34.0	35.0	36.0	37.0	38.0	39.0	40.0	41.0
per_bana_CTMZ03176_R1	2.0	3.0	13.0	22.0	64.0	129.0	266.0	492.0	855.0	1411.0	2117.0	3205.0	4340.0	5989.0	7614.0	9152.0	11435.0	14163.0	17244.0	21222.0	26376.0	34006.0	45587.0	61213.0	90053.0	171790.0	1709083.0	1483666.0
	12.0	13.0	14.0	15.0	16.0	17.0	18.0	19.0	20.0	21.0	22.0	23.0	24.0	25.0	26.0	27.0	28.0	29.0	30.0	31.0	32.0	33.0	34.0	35.0	36.0	37.0	38.0	39.0	40.0	41.0
per_bana_CTMZ03177_R1	1.0	0.0	1.0	15.0	31.0	42.0	105.0	182.0	385.0	659.0	1045.0	1671.0	2435.0	3505.0	4875.0	6557.0	8340.0	10716.0	13121.0	16093.0	19686.0	24212.0	29989.0	39469.0	51939.0	70461.0	102854.0	195539.0	1912609.0	1864730.0
	13.0	14.0	15.0	16.0	17.0	18.0	19.0	20.0	21.0	22.0	23.0	24.0	25.0	26.0	27.0	28.0	29.0	30.0	31.0	32.0	33.0	34.0	35.0	36.0	37.0	38.0	39.0	40.0	41.0
per_bana_CTMZ03179_R1	1.0	1.0	10.0	19.0	35.0	70.0	127.0	346.0	578.0	1007.0	1700.0	2335.0	3358.0	4912.0	6742.0	8659.0	11495.0	14223.0	17808.0	22014.0	27601.0	34409.0	44915.0	59884.0	81262.0	120030.0	228547.0	2256976.0	2099576.0
	17.0	18.0	19.0	20.0	21.0	22.0	23.0	24.0	25.0	26.0	27.0	28.0	29.0	30.0	31.0	32.0	33.0	34.0	35.0	36.0	37.0	38.0	39.0	40.0	41.0
per_bana_CTMZ03943_R1	1.0	3.0	18.0	31.0	82.0	126.0	238.0	407.0	721.0	1024.0	1431.0	1995.0	2588.0	3180.0	3997.0	5006.0	6178.0	7708.0	10109.0	13370.0	17951.0	26507.0	50601.0	530303.0	494778.0
	9.0	10.0	11.0	12.0	13.0	14.0	15.0	16.0	17.0	18.0	19.0	20.0	21.0	22.0	23.0	24.0	25.0	26.0	27.0	28.0	29.0	30.0	31.0	32.0	33.0	34.0	35.0	36.0	37.0	38.0	39.0	40.0
per_buri_H0309_R1	7.0	26.0	57.0	104.0	155.0	271.0	511.0	805.0	1178.0	1707.0	2543.0	3605.0	4797.0	6261.0	8306.0	10589.0	13297.0	16785.0	20265.0	24891.0	29617.0	35646.0	41850.0	50599.0	62789.0	83184.0	119491.0	181289.0	313279.0	453214.0	223612.0	2058.0
	14.0	15.0	16.0	17.0	18.0	19.0	20.0	21.0	22.0	23.0	24.0	25.0	26.0	27.0	28.0	29.0	30.0	31.0	32.0	33.0	34.0	35.0	36.0	37.0	38.0	39.0	40.0	41.0
per_buri_H0310_R1	1.0	8.0	13.0	23.0	67.0	178.0	357.0	641.0	1156.0	1917.0	2963.0	4046.0	5709.0	7485.0	9268.0	11570.0	13983.0	16787.0	19943.0	24598.0	30444.0	39504.0	52166.0	69558.0	102186.0	194569.0	1931067.0	1785261.0
	14.0	15.0	16.0	17.0	18.0	19.0	20.0	21.0	22.0	23.0	24.0	25.0	26.0	27.0	28.0	29.0	30.0	31.0	32.0	33.0	34.0	35.0	36.0	37.0	38.0	39.0	40.0	41.0
per_buri_H0318_R1	3.0	4.0	14.0	34.0	69.0	162.0	314.0	564.0	881.0	1477.0	2254.0	3368.0	4749.0	6439.0	8492.0	10703.0	13112.0	16187.0	20083.0	24852.0	30913.0	40514.0	53789.0	72103.0	105527.0	199686.0	1979642.0	1848177.0
	14.0	15.0	16.0	17.0	18.0	19.0	20.0	21.0	22.0	23.0	24.0	25.0	26.0	27.0	28.0	29.0	30.0	31.0	32.0	33.0	34.0	35.0	36.0	37.0	38.0	39.0	40.0	41.0
per_cris_CTMZ03587_R1	10.0	12.0	25.0	42.0	87.0	159.0	329.0	539.0	884.0	1464.0	2211.0	3250.0	4465.0	6140.0	7812.0	9795.0	12132.0	14741.0	17863.0	22198.0	27646.0	35622.0	46973.0	62937.0	92068.0	175575.0	1741508.0	1632097.0
	13.0	14.0	15.0	16.0	17.0	18.0	19.0	20.0	21.0	22.0	23.0	24.0	25.0	26.0	27.0	28.0	29.0	30.0	31.0	32.0	33.0	34.0	35.0	36.0	37.0	38.0	39.0	40.0	41.0
per_cunh_3317_R1	1.0	2.0	0.0	3.0	25.0	56.0	184.0	356.0	624.0	1156.0	1706.0	2507.0	3652.0	5230.0	7117.0	9063.0	11973.0	14942.0	18550.0	22765.0	28369.0	36190.0	46684.0	61509.0	84119.0	122816.0	234591.0	2338398.0	2083057.0
	14.0	15.0	16.0	17.0	18.0	19.0	20.0	21.0	22.0	23.0	24.0	25.0	26.0	27.0	28.0	29.0	30.0	31.0	32.0	33.0	34.0	35.0	36.0	37.0	38.0	39.0	40.0	41.0
per_divi_MTR15785_R1	1.0	5.0	11.0	16.0	28.0	78.0	164.0	277.0	473.0	701.0	1026.0	1437.0	2103.0	2912.0	3893.0	5187.0	6665.0	8365.0	10541.0	13311.0	16876.0	22045.0	29529.0	40086.0	58938.0	113123.0	1113584.0	1028921.0
	15.0	16.0	17.0	18.0	19.0	20.0	21.0	22.0	23.0	24.0	25.0	26.0	27.0	28.0	29.0	30.0	31.0	32.0	33.0	34.0	35.0	36.0	37.0	38.0	39.0	40.0	41.0
per_ibit_MTR26245_R1	8.0	14.0	24.0	50.0	93.0	258.0	420.0	648.0	1004.0	1569.0	2311.0	3401.0	4440.0	5877.0	7375.0	9231.0	11128.0	13512.0	16482.0	20721.0	27132.0	35990.0	48040.0	70236.0	133671.0	1323355.0	1204472.0
	13.0	14.0	15.0	16.0	17.0	18.0	19.0	20.0	21.0	22.0	23.0	24.0	25.0	26.0	27.0	28.0	29.0	30.0	31.0	32.0	33.0	34.0	35.0	36.0	37.0	38.0	39.0	40.0	41.0
per_iper_MTR15554_R1	1.0	3.0	10.0	26.0	23.0	82.0	159.0	313.0	571.0	857.0	1431.0	2283.0	3240.0	4740.0	6221.0	8113.0	10139.0	12464.0	15436.0	19690.0	23962.0	30374.0	39508.0	52935.0	70860.0	104129.0	199150.0	1986694.0	1770877.0
	13.0	14.0	15.0	16.0	17.0	18.0	19.0	20.0	21.0	22.0	23.0	24.0	25.0	26.0	27.0	28.0	29.0	30.0	31.0	32.0	33.0	34.0	35.0	36.0	37.0	38.0	39.0	40.0	41.0
per_iper_MTR15555_R1	1.0	5.0	9.0	21.0	22.0	46.0	148.0	286.0	495.0	831.0	1358.0	2109.0	2980.0	4346.0	5665.0	7397.0	9398.0	11441.0	14184.0	17412.0	21628.0	27240.0	34777.0	46692.0	62812.0	91373.0	173634.0	1702007.0	1629000.0
	14.0	15.0	16.0	17.0	18.0	19.0	20.0	21.0	22.0	23.0	24.0	25.0	26.0	27.0	28.0	29.0	30.0	31.0	32.0	33.0	34.0	35.0	36.0	37.0	38.0	39.0	40.0	41.0
per_itam_MTR23721_R1	3.0	7.0	17.0	38.0	83.0	155.0	325.0	577.0	916.0	1362.0	2040.0	3018.0	4314.0	6007.0	7916.0	10058.0	12715.0	16212.0	19947.0	24875.0	31446.0	41651.0	55635.0	75018.0	109924.0	210987.0	2095138.0	1872414.0
	13.0	14.0	15.0	16.0	17.0	18.0	19.0	20.0	21.0	22.0	23.0	24.0	25.0	26.0	27.0	28.0	29.0	30.0	31.0	32.0	33.0	34.0	35.0	36.0	37.0	38.0	39.0	40.0	41.0
per_itam_MTR23815_R1	2.0	2.0	8.0	3.0	11.0	52.0	123.0	230.0	365.0	581.0	974.0	1452.0	2198.0	2981.0	3936.0	5212.0	6652.0	8125.0	9897.0	12300.0	14988.0	18623.0	24170.0	32253.0	43529.0	64065.0	121900.0	1195868.0	1144612.0
	12.0	13.0	14.0	15.0	16.0	17.0	18.0	19.0	20.0	21.0	22.0	23.0	24.0	25.0	26.0	27.0	28.0	29.0	30.0	31.0	32.0	33.0	34.0	35.0	36.0	37.0	38.0	39.0	40.0	41.0
per_itam_MTR23818_R1	1.0	1.0	6.0	18.0	27.0	34.0	73.0	137.0	268.0	508.0	745.0	1251.0	1690.0	2517.0	3616.0	4866.0	6435.0	8288.0	10820.0	13686.0	17101.0	21044.0	26627.0	35539.0	46822.0	63892.0	94040.0	179607.0	1787081.0	1617264.0
	13.0	14.0	15.0	16.0	17.0	18.0	19.0	20.0	21.0	22.0	23.0	24.0	25.0	26.0	27.0	28.0	29.0	30.0	31.0	32.0	33.0	34.0	35.0	36.0	37.0	38.0	39.0	40.0	41.0
per_itat_MTR26247_R1	1.0	5.0	15.0	16.0	38.0	76.0	134.0	298.0	493.0	735.0	1283.0	2077.0	3062.0	4387.0	5826.0	7593.0	9325.0	11581.0	14127.0	17476.0	21137.0	26513.0	34290.0	45733.0	60498.0	89373.0	170496.0	1705945.0	1508362.0
	14.0	15.0	16.0	17.0	18.0	19.0	20.0	21.0	22.0	23.0	24.0	25.0	26.0	27.0	28.0	29.0	30.0	31.0	32.0	33.0	34.0	35.0	36.0	37.0	38.0	39.0	40.0	41.0
per_itat_MTR26248_R1	2.0	10.0	14.0	42.0	73.0	150.0	317.0	487.0	880.0	1446.0	2123.0	3262.0	4353.0	5981.0	7639.0	9734.0	11955.0	14785.0	17700.0	21977.0	26974.0	35644.0	46898.0	63276.0	93230.0	177291.0	1758876.0	1663644.0
	14.0	15.0	16.0	17.0	18.0	19.0	20.0	21.0	22.0	23.0	24.0	25.0	26.0	27.0	28.0	29.0	30.0	31.0	32.0	33.0	34.0	35.0	36.0	37.0	38.0	39.0	40.0	41.0
per_mair_CTMZ11192_R1	1.0	8.0	10.0	33.0	44.0	101.0	198.0	298.0	536.0	818.0	1398.0	1940.0	2744.0	3799.0	4787.0	6003.0	7642.0	9327.0	11426.0	14284.0	17927.0	23232.0	30570.0	41251.0	60597.0	116101.0	1158050.0	1028372.0
	14.0	15.0	16.0	17.0	18.0	19.0	20.0	21.0	22.0	23.0	24.0	25.0	26.0	27.0	28.0	29.0	30.0	31.0	32.0	33.0	34.0	35.0	36.0	37.0	38.0	39.0	40.0	41.0
per_mair_CTMZ11193_R1	1.0	5.0	17.0	21.0	48.0	104.0	216.0	369.0	546.0	889.0	1314.0	1879.0	2623.0	3711.0	4889.0	6106.0	8017.0	9925.0	13117.0	15924.0	20717.0	26948.0	35898.0	48883.0	71252.0	135770.0	1339376.0	1213280.0
	15.0	16.0	17.0	18.0	19.0	20.0	21.0	22.0	23.0	24.0	25.0	26.0	27.0	28.0	29.0	30.0	31.0	32.0	33.0	34.0	35.0	36.0	37.0	38.0	39.0	40.0	41.0
per_nova_MTR17782_R1	7.0	11.0	31.0	49.0	105.0	221.0	392.0	654.0	985.0	1405.0	2141.0	2993.0	4261.0	5331.0	6979.0	8970.0	11311.0	14213.0	17753.0	22565.0	29425.0	39504.0	53069.0	77897.0	146706.0	1453389.0	1406841.0
	15.0	16.0	17.0	18.0	19.0	20.0	21.0	22.0	23.0	24.0	25.0	26.0	27.0	28.0	29.0	30.0	31.0	32.0	33.0	34.0	35.0	36.0	37.0	38.0	39.0	40.0	41.0
per_nova_MTR21282_R1	3.0	18.0	27.0	72.0	121.0	234.0	389.0	649.0	926.0	1443.0	1988.0	2961.0	3996.0	5312.0	6704.0	8329.0	10770.0	13165.0	16742.0	20780.0	27866.0	36389.0	49434.0	72370.0	138188.0	1369063.0	1284105.0
	13.0	14.0	15.0	16.0	17.0	18.0	19.0	20.0	21.0	22.0	23.0	24.0	25.0	26.0	27.0	28.0	29.0	30.0	31.0	32.0	33.0	34.0	35.0	36.0	37.0	38.0	39.0	40.0	41.0
per_nova_MTR39299_R1	1.0	2.0	17.0	33.0	43.0	101.0	186.0	352.0	627.0	1026.0	1561.0	2319.0	3394.0	4868.0	6555.0	8540.0	10786.0	13278.0	16460.0	20091.0	24713.0	31047.0	39820.0	52696.0	70814.0	104172.0	199254.0	1967001.0	1793974.0
	12.0	13.0	14.0	15.0	16.0	17.0	18.0	19.0	20.0	21.0	22.0	23.0	24.0	25.0	26.0	27.0	28.0	29.0	30.0	31.0	32.0	33.0	34.0	35.0	36.0	37.0	38.0	39.0	40.0	41.0
per_orti_IIH129_R1	1.0	1.0	0.0	3.0	6.0	21.0	74.0	217.0	388.0	646.0	975.0	1415.0	2003.0	3036.0	4231.0	5809.0	7569.0	9705.0	12502.0	15585.0	19961.0	25054.0	31787.0	41613.0	55747.0	76108.0	112022.0	212191.0	2091283.0	1958172.0
	12.0	13.0	14.0	15.0	16.0	17.0	18.0	19.0	20.0	21.0	22.0	23.0	24.0	25.0	26.0	27.0	28.0	29.0	30.0	31.0	32.0	33.0	34.0	35.0	36.0	37.0	38.0	39.0	40.0	41.0
per_parn_MTR14060_R1	1.0	0.0	0.0	3.0	25.0	30.0	56.0	110.0	201.0	350.0	649.0	908.0	1537.0	2271.0	3150.0	4351.0	5603.0	7123.0	8854.0	11013.0	13550.0	16991.0	20941.0	27305.0	36085.0	48438.0	71592.0	135354.0	1343826.0	1250260.0
	13.0	14.0	15.0	16.0	17.0	18.0	19.0	20.0	21.0	22.0	23.0	24.0	25.0	26.0	27.0	28.0	29.0	30.0	31.0	32.0	33.0	34.0	35.0	36.0	37.0	38.0	39.0	40.0	41.0
per_parn_MTR14061_R1	1.0	1.0	4.0	6.0	14.0	40.0	112.0	214.0	332.0	565.0	954.0	1358.0	2127.0	2905.0	4011.0	5127.0	6608.0	8067.0	10257.0	12304.0	15430.0	19266.0	24841.0	32997.0	44847.0	65529.0	124769.0	1231031.0	1146447.0
	13.0	14.0	15.0	16.0	17.0	18.0	19.0	20.0	21.0	22.0	23.0	24.0	25.0	26.0	27.0	28.0	29.0	30.0	31.0	32.0	33.0	34.0	35.0	36.0	37.0	38.0	39.0	40.0	41.0
per_petr_MTR22695_R1	1.0	1.0	2.0	8.0	26.0	40.0	107.0	195.0	269.0	590.0	841.0	1211.0	1815.0	2564.0	3480.0	4605.0	5755.0	7290.0	8931.0	11065.0	13482.0	17325.0	22415.0	29867.0	39851.0	58667.0	112283.0	1105368.0	1041736.0
	7.0	8.0	9.0	10.0	11.0	12.0	13.0	14.0	15.0	16.0	17.0	18.0	19.0	20.0	21.0	22.0	23.0	24.0	25.0	26.0	27.0	28.0	29.0	30.0	31.0	32.0	33.0	34.0	35.0	36.0	37.0	38.0	39.0	40.0	41.0
per_petr_MTR22755_concat_R1	1.0	1.0	1.0	43.0	76.0	151.0	251.0	453.0	771.0	1199.0	1981.0	2814.0	4081.0	5869.0	8195.0	10822.0	14182.0	17930.0	22917.0	28643.0	35388.0	42983.0	52507.0	63034.0	72277.0	85948.0	106352.0	139137.0	194704.0	291779.0	488183.0	704149.0	434969.0	1294512.0	1153485.0
	12.0	13.0	14.0	15.0	16.0	17.0	18.0	19.0	20.0	21.0	22.0	23.0	24.0	25.0	26.0	27.0	28.0	29.0	30.0	31.0	32.0	33.0	34.0	35.0	36.0	37.0	38.0	39.0	40.0	41.0
per_petr_MTR22756_R1	1.0	0.0	0.0	0.0	4.0	15.0	41.0	75.0	154.0	312.0	479.0	682.0	1096.0	1637.0	2308.0	3351.0	4293.0	5648.0	7161.0	8910.0	11099.0	14131.0	17575.0	23368.0	30959.0	41955.0	61737.0	117045.0	1167488.0	1075211.0
	15.0	16.0	17.0	18.0	19.0	20.0	21.0	22.0	23.0	24.0	25.0	26.0	27.0	28.0	29.0	30.0	31.0	32.0	33.0	34.0	35.0	36.0	37.0	38.0	39.0	40.0	41.0
per_petr_MTR22757_R1	2.0	11.0	20.0	67.0	112.0	223.0	351.0	565.0	834.0	1255.0	1769.0	2568.0	3545.0	4722.0	5794.0	7458.0	9161.0	11258.0	14014.0	17479.0	22971.0	30114.0	40792.0	60050.0	114004.0	1148334.0	1028773.0
	13.0	14.0	15.0	16.0	17.0	18.0	19.0	20.0	21.0	22.0	23.0	24.0	25.0	26.0	27.0	28.0	29.0	30.0	31.0	32.0	33.0	34.0	35.0	36.0	37.0	38.0	39.0	40.0	41.0
per_pinh_IIH001_R1	1.0	3.0	1.0	21.0	43.0	105.0	244.0	436.0	816.0	1178.0	2052.0	2982.0	4296.0	6106.0	8411.0	10898.0	14142.0	18014.0	22806.0	28704.0	36096.0	45787.0	60071.0	81312.0	110000.0	162127.0	307003.0	3046703.0	2687392.0
	15.0	16.0	17.0	18.0	19.0	20.0	21.0	22.0	23.0	24.0	25.0	26.0	27.0	28.0	29.0	30.0	31.0	32.0	33.0	34.0	35.0	36.0	37.0	38.0	39.0	40.0	41.0
per_pira_LG1135_R1	3.0	4.0	18.0	50.0	114.0	213.0	429.0	737.0	1213.0	1712.0	2655.0	3789.0	4883.0	6414.0	7912.0	9790.0	11750.0	14289.0	17723.0	22076.0	28715.0	38273.0	51477.0	75628.0	143629.0	1424530.0	1369933.0
	14.0	15.0	16.0	17.0	18.0	19.0	20.0	21.0	22.0	23.0	24.0	25.0	26.0	27.0	28.0	29.0	30.0	31.0	32.0	33.0	34.0	35.0	36.0	37.0	38.0	39.0	40.0	41.0
per_roci_MTR11764_R1	1.0	8.0	22.0	37.0	68.0	183.0	362.0	604.0	993.0	1496.0	2240.0	3249.0	4541.0	6101.0	8054.0	10060.0	12346.0	15197.0	18387.0	22906.0	28719.0	37215.0	49058.0	66229.0	97845.0	189409.0	1858433.0	1659845.0
	14.0	15.0	16.0	17.0	18.0	19.0	20.0	21.0	22.0	23.0	24.0	25.0	26.0	27.0	28.0	29.0	30.0	31.0	32.0	33.0	34.0	35.0	36.0	37.0	38.0	39.0	40.0	41.0
per_roci_MTR22692_R1	1.0	2.0	9.0	25.0	69.0	168.0	331.0	551.0	807.0	1292.0	1881.0	2751.0	3943.0	5293.0	6983.0	8685.0	10826.0	13238.0	16041.0	19803.0	24655.0	31866.0	42524.0	57294.0	83891.0	160428.0	1588778.0	1461223.0
	12.0	13.0	14.0	15.0	16.0	17.0	18.0	19.0	20.0	21.0	22.0	23.0	24.0	25.0	26.0	27.0	28.0	29.0	30.0	31.0	32.0	33.0	34.0	35.0	36.0	37.0	38.0	39.0	40.0	41.0
per_sber_UF5032_R1	1.0	2.0	0.0	3.0	4.0	20.0	61.0	176.0	345.0	589.0	1013.0	1620.0	2535.0	3606.0	4849.0	6343.0	8273.0	10581.0	12640.0	15745.0	19289.0	23636.0	29270.0	37876.0	50457.0	67628.0	98322.0	187401.0	1838022.0	1616362.0
	13.0	14.0	15.0	16.0	17.0	18.0	19.0	20.0	21.0	22.0	23.0	24.0	25.0	26.0	27.0	28.0	29.0	30.0	31.0	32.0	33.0	34.0	35.0	36.0	37.0	38.0	39.0	40.0	41.0
per_stbr_CX50_32_R1	1.0	1.0	1.0	5.0	14.0	38.0	125.0	254.0	403.0	654.0	1118.0	1592.0	2108.0	3007.0	3905.0	5042.0	6370.0	7698.0	9553.0	11715.0	14412.0	18066.0	23292.0	30656.0	40879.0	59537.0	113299.0	1110944.0	973654.0
	12.0	13.0	14.0	15.0	16.0	17.0	18.0	19.0	20.0	21.0	22.0	23.0	24.0	25.0	26.0	27.0	28.0	29.0	30.0	31.0	32.0	33.0	34.0	35.0	36.0	37.0	38.0	39.0	40.0	41.0
per_wbra_IIH177_R1	1.0	0.0	1.0	3.0	5.0	17.0	43.0	119.0	255.0	399.0	717.0	1080.0	1756.0	2539.0	3641.0	4945.0	6306.0	7960.0	9928.0	12213.0	15131.0	18674.0	23308.0	30762.0	40646.0	54709.0	80215.0	150686.0	1487047.0	1414945.0
	14.0	15.0	16.0	17.0	18.0	19.0	20.0	21.0	22.0	23.0	24.0	25.0	26.0	27.0	28.0	29.0	30.0	31.0	32.0	33.0	34.0	35.0	36.0	37.0	38.0	39.0	40.0	41.0
per_wbra_IIH178_R1	5.0	20.0	20.0	25.0	32.0	98.0	169.0	364.0	578.0	975.0	1507.0	2242.0	3238.0	4209.0	5358.0	6691.0	8330.0	10155.0	12596.0	15313.0	19327.0	24977.0	33105.0	44344.0	64952.0	124660.0	1251538.0	1053174.0
	14.0	15.0	16.0	17.0	18.0	19.0	20.0	21.0	22.0	23.0	24.0	25.0	26.0	27.0	28.0	29.0	30.0	31.0	32.0	33.0	34.0	35.0	36.0	37.0	38.0	39.0	40.0	41.0
per_wbra_IIH196_R1	4.0	23.0	52.0	54.0	119.0	196.0	396.0	764.0	1286.0	1996.0	3168.0	4516.0	6106.0	8370.0	10753.0	13364.0	16721.0	20309.0	24920.0	30994.0	38483.0	50255.0	66628.0	89199.0	130762.0	249637.0	2496825.0	2166324.0
	8.0	9.0	10.0	11.0	12.0	13.0	14.0	15.0	16.0	17.0	18.0	19.0	20.0	21.0	22.0	23.0	24.0	25.0	26.0	27.0	28.0	29.0	30.0	31.0	32.0	33.0	34.0	35.0	36.0	37.0	38.0	39.0	40.0
pic_barr_MTR33049_R1	1.0	11.0	45.0	89.0	191.0	344.0	621.0	1022.0	1431.0	2130.0	3024.0	4063.0	5578.0	7301.0	9698.0	12330.0	15696.0	19528.0	23935.0	29213.0	35143.0	41264.0	49758.0	58635.0	70707.0	87578.0	115739.0	167400.0	246765.0	414694.0	607679.0	314035.0	2906.0
	8.0	9.0	10.0	11.0	12.0	13.0	14.0	15.0	16.0	17.0	18.0	19.0	20.0	21.0	22.0	23.0	24.0	25.0	26.0	27.0	28.0	29.0	30.0	31.0	32.0	33.0	34.0	35.0	36.0	37.0	38.0	39.0	40.0
pic_barr_MTR33050_R1	1.0	13.0	59.0	118.0	275.0	501.0	860.0	1252.0	1875.0	2754.0	3899.0	5300.0	7160.0	9536.0	12193.0	15817.0	20040.0	25012.0	31193.0	38107.0	46560.0	56366.0	67385.0	80974.0	98733.0	122237.0	161070.0	236017.0	346169.0	586771.0	869474.0	499878.0	6770.0
	8.0	9.0	10.0	11.0	12.0	13.0	14.0	15.0	16.0	17.0	18.0	19.0	20.0	21.0	22.0	23.0	24.0	25.0	26.0	27.0	28.0	29.0	30.0	31.0	32.0	33.0	34.0	35.0	36.0	37.0	38.0	39.0	40.0
pic_barr_MTR34443_R1	3.0	8.0	23.0	43.0	86.0	169.0	335.0	594.0	1127.0	1696.0	2642.0	3691.0	5268.0	6768.0	8690.0	10722.0	12913.0	15345.0	18135.0	21197.0	24155.0	28245.0	32348.0	36480.0	41833.0	50130.0	62256.0	82840.0	118934.0	169497.0	229364.0	85447.0	199.0
	7.0	8.0	9.0	10.0	11.0	12.0	13.0	14.0	15.0	16.0	17.0	18.0	19.0	20.0	21.0	22.0	23.0	24.0	25.0	26.0	27.0	28.0	29.0	30.0	31.0	32.0	33.0	34.0	35.0	36.0	37.0	38.0	39.0	40.0
pic_barr_MTR34444_R1	2.0	1.0	10.0	34.0	79.0	179.0	330.0	603.0	877.0	1260.0	1836.0	2692.0	3557.0	4830.0	6461.0	8464.0	11103.0	14027.0	17615.0	21927.0	27085.0	32946.0	39763.0	47608.0	56813.0	68736.0	86541.0	114040.0	166349.0	242620.0	407560.0	584399.0	290272.0	2242.0
	7.0	8.0	9.0	10.0	11.0	12.0	13.0	14.0	15.0	16.0	17.0	18.0	19.0	20.0	21.0	22.0	23.0	24.0	25.0	26.0	27.0	28.0	29.0	30.0	31.0	32.0	33.0	34.0	35.0	36.0	37.0	38.0	39.0	40.0
pic_barr_MTR34564_R1	1.0	1.0	14.0	33.0	111.0	247.0	399.0	586.0	925.0	1299.0	1868.0	2709.0	3755.0	4983.0	6641.0	8461.0	11053.0	14141.0	18283.0	22543.0	27871.0	34182.0	41171.0	49931.0	59390.0	72265.0	90136.0	121553.0	178197.0	268826.0	448427.0	590538.0	161651.0	142.0
	8.0	9.0	10.0	11.0	12.0	13.0	14.0	15.0	16.0	17.0	18.0	19.0	20.0	21.0	22.0	23.0	24.0	25.0	26.0	27.0	28.0	29.0	30.0	31.0	32.0	33.0	34.0	35.0	36.0	37.0	38.0	39.0	40.0
pic_boanova_MTR21438_R1	2.0	6.0	24.0	68.0	149.0	274.0	465.0	754.0	1120.0	1513.0	2255.0	3044.0	4206.0	5758.0	7692.0	9782.0	12508.0	15808.0	20116.0	24110.0	29648.0	36211.0	43564.0	51700.0	62898.0	78306.0	102850.0	146680.0	219676.0	378161.0	562297.0	310943.0	3690.0
	13.0	14.0	15.0	16.0	17.0	18.0	19.0	20.0	21.0	22.0	23.0	24.0	25.0	26.0	27.0	28.0	29.0	30.0	31.0	32.0	33.0	34.0	35.0	36.0	37.0	38.0	39.0	40.0	41.0
pic_conc_JFT935_R1	1.0	0.0	4.0	4.0	15.0	53.0	130.0	292.0	550.0	995.0	1655.0	2428.0	3667.0	5180.0	6871.0	8917.0	11857.0	16141.0	24419.0	31679.0	34416.0	38661.0	44276.0	54272.0	71142.0	103906.0	196019.0	1928500.0	1816180.0
	8.0	9.0	10.0	11.0	12.0	13.0	14.0	15.0	16.0	17.0	18.0	19.0	20.0	21.0	22.0	23.0	24.0	25.0	26.0	27.0	28.0	29.0	30.0	31.0	32.0	33.0	34.0	35.0	36.0	37.0	38.0	39.0	40.0
pic_leme_JC1079_R1	1.0	6.0	28.0	44.0	83.0	153.0	252.0	410.0	623.0	997.0	1351.0	1975.0	2798.0	3653.0	5011.0	6220.0	8117.0	10073.0	12295.0	14916.0	18477.0	22759.0	27279.0	31552.0	37722.0	46930.0	61287.0	87119.0	135811.0	238666.0	338855.0	121873.0	229.0
	8.0	9.0	10.0	11.0	12.0	13.0	14.0	15.0	16.0	17.0	18.0	19.0	20.0	21.0	22.0	23.0	24.0	25.0	26.0	27.0	28.0	29.0	30.0	31.0	32.0	33.0	34.0	35.0	36.0	37.0	38.0	39.0	40.0
pic_lin_MTR12080_R1	1.0	13.0	41.0	106.0	225.0	385.0	668.0	1075.0	1684.0	2436.0	3598.0	4873.0	7124.0	9021.0	11799.0	15254.0	19081.0	23616.0	28741.0	34143.0	40570.0	48450.0	57285.0	66459.0	79625.0	99769.0	133393.0	192182.0	292429.0	455852.0	542183.0	120879.0	83.0
	8.0	9.0	10.0	11.0	12.0	13.0	14.0	15.0	16.0	17.0	18.0	19.0	20.0	21.0	22.0	23.0	24.0	25.0	26.0	27.0	28.0	29.0	30.0	31.0	32.0	33.0	34.0	35.0	36.0	37.0	38.0	39.0	40.0
pic_lin_MTR12349_R1	2.0	10.0	43.0	78.0	202.0	387.0	539.0	869.0	1299.0	1813.0	2460.0	3391.0	4576.0	6291.0	8297.0	10710.0	13852.0	17194.0	21735.0	26970.0	33274.0	40959.0	49906.0	58324.0	69709.0	87768.0	117241.0	173373.0	251019.0	414228.0	596686.0	353325.0	5447.0
	16.0	17.0	18.0	19.0	20.0	21.0	22.0	23.0	24.0	25.0	26.0	27.0	28.0	29.0	30.0	31.0	32.0	33.0	34.0	35.0	36.0	37.0	38.0	39.0	40.0	41.0
pic_mont_MTR38677_R1	6.0	20.0	79.0	153.0	390.0	737.0	1192.0	1778.0	2625.0	3760.0	5359.0	7503.0	9644.0	12951.0	17240.0	24221.0	31349.0	36305.0	43104.0	51322.0	64386.0	88824.0	131915.0	246984.0	2133667.0	1845836.0
	8.0	9.0	10.0	11.0	12.0	13.0	14.0	15.0	16.0	17.0	18.0	19.0	20.0	21.0	22.0	23.0	24.0	25.0	26.0	27.0	28.0	29.0	30.0	31.0	32.0	33.0	34.0	35.0	36.0	37.0	38.0	39.0	40.0
pic_peru_MTJ0047_R1	1.0	16.0	45.0	79.0	154.0	253.0	418.0	725.0	1081.0	1639.0	2294.0	3305.0	4378.0	5924.0	8161.0	10312.0	13242.0	16410.0	20525.0	24755.0	30856.0	38015.0	45121.0	54607.0	66349.0	83161.0	110416.0	157006.0	232597.0	393022.0	558862.0	278062.0	1859.0
	8.0	9.0	10.0	11.0	12.0	13.0	14.0	15.0	16.0	17.0	18.0	19.0	20.0	21.0	22.0	23.0	24.0	25.0	26.0	27.0	28.0	29.0	30.0	31.0	32.0	33.0	34.0	35.0	36.0	37.0	38.0	39.0	40.0
pic_peru_MTJ0048_R1	2.0	11.0	40.0	83.0	154.0	246.0	438.0	710.0	963.0	1487.0	2156.0	3070.0	4169.0	5675.0	7531.0	9816.0	12774.0	16022.0	20147.0	24992.0	31260.0	38203.0	46694.0	55271.0	66669.0	83382.0	110676.0	159401.0	238997.0	413365.0	614375.0	346074.0	3501.0
	7.0	8.0	9.0	10.0	11.0	12.0	13.0	14.0	15.0	16.0	17.0	18.0	19.0	20.0	21.0	22.0	23.0	24.0	25.0	26.0	27.0	28.0	29.0	30.0	31.0	32.0	33.0	34.0	35.0	36.0	37.0	38.0	39.0
pic_pia_MTR20125_R1	1.0	6.0	9.0	46.0	83.0	179.0	324.0	546.0	882.0	1297.0	1991.0	2836.0	4000.0	5249.0	6995.0	9227.0	11992.0	14748.0	18263.0	22297.0	27273.0	32862.0	39548.0	46505.0	55250.0	68385.0	87392.0	122763.0	197010.0	375530.0	563929.0	128986.0	108.0
	7.0	8.0	9.0	10.0	11.0	12.0	13.0	14.0	15.0	16.0	17.0	18.0	19.0	20.0	21.0	22.0	23.0	24.0	25.0	26.0	27.0	28.0	29.0	30.0	31.0	32.0	33.0	34.0	35.0	36.0	37.0	38.0	39.0
pic_pia_MTR20126_R1	2.0	9.0	17.0	36.0	119.0	171.0	348.0	597.0	974.0	1581.0	2373.0	3560.0	5111.0	6717.0	9171.0	11867.0	14974.0	18691.0	22593.0	27552.0	32387.0	38729.0	46281.0	53602.0	61496.0	73283.0	91276.0	120999.0	176225.0	288750.0	485298.0	411919.0	14269.0
	8.0	9.0	10.0	11.0	12.0	13.0	14.0	15.0	16.0	17.0	18.0	19.0	20.0	21.0	22.0	23.0	24.0	25.0	26.0	27.0	28.0	29.0	30.0	31.0	32.0	33.0	34.0	35.0	36.0	37.0	38.0	39.0	40.0
pic_pinhe_MTR21516_R1	4.0	10.0	28.0	85.0	201.0	344.0	560.0	953.0	1565.0	2268.0	3178.0	4567.0	6282.0	8482.0	11103.0	13964.0	17532.0	21490.0	26187.0	31209.0	36820.0	44397.0	52133.0	60154.0	70901.0	86913.0	113824.0	163519.0	242009.0	383873.0	495441.0	140449.0	122.0
	9.0	10.0	11.0	12.0	13.0	14.0	15.0	16.0	17.0	18.0	19.0	20.0	21.0	22.0	23.0	24.0	25.0	26.0	27.0	28.0	29.0	30.0	31.0	32.0	33.0	34.0	35.0	36.0	37.0	38.0	39.0
pic_pinhe_MTR21541_R1	17.0	36.0	89.0	180.0	331.0	631.0	994.0	1533.0	2167.0	3436.0	4736.0	6476.0	8664.0	11326.0	14301.0	17480.0	21248.0	25462.0	29860.0	35266.0	40982.0	47868.0	55481.0	65361.0	80440.0	107364.0	155994.0	241645.0	375397.0	405721.0	42836.0
	8.0	9.0	10.0	11.0	12.0	13.0	14.0	15.0	16.0	17.0	18.0	19.0	20.0	21.0	22.0	23.0	24.0	25.0	26.0	27.0	28.0	29.0	30.0	31.0	32.0	33.0	34.0	35.0	36.0	37.0	38.0	39.0	40.0
pic_por_LG959_R1	2.0	10.0	20.0	45.0	113.0	221.0	365.0	658.0	919.0	1294.0	1805.0	2457.0	3357.0	4573.0	5878.0	7387.0	9529.0	11675.0	14437.0	17711.0	21710.0	26396.0	31457.0	36786.0	44278.0	55886.0	74703.0	111195.0	179220.0	295308.0	329494.0	41541.0	3.0
	8.0	9.0	10.0	11.0	12.0	13.0	14.0	15.0	16.0	17.0	18.0	19.0	20.0	21.0	22.0	23.0	24.0	25.0	26.0	27.0	28.0	29.0	30.0	31.0	32.0	33.0	34.0	35.0	36.0	37.0	38.0	39.0	40.0
pic_por_MTR34581_R1	4.0	15.0	45.0	83.0	202.0	356.0	581.0	987.0	1434.0	2156.0	3096.0	4532.0	6084.0	8277.0	11080.0	13943.0	17494.0	21883.0	27161.0	32666.0	39034.0	46772.0	54563.0	60246.0	71382.0	89687.0	119743.0	172924.0	271374.0	441618.0	499124.0	70130.0	5.0
	9.0	10.0	11.0	12.0	13.0	14.0	15.0	16.0	17.0	18.0	19.0	20.0	21.0	22.0	23.0	24.0	25.0	26.0	27.0	28.0	29.0	30.0	31.0	32.0	33.0	34.0	35.0	36.0	37.0	38.0	39.0	40.0
pic_por_MTR34591_R1	14.0	44.0	96.0	227.0	365.0	628.0	937.0	1391.0	2074.0	2987.0	4303.0	5637.0	7630.0	10021.0	12754.0	16305.0	20519.0	25001.0	30664.0	37060.0	44207.0	52637.0	62566.0	75664.0	94532.0	126516.0	183640.0	281182.0	475558.0	625391.0	157167.0	72.0
	8.0	9.0	10.0	11.0	12.0	13.0	14.0	15.0	16.0	17.0	18.0	19.0	20.0	21.0	22.0	23.0	24.0	25.0	26.0	27.0	28.0	29.0	30.0	31.0	32.0	33.0	34.0	35.0	36.0	37.0	38.0	39.0	40.0
pic_por_MTR34592_R1	1.0	9.0	32.0	85.0	184.0	324.0	554.0	928.0	1412.0	2088.0	2923.0	4153.0	5668.0	7553.0	9900.0	12733.0	16132.0	19902.0	24374.0	29212.0	35045.0	41425.0	49200.0	57782.0	69220.0	85470.0	113711.0	164480.0	247521.0	415288.0	563628.0	183084.0	340.0
	15.0	16.0	17.0	18.0	19.0	20.0	21.0	22.0	23.0	24.0	25.0	26.0	27.0	28.0	29.0	30.0	31.0	32.0	33.0	34.0	35.0	36.0	37.0	38.0	39.0	40.0	41.0
pic_riri_MTR38639_R1	1.0	4.0	24.0	80.0	195.0	434.0	844.0	1455.0	2257.0	3179.0	4505.0	6014.0	8111.0	10097.0	12765.0	16801.0	22724.0	28461.0	32557.0	37591.0	45437.0	56839.0	77543.0	113220.0	214170.0	1842578.0	1582228.0
	14.0	15.0	16.0	17.0	18.0	19.0	20.0	21.0	22.0	23.0	24.0	25.0	26.0	27.0	28.0	29.0	30.0	31.0	32.0	33.0	34.0	35.0	36.0	37.0	38.0	39.0	40.0	41.0
pic_riri_MTR38682_R1	2.0	0.0	4.0	27.0	68.0	163.0	345.0	592.0	1077.0	1621.0	2362.0	3402.0	4736.0	6378.0	8243.0	10744.0	14261.0	20169.0	25593.0	29593.0	34084.0	40389.0	50452.0	68265.0	100726.0	190086.0	1651717.0	1367770.0
	13.0	14.0	15.0	16.0	17.0	18.0	19.0	20.0	21.0	22.0	23.0	24.0	25.0	26.0	27.0	28.0	29.0	30.0	31.0	32.0	33.0	34.0	35.0	36.0	37.0	38.0	39.0	40.0	41.0
pic_riri_MTR38785_R1	1.0	0.0	2.0	9.0	33.0	91.0	233.0	498.0	868.0	1451.0	2300.0	3507.0	4918.0	6662.0	8977.0	11431.0	14887.0	19279.0	26584.0	33896.0	38591.0	45601.0	54627.0	68745.0	92930.0	137198.0	258362.0	2226249.0	1878092.0
	8.0	9.0	10.0	11.0	12.0	13.0	14.0	15.0	16.0	17.0	18.0	19.0	20.0	21.0	22.0	23.0	24.0	25.0	26.0	27.0	28.0	29.0	30.0	31.0	32.0	33.0	34.0	35.0	36.0	37.0	38.0	39.0	40.0
pic_soo_MTR21546_R1	4.0	8.0	30.0	58.0	159.0	309.0	519.0	886.0	1335.0	1908.0	2870.0	4041.0	5526.0	7313.0	9665.0	12333.0	15384.0	18781.0	22234.0	26530.0	31083.0	37029.0	42870.0	48983.0	57605.0	70897.0	92713.0	134477.0	197597.0	320388.0	426167.0	159105.0	428.0
	8.0	9.0	10.0	11.0	12.0	13.0	14.0	15.0	16.0	17.0	18.0	19.0	20.0	21.0	22.0	23.0	24.0	25.0	26.0	27.0	28.0	29.0	30.0	31.0	32.0	33.0	34.0	35.0	36.0	37.0	38.0	39.0	40.0
pic_soo_MTR21568_R1	2.0	12.0	37.0	88.0	237.0	414.0	697.0	1187.0	1797.0	2534.0	3610.0	4976.0	6713.0	8715.0	11197.0	14235.0	17379.0	21738.0	25936.0	31239.0	37717.0	45201.0	53059.0	62795.0	75873.0	94716.0	125414.0	183980.0	286374.0	475678.0	570442.0	90440.0	6.0
	7.0	8.0	9.0	10.0	11.0	12.0	13.0	14.0	15.0	16.0	17.0	18.0	19.0	20.0	21.0	22.0	23.0	24.0	25.0	26.0	27.0	28.0	29.0	30.0	31.0	32.0	33.0	34.0	35.0	36.0	37.0	38.0	39.0
pic_tra_MTR13503_R1	1.0	5.0	9.0	46.0	66.0	178.0	290.0	496.0	804.0	1237.0	1893.0	2533.0	3575.0	4808.0	6094.0	8160.0	10266.0	13077.0	16148.0	19895.0	23982.0	28455.0	33897.0	40300.0	48336.0	58909.0	74245.0	101294.0	152659.0	259896.0	429906.0	297791.0	4044.0
	13.0	14.0	15.0	16.0	17.0	18.0	19.0	20.0	21.0	22.0	23.0	24.0	25.0	26.0	27.0	28.0	29.0	30.0	31.0	32.0	33.0	34.0	35.0	36.0	37.0	38.0	39.0	40.0	41.0
uva_sale_LG1399_R1	1.0	0.0	3.0	8.0	30.0	107.0	213.0	403.0	691.0	1216.0	1826.0	2799.0	4187.0	5956.0	8192.0	10943.0	14051.0	17947.0	22562.0	28014.0	35218.0	44404.0	56649.0	76074.0	105903.0	157945.0	298219.0	2634793.0	1972343.0

