Sample	FastQC_mqc-generalstats-fastqc-percent_duplicates	FastQC_mqc-generalstats-fastqc-percent_gc	FastQC_mqc-generalstats-fastqc-avg_sequence_length	FastQC_mqc-generalstats-fastqc-median_sequence_length	FastQC_mqc-generalstats-fastqc-percent_fails	FastQC_mqc-generalstats-fastqc-total_sequences
agr_buri_ITH0620_R1	93.8342834048025	47.0	85.0	85	9.090909090909092	5258965.0
alo_rosa_LG1370_R1	91.04394659250752	48.0	85.0	85	9.090909090909092	3692788.0
cat_bet_MTR33144_R1	91.91332227418644	47.0	91.0	91	18.181818181818183	2197038.0
cat_bet_MTR33202_R1	92.54371324470368	47.0	91.0	91	18.181818181818183	2605595.0
cat_bon_MTR16122_R1	91.98090894218731	48.0	91.0	91	18.181818181818183	2385449.0
cat_bon_MTR16123_R1	91.93509241042239	48.0	91.0	91	18.181818181818183	2320626.0
cat_bon_RPD024_R1	91.37040504101725	48.0	91.0	91	18.181818181818183	1861966.0
cat_cam_PEU322_R1	86.13674015655856	49.0	91.0	91	18.181818181818183	1306199.0
cat_cam_PEU450_R1	92.27436359238715	48.0	91.0	91	18.181818181818183	2426920.0
cat_canav_MTR33152_R1	92.65542274941835	47.0	91.0	91	18.181818181818183	2627346.0
cat_catu_FRAG15P94_R1	92.87149954910086	48.0	91.0	91	18.181818181818183	2893976.0
cat_cond_MTR35005_R1	93.15417239386798	47.0	91.0	91	18.181818181818183	2847767.0
cat_cond_MTR35190_R1	92.61986184868611	47.0	91.0	91	18.181818181818183	2635164.0
cat_fazpar_RPD015_R1	92.12489687552576	48.0	91.0	91	18.181818181818183	2328126.0
cat_igra_LAR009_R1	93.6033745579085	46.0	85.0	85	18.181818181818183	4807581.0
cat_ilh_ABA45_R1	91.6161172517214	48.0	91.0	91	18.181818181818183	2672801.0
cat_itp_MTR33052_R1	90.8039736251596	47.0	91.0	91	18.181818181818183	1797799.0
cat_itp_MTR33053_R1	89.87270924787258	47.0	91.0	91	18.181818181818183	1520555.0
cat_itp_MTR33122_R1	92.48462663631173	47.0	91.0	91	18.181818181818183	2389900.0
cat_itp_MTR33140_R1	89.765664689634	47.0	91.0	91	18.181818181818183	1418760.0
cat_jag_PEU109_R1	92.40435306845684	47.0	91.0	91	18.181818181818183	2547629.0
cat_jeq_MTR17108_R1	93.29030327570491	47.0	91.0	91	27.27272727272727	2899148.0
cat_jeq_MTR17172_R1	92.69128778581103	48.0	91.0	91	18.181818181818183	2573435.0
cat_jeq_MTR17377_R1	92.37447093520922	48.0	91.0	91	27.27272727272727	2112930.0
cat_jibo_LG1377_concat_R1	91.25026691380826	47.0	86.73398704705762	85	36.36363636363637	6758310.0
cat_jibo_MTR18419_R1	92.8251399534836	46.0	85.0	85	9.090909090909092	4331753.0
cat_lagjac_MTR33051_R1	92.32030539284914	47.0	91.0	91	18.181818181818183	2310110.0
cat_lagjac_MTR33134_R1	92.11464569111622	47.0	91.0	91	18.181818181818183	2210727.0
cat_lon_MTR16317_R1	90.6596889755179	48.0	91.0	91	18.181818181818183	1762251.0
cat_lon_MTR16340_R1	90.54386403273003	48.0	91.0	91	18.181818181818183	1643508.0
cat_mig_MTR19889_R1	91.95363753722481	47.0	91.0	91	18.181818181818183	2133641.0
cat_mig_RPD188_R1	92.79151649643975	48.0	91.0	91	18.181818181818183	2653512.0
cat_nilo_PEU271_R1	92.29384546426371	47.0	91.0	91	18.181818181818183	2389511.0
cat_oli_MD1779_R1	89.98117740840343	47.0	91.0	91	18.181818181818183	1534954.0
cat_rem_MTR19915_R1	92.92103325422389	47.0	91.0	91	18.181818181818183	2533282.0
cat_rem_RPD128_R1	92.56831663058226	48.0	91.0	91	18.181818181818183	2513004.0
cat_taquara_MTR33065_R1	92.66273443527233	47.0	91.0	91	18.181818181818183	2534270.0
cat_taquara_MTR33145_R1	91.78379957553213	47.0	91.0	91	18.181818181818183	2189606.0
cat_tei_MRT5815_R1	91.0192724881385	47.0	91.0	91	18.181818181818183	1861249.0
cat_tei_MRT5816_R1	90.98385884315813	48.0	91.0	91	18.181818181818183	1893381.0
cat_uba_PEU558_R1	92.3701815183116	47.0	91.0	91	18.181818181818183	2501321.0
cat_una_RPD297_R1	92.29203200462388	48.0	91.0	91	18.181818181818183	2443484.0
cat_una_RPD305_R1	90.76266839928472	47.0	91.0	91	18.181818181818183	1705633.0
cat_val_PEU158_R1	92.23710438073283	47.0	91.0	91	18.181818181818183	2358165.0
cat_val_PEU196_R1	92.39880207195984	48.0	91.0	91	18.181818181818183	2524188.0
cat_wgu_MTR22253_R1	91.59668476460938	47.0	91.0	91	18.181818181818183	2104153.0
cat_wgu_MTR22254_R1	91.81993670225332	47.0	91.0	91	18.181818181818183	2206670.0
ihe_apia_CTMZ11219_R1	91.31236862540425	47.0	85.0	85	9.090909090909092	3102659.0
ihe_biri_3519_R1	95.0986988678235	47.0	85.0	85	18.181818181818183	4782355.0
ihe_biri_MRT9424_R1	94.84150528199226	47.0	85.0	85	18.181818181818183	3463375.0
ihe_biri_MRT9425_R1	94.96990499711714	47.0	85.0	85	18.181818181818183	3581777.0
ihe_camp_MTR11763_R1	92.76014563379732	47.0	85.0	85	9.090909090909092	4255448.0
ihe_cana_3436_R1	91.27383249078154	47.0	85.0	85	18.181818181818183	3107839.0
ihe_cana_3437_R1	93.69622151089692	47.0	85.0	85	9.090909090909092	4890840.0
ihe_cana_3533_R1	91.2367839986124	47.0	85.0	85	9.090909090909092	3606253.0
ihe_cana_3543_R1	93.25722728937916	47.0	85.0	85	9.090909090909092	4694674.0
ihe_coti_3420_R1	94.6686918892246	47.0	85.0	85	18.181818181818183	2918896.0
ihe_crag_CTMZ03573_R1	95.12836619341383	47.0	85.0	85	18.181818181818183	4035263.0
ihe_eldo_CTMZ03592_R1	91.11632103636394	47.0	85.0	85	9.090909090909092	3055280.0
ihe_eldo_CTMZ03593_R1	91.45471055479834	47.0	85.0	85	9.090909090909092	3696301.0
ihe_embu_CTMZ03569_R1	93.01502261033629	47.0	85.0	85	18.181818181818183	1936319.0
ihe_grao_MTR33250_R1	92.27536153625671	47.0	85.0	85	9.090909090909092	4335764.0
ihe_grao_MTR33256_R1	92.26653672161578	47.0	85.0	85	9.090909090909092	4308809.0
ihe_grao_MTR33257_R1	92.98497048089085	47.0	85.0	85	9.090909090909092	4637900.0
ihe_grao_MTR33258_R1	91.44872642183299	47.0	85.0	85	9.090909090909092	2574978.0
ihe_igua_3574_R1	91.66928286801823	47.0	85.0	85	9.090909090909092	2507011.0
ihe_ipor_CTMZ11223_R1	91.22393939306446	47.0	85.0	85	9.090909090909092	1970882.0
ihe_jacu_3588_R1	92.73163876911639	47.0	85.0	85	9.090909090909092	4176402.0
ihe_jacu_3593_R1	91.0628416712181	47.0	85.0	85	9.090909090909092	2810588.0
ihe_jacu_3594_R1	91.43009306057012	47.0	85.0	85	9.090909090909092	3454980.0
ihe_jara_MTR21218_R1	91.48543867298704	47.0	85.0	85	9.090909090909092	3549808.0
ihe_juqi_CX87_15_R1	90.93123111050441	48.0	85.0	85	9.090909090909092	2283838.0
ihe_juqi_H0160_R1	91.44546894972515	48.0	85.0	85	9.090909090909092	3789161.0
ihe_juqi_H0189_R1	91.25394331232813	47.0	85.0	85	9.090909090909092	3052346.0
ihe_juqi_H0199_R1	94.62236465489903	47.0	85.0	85	9.090909090909092	5788386.0
ihe_mira_CTMZ03575_R1	91.6016310724157	47.0	85.0	85	9.090909090909092	3857314.0
ihe_parn_MTR14053_R1	95.0793950189711	47.0	85.0	85	18.181818181818183	5508081.0
ihe_parn_MTR14054_R1	91.43828318411914	47.0	85.0	85	9.090909090909092	3078808.0
ihe_parn_MTR14059_R1	91.71514679867556	47.0	85.0	85	9.090909090909092	2850272.0
ihe_peru_LG929_R1	93.02243343111199	48.0	85.0	85	9.090909090909092	4738230.0
ihe_pied_LG2250_R1	91.16587374749027	47.0	85.0	85	9.090909090909092	3040795.0
ihe_pila_LG1383_R1	93.20645887876114	47.0	85.0	85	9.090909090909092	4672195.0
ihe_prai_UFRGST2987_R1	94.13148630270614	47.0	85.0	85	9.090909090909092	5204612.0
ihe_prai_UFRGST2988_R1	91.78868518887953	47.0	85.0	85	9.090909090909092	4014426.0
ihe_ribe_CTMZ10467_R1	94.98085163620678	47.0	85.0	85	18.181818181818183	4222810.0
ihe_sale_A1D1_R1	95.12511819249833	47.0	85.0	85	18.181818181818183	4354290.0
ihe_sale_A1_R1	94.59339083751452	47.0	85.0	85	18.181818181818183	4150020.0
ihe_sale_D2_R1	94.70318897173331	47.0	85.0	85	18.181818181818183	3805890.0
ihe_saop_CTMZ13588_R1	94.22489794241433	47.0	85.0	85	18.181818181818183	3807496.0
ihe_sber_ITH0155_R1	95.39429200233891	47.0	85.0	85	18.181818181818183	5476144.0
ihe_sete_3117_R1	91.58786253826793	47.0	85.0	85	9.090909090909092	2569449.0
ihe_stan_MTR10414_R1	94.55384496811354	47.0	85.0	85	18.181818181818183	2819984.0
per_alto_MTR10788_R1	95.4948047554131	46.0	85.0	85	27.27272727272727	5836329.0
per_alto_MTR10846_R1	94.84178732730668	47.0	85.0	85	27.27272727272727	3083923.0
per_bana_CTMZ03176_R1	95.12648157586361	46.0	85.0	85	27.27272727272727	3721512.0
per_bana_CTMZ03177_R1	95.02231244809033	46.0	85.0	85	27.27272727272727	4381267.0
per_bana_CTMZ03179_R1	95.12045703766974	46.0	85.0	85	27.27272727272727	5048640.0
per_bana_CTMZ03943_R1	93.28011215654392	52.0	85.0	85	18.181818181818183	1178353.0
per_buri_H0309_R1	91.00163337932351	48.0	91.0	91	18.181818181818183	1712788.0
per_buri_H0310_R1	95.5512141626377	46.0	85.0	85	27.27272727272727	4325468.0
per_buri_H0318_R1	95.64257220995927	46.0	85.0	85	27.27272727272727	4444112.0
per_cris_CTMZ03587_R1	95.23118579265969	46.0	85.0	85	27.27272727272727	3918584.0
per_cunh_3317_R1	95.43094795760095	46.0	85.0	85	27.27272727272727	5135645.0
per_divi_MTR15785_R1	93.96765661737035	47.0	85.0	85	27.27272727272727	2480296.0
per_ibit_MTR26245_R1	94.72013247879607	47.0	85.0	85	27.27272727272727	2941462.0
per_iper_MTR15554_R1	95.61591054896417	46.0	85.0	85	27.27272727272727	4364291.0
per_iper_MTR15555_R1	95.17710781905629	46.0	85.0	85	27.27272727272727	3867317.0
per_itam_MTR23721_R1	95.53763835761359	46.0	85.0	85	27.27272727272727	4602798.0
per_itam_MTR23815_R1	94.34616831809413	46.0	85.0	85	27.27272727272727	2715112.0
per_itam_MTR23818_R1	95.52806105298203	46.0	85.0	85	27.27272727272727	3944004.0
per_itat_MTR26247_R1	95.00942274042254	47.0	85.0	85	27.27272727272727	3740895.0
per_itat_MTR26248_R1	95.2995623562197	47.0	85.0	85	27.27272727272727	3968763.0
per_mair_CTMZ11192_R1	94.36806998486834	46.0	85.0	85	27.27272727272727	2541497.0
per_mair_CTMZ11193_R1	94.64692660330225	46.0	85.0	85	27.27272727272727	2961845.0
per_nova_MTR17782_R1	94.52929882643626	46.0	85.0	85	18.181818181818183	3307208.0
per_nova_MTR21282_R1	94.39472111462572	46.0	85.0	85	27.27272727272727	3072044.0
per_nova_MTR39299_R1	94.81642611158853	46.0	85.0	85	27.27272727272727	4373731.0
per_orti_IIH129_R1	94.82120243594038	47.0	85.0	85	27.27272727272727	4688125.0
per_parn_MTR14060_R1	94.6815497390416	46.0	85.0	85	27.27272727272727	3010577.0
per_parn_MTR14061_R1	94.42375404827709	47.0	85.0	85	27.27272727272727	2760164.0
per_petr_MTR22695_R1	93.8273809521737	47.0	85.0	85	27.27272727272727	2489790.0
per_petr_MTR22755_concat_R1	92.39788951206948	47.0	87.7754557569357	85	27.27272727272727	5279788.0
per_petr_MTR22756_R1	94.20810677486529	47.0	85.0	85	27.27272727272727	2596735.0
per_petr_MTR22757_R1	93.99660537161367	47.0	85.0	85	27.27272727272727	2526246.0
per_pinh_IIH001_R1	95.90815202697082	46.0	85.0	85	27.27272727272727	6657750.0
per_pira_LG1135_R1	94.50185025827192	47.0	85.0	85	27.27272727272727	3237959.0
per_roci_MTR11764_R1	94.63031479816007	46.0	85.0	85	27.27272727272727	4093608.0
per_roci_MTR22692_R1	94.75993130655367	47.0	85.0	85	27.27272727272727	3543358.0
per_sber_UF5032_R1	94.11285402460922	48.0	85.0	85	18.181818181818183	4036669.0
per_stbr_CX50_32_R1	93.5672348534555	49.0	85.0	85	18.181818181818183	2438343.0
per_wbra_IIH177_R1	95.27613282794862	47.0	85.0	85	27.27272727272727	3368051.0
per_wbra_IIH178_R1	94.11932860297848	48.0	85.0	85	18.181818181818183	2688002.0
per_wbra_IIH196_R1	95.78683636081051	47.0	85.0	85	27.27272727272727	5432224.0
pic_barr_MTR33049_R1	92.31973677774859	48.0	91.0	91	18.181818181818183	2348554.0
pic_barr_MTR33050_R1	93.48039859654618	48.0	91.0	91	18.181818181818183	3354369.0
pic_barr_MTR34443_R1	89.27204667951568	48.0	91.0	91	45.45454545454545	1071183.0
pic_barr_MTR34444_R1	92.39693209013522	48.0	91.0	91	27.27272727272727	2262861.0
pic_barr_MTR34564_R1	92.0692529432383	48.0	91.0	91	27.27272727272727	2242333.0
pic_boanova_MTR21438_R1	92.13834886799948	47.0	91.0	91	18.181818181818183	2136278.0
pic_conc_JFT935_R1	95.67555050429264	47.0	85.0	85	27.27272727272727	4402230.0
pic_leme_JC1079_R1	89.69709588698629	47.0	91.0	91	27.27272727272727	1237565.0
pic_lin_MTR12080_R1	92.23333559533361	48.0	91.0	91	18.181818181818183	2293043.0
pic_lin_MTR12349_R1	93.02033731402284	48.0	91.0	91	18.181818181818183	2371977.0
pic_mont_MTR38677_R1	93.29091692896856	47.0	85.0	85	9.090909090909092	4761350.0
pic_peru_MTJ0047_R1	92.54126045982105	47.0	91.0	91	27.27272727272727	2163650.0
pic_peru_MTJ0048_R1	92.7864131360552	47.0	91.0	91	27.27272727272727	2318354.0
pic_pia_MTR20125_R1	91.13783751244952	48.0	91.0	91	27.27272727272727	1846512.0
pic_pia_MTR20126_R1	91.71469756149138	48.0	91.0	91	18.181818181818183	2020977.0
pic_pinhe_MTR21516_R1	91.86616860089568	48.0	91.0	91	18.181818181818183	2040567.0
pic_pinhe_MTR21541_R1	91.15024745231689	48.0	91.0	91	27.27272727272727	1803322.0
pic_por_LG959_R1	89.15000980494662	49.0	91.0	91	18.181818181818183	1330433.0
pic_por_MTR34581_R1	91.60492041642695	48.0	91.0	91	27.27272727272727	2088681.0
pic_por_MTR34591_R1	92.29171595525888	48.0	91.0	91	18.181818181818183	2357789.0
pic_por_MTR34592_R1	91.91538606674631	48.0	91.0	91	18.181818181818183	2164361.0
pic_riri_MTR38639_R1	92.0619026399495	47.0	85.0	85	18.181818181818183	4120114.0
pic_riri_MTR38682_R1	91.67523093241277	47.0	85.0	85	18.181818181818183	3632869.0
pic_riri_MTR38785_R1	93.26576161887277	47.0	85.0	85	9.090909090909092	4936022.0
pic_soo_MTR21546_R1	90.82927044406306	49.0	91.0	91	18.181818181818183	1749235.0
pic_soo_MTR21568_R1	92.47168763518425	48.0	91.0	91	18.181818181818183	2254438.0
pic_tra_MTR13503_R1	90.47205727106073	48.0	91.0	91	27.27272727272727	1643295.0
uva_sale_LG1399_R1	94.4985962412802	47.0	85.0	85	9.090909090909092	5500697.0
