-9.848767683076103951e-01
-6.084098180209315254e-01
-3.747956592709696388e-01
-1.595964163505899647e-01
4.337870214530425983e-01
-7.380269657169585829e-01
-5.020540111360032309e-01
-1.727309018473134339e-01
6.192054814063316925e-01
-1.591564102585140694e-01
-1.009227592839399001e+00
5.237705730972316148e-03
1.757400705005685293e-01
4.864791958543768224e-01
2.999091511578500513e-01
-9.149058085692756137e-01
-9.520282625202307614e-01
-1.147153102211920572e+00
-8.589272859544631877e-02
1.100362762314152310e+00
-4.665174793077797033e-01
9.112129310606419119e-02
-7.998652437180161501e-01
-2.979974076275357930e-01
-3.815566018477703492e-01
-9.905480368743976860e-02
-7.511385675968716702e-02
-1.056256574117039992e+00
7.397393613157938752e-01
1.066490608353830721e-01
-1.091422379227937056e-01
-2.798239554724935019e-01
-5.568770904065843963e-01
-1.234671654513235906e+00
6.881299959104582309e-02
5.117121324529783077e-01
-7.576801428602267241e-02
5.237696806722496046e-01
-5.941016727280836740e-01
6.729171441273169574e-01
-1.083670444657128806e+00
-8.011428137985410203e-02
9.377218087903015364e-01
-2.809636088179601199e-01
2.453611858641720767e-01
-1.163498797692762432e+00
-9.149503408074453059e-01
1.123813012506791109e+00
7.293414096327351936e-01
-6.845212560217982523e-01
3.495078411102858773e-01
-7.121096139026946714e-01
-6.785915772198286566e-01
-9.480525400153647642e-01
-8.295477490618488048e-01
3.676228622789551315e-01
2.893076359407523168e-01
-7.421320977451740797e-01
-4.845736794165564909e-01
-6.613690194569131764e-01
-5.518265874220260603e-01
1.095165051897073916e+00
-8.362207146556458470e-01
-6.744677281589778195e-01
-8.299696690780093977e-01
-1.027678850333035632e+00
-6.859092301046075535e-02
-9.592540103592518408e-01
-8.467166093160719553e-01
-3.347099765710240260e-01
3.884836416964414230e-02
-5.936798238113937254e-01
1.836734908337595285e-01
-3.348449086052890378e-01
-1.831130544215922584e-01
-7.288415315075801315e-01
-4.747044971287571746e-01
1.032628036801827714e-01
1.548460922617698743e-01
5.463411736510445094e-01
-7.617564918070335311e-02
1.335367070679713608e+00
-3.838021031334014066e-01
-3.306765074981087849e-01
-2.519501087206340029e-01
-1.887195841344505576e-01
-7.667808974832140967e-01
-5.551160937281808261e-01
nan
-7.557998416822635512e-01
-7.982949154581456819e-01
5.494115955600764600e-01
-3.255674123609003656e-01
1.015357234246066831e+00
5.987218596056981257e-01
-9.766432787807545202e-01
-4.841570414838262115e-01
5.083500437378223324e-01
-9.877885916034911951e-01
4.373289330452248547e-02
5.383213334083185586e-01
2.723934137307222891e-01
2.662192180071156766e-01
7.147807917251803866e-01
2.884010055186950194e-01
-1.612205237436302285e+00
-5.385194631824450351e-01
3.333277536999521007e-01
-2.694778570131804996e-01
-2.883656066462437773e-01
-5.820367867059865752e-01
-1.313803425207739517e+00
1.254776259856096865e-01
-1.356294251048150157e+00
4.661994038660441930e-01
-6.119136461309956920e-02
-6.923102207089001370e-01
-1.014647571251412056e-01
-5.122480161462148462e-01
3.597432809220406091e-01
-4.750489993459074411e-01
-1.100923422553889752e+00
-1.536170598716135149e+00
-1.085751493447006721e+00
6.224447520032212744e-02
-1.775819456233128368e-01
3.096517243122636209e-01
-1.107551716276458098e+00
-8.250573040400592806e-01
-1.353510912109693633e-02
2.255266840118949623e-01
-7.945975346826567032e-01
-2.010610842056831105e-01
5.943282478559667181e-01
2.249738987667580237e-01
-7.389476141221683614e-01
-9.878331931228114815e-01
-4.975842495639036245e-01
-6.826002892938118904e-01
-4.121182768695136334e-01
5.519906508482123053e-01
-5.008338885786451922e-01
-4.165350795219118635e-02
-7.648536694042575856e-01
-2.000763324090459316e-01
-6.166644811985416696e-01
1.066093525052049518e-01
-4.169075121865281064e-01
-9.257747370833548928e-01
-7.398072931111644435e-01
-6.996286295729564619e-01
-5.359218920814463605e-01
nan
-6.226684748803057445e-01
6.696107023945624404e-02
-9.371743996963874945e-01
-1.497847066495355539e-01
-1.183361652186317503e+00
-9.498073309891966187e-02
-7.774795163520409336e-01
-3.833681995569860335e-01
-7.278025296985100034e-01
-1.587563341047821819e-01
-3.798906368639958231e-01
-5.298800322602991164e-01
-7.591688136694083600e-01
-9.300135863940232894e-02
1.020074940260530666e-01
-9.829648545080635902e-01
-3.934034875104707729e-01
-9.196719274748890172e-01
1.296263275239377399e-02
-4.378332677445104792e-01
-1.468183206036365540e+00
-9.592172685017558154e-02
1.761557828306469231e-01
2.410793849044138015e-01
4.073966678704962208e-01
7.128222578970383472e-01
nan
-1.989923762212409408e-01
-8.530408399410271958e-01
-1.963926722010214676e-01
-8.726334219463024455e-01
-6.270201681729142829e-01
-8.399194799326409333e-01
-4.214144408161240030e-01
1.033321967431905103e-01
5.591072550403163033e-02
2.183769869477916042e-02
2.594312258696706563e-01
2.813786756722022261e-02
nan
-1.092765612939941705e-01
-1.037172773524814184e+00
-1.721873251978775221e-01
-8.699312238889369553e-01
-3.585299690629256686e-01
-1.713236016160976649e-01
-6.907605162710924729e-01
3.852556427740494449e-01
-6.206430698351902420e-01
nan
-9.826248344225709808e-01
8.674311264355714091e-01
8.648726716504068213e-02
-6.232421835638274343e-01
4.884055596426967738e-01
-3.320065994534109333e-01
2.086501889287394884e-01
7.908438243658424405e-01
-6.419297340204409563e-01
-2.876578716516602352e-01
-4.788807063071517378e-01
1.372675194094287177e-01
-1.025895967458806540e-01
-1.615120590988010918e-01
5.178801612549479572e-01
-9.101224915297837503e-01
-8.435712181862878856e-01
-2.651217553183536357e-01
-8.585719974528962517e-01
nan
5.455589939056181281e-01
-9.087068991528887141e-01
-6.697045351750526843e-01
-8.312404944123075179e-01
-3.746243640717666357e-01
-6.633061425488563367e-01
4.114347642497020452e-01
-5.339932051397462409e-01
-3.881033914196221901e-01
2.223513548899676284e-02
-4.567021128531732477e-01
-5.453982399168690876e-01
-6.780386147473188574e-02
-2.898072487740011027e-01
-3.584769921764050654e-02
-1.921506524795169868e-01
-1.649595806221775818e-01
-3.330423271519185047e-01
7.489756082598411080e-01
-8.926382966221019233e-01
-1.147429895574416658e+00
-1.564624981199848885e-01
-3.369078768227987686e-01
7.567427479634070142e-01
-2.996856607675847939e-01
-7.396706539563105975e-01
-6.169473466558624830e-01
-5.294597274747457893e-01
-5.050426616318828832e-02
-8.568569617050024734e-01
4.236056555410480651e-02
-3.330646779213192882e-02
5.713576220972806929e-01
-1.230558654131084229e+00
-1.120587848499716044e+00
-6.570848943373829298e-01
-7.748141720293836299e-01
-1.160658950293704583e+00
6.681929132758545054e-01
-5.088580660769502773e-01
-1.908616049003636073e-01
-3.832688860949567400e-01
2.854153606865756365e-01
-4.791600427755204339e-01
-1.197893948190578567e-01
1.302740914067429256e-01
-5.053297009247981197e-01
-1.406275740301249910e-01
-1.460000405218675745e-01
-6.190745537845936397e-01
3.446565098312748959e-02
-1.210514844134097379e+00
-1.364271807032334749e+00
-6.307783335488942322e-01
-1.226054024037429163e-01
-1.084625644735986327e+00
-4.611539704928132588e-01
-3.334471176158977923e-01
-4.874238768165678470e-01
5.183938079821810430e-01
7.050826740124872538e-01
-6.198270796131659655e-01
-2.776021140934881171e-01
-8.607040128478874452e-01
7.696917255727249163e-01
-6.775140253155179648e-01
9.782900227573755325e-01
-7.808875073829735225e-02
-7.898128058720358391e-01
3.556258578147018512e-01
-1.156295864151381414e+00
-3.530760069595479389e-01
-1.174797841688094202e+00
3.156563416647693021e-01
nan
-6.262545755938677683e-01
-1.018873768021398618e+00
2.763879579052640478e-01
-5.379511600326545295e-01
-2.292390257041010126e-01
-4.454466112256006971e-01
-1.501635230214135142e+00
-2.831170478540295243e-01
-6.687944740376053909e-01
-6.264935215375797561e-01
-1.500385690357484147e+00
-3.224597061149092614e-01
-5.929613747051920569e-01
-9.311513756768422523e-01
-2.689388802138136247e-01
-9.224082191301499756e-02
-1.022727648983029480e+00
-8.206090283853584300e-01
-7.359618549127205922e-01
-7.801489724029636585e-01
-1.246512121003465978e+00
-6.844667910077061324e-01
-4.405412083035135096e-01
-8.306723353570587554e-01
-2.512216759304324309e-01
2.887519177473973214e-02
-3.966360167078955556e-01
-9.804893793576938688e-01
-5.497886217844824008e-01
-5.739837706642417769e-01
1.555065328645591771e+00
6.146664982654277687e-02
-8.667689017769832915e-01
-1.177667966777070863e+00
-1.056671850129176748e+00
-8.179899245825917875e-01
2.675090338697677095e-01
7.235488141009546181e-01
-6.053087809212371884e-01
1.251226326459482785e-02
-3.312623991236381960e-01
2.918157458982324481e-01
-6.595681590415669593e-01
9.592543804767629523e-03
-2.236692083540863796e-01
-9.147684052618068051e-01
-8.387453653724480374e-01
2.185219911266638448e-01
8.944830658751989905e-02
-1.443786461607232452e+00
1.442122587827080915e+00
-6.557001950621645925e-01
3.721585500461098706e-01
-1.408382955078857912e-01
-1.077453019001955559e+00
6.491591937461835826e-01
-7.583134957707478307e-02
-4.397673005887460240e-01
2.359448312797243763e-01
2.212037588501532814e-01
-1.243459802066162245e+00
1.101002665087885912e+00
-1.282682233474718103e+00
7.675434641982850081e-01
1.188677908914944403e+00
-7.919787903818183150e-02
-9.725971802700712487e-01
-4.173077245244035671e-01
9.361309141413358681e-01
-1.313814526750602729e+00
-5.762786531961427983e-01
1.173855480789777646e-02
-5.647341364424857124e-01
-4.851048578587619509e-01
7.481824710461434935e-02
6.939482003914843045e-01
-3.146701617792928007e-01
-3.120386106627993927e-02
9.654214800103487482e-02
-1.149073190476952666e+00
-6.891225872294564070e-01
-1.448349275458259977e-01
-4.171319078438929795e-01
4.394840941950786672e-01
-1.755137887737640567e-01
-1.088379320689428553e+00
-7.291979583354328831e-01
-8.834752787257676987e-01
-5.370953828356630488e-01
4.400412796644195268e-01
-1.310821115840028250e+00
-7.298381615666915678e-01
nan
-1.370205969043956917e-01
-9.941500268778430405e-02
3.322779671030326454e-01
-6.187670819435163727e-01
-8.884733765015410956e-03
-1.397794207533916255e+00
9.561337049048785480e-03
2.547469127892881824e-01
4.910489595488770620e-02
-4.898391978108969647e-01
5.898232939748486447e-02
-4.316052103535269469e-01
5.198784481670911672e-01
-2.620908576571868154e-01
6.479617053546972150e-01
-9.199642815250308470e-01
2.693300620498973452e-01
-9.440146484214306799e-01
-6.909504827439433283e-01
3.889671100950700122e-01
-5.435378907508038315e-01
-1.495682543061193082e-01
-4.810306655121069502e-02
-7.872999037281226409e-01
-5.311024870690491673e-01
-2.470000730101115094e-01
-9.399276223819565124e-02
-5.999864073181518931e-01
-6.555254432029894440e-01
-6.350099226770726801e-01
-1.043435299033546926e+00
2.153423461150751894e-01
-1.726395137441109895e-01
-6.735538348076657300e-01
2.988110454516316183e-01
-9.708191494439820657e-01
-5.877952607801475438e-01
-2.576578484831720250e-01
-1.375720228755781260e+00
-2.453433301995154026e-01
2.665052758808929556e-01
1.301531030542612544e-01
-8.014723541922563754e-01
1.284616615587763633e-01
-2.734439786529646033e-01
6.989508128962373945e-01
-7.920055014771596458e-01
-1.521094343336970856e-01
8.834145873548282513e-02
-1.039893178505458149e+00
1.099299910010901993e+00
-1.012060397394985323e+00
8.179564511780775815e-01
-1.862670409229881530e-01
-3.348373203847343493e-01
-3.121540210190293929e-01
-4.463490224240739823e-01
-8.584945144373830328e-02
-7.768660118448462715e-01
4.432786182686965226e-01
-1.670122371718345822e-01
-3.745993369672080964e-01
-7.960980878537187166e-01
-3.256252273698056476e-01
2.190464711678043463e-01
-4.809631462985259343e-01
-6.264978336534153536e-02
-8.531549017357394904e-01
-1.095623072221992622e+00
-1.856316303242112886e-01
-7.779516305754318184e-01
2.221093663114739880e-01
8.260789515763890256e-02
-8.322471512564442175e-01
-1.322290371778194862e+00
-8.544264588628213142e-01
-4.002640606235662868e-01
4.427708990395201605e-02
-9.182572359781677740e-01
2.584380660705993399e-02
-1.014109429075777946e+00
-7.183287280712560285e-01
-5.342908435465145711e-01
-1.161823507054253524e+00
1.937416372439987045e-01
1.029268034713204161e+00
1.001090457450647536e-01
9.683683902272317845e-02
-3.174098317658299861e-01
6.481830620358759454e-01
-1.591682061036759910e-01
-9.565139866085711207e-01
4.056269508390186740e-01
nan
-9.942591218551466437e-01
4.675775024818837333e-01
-6.585190814450443408e-01
-2.575170143748258256e-01
-2.065934177749118861e-01
-6.478707146237252523e-01
-8.282844436274962030e-01
-1.091806803961251626e+00
-2.185436545189170243e-01
-5.369052816340103007e-01
-2.586424733640933504e-01
1.134229628574749515e+00
2.105048533816405304e-02
-1.746360859832557511e-01
-3.592566084435200313e-01
-1.032226274511713615e-01
-8.797643679579434384e-01
-3.386402653968448306e-01
2.979919733567104601e-01
-1.208980699390158620e+00
-8.071928848177817306e-01
-7.529199083975675055e-01
-6.580294229424269448e-01
-6.409581318854574994e-02
2.000453669013857183e-01
-2.666709248387941211e-01
3.416806304916816805e-01
-4.313095349597046574e-02
-2.408361989674602244e-01
-2.833136875892126594e-01
1.639361850518725183e-01
-4.198092712579335611e-02
-5.605468370000900036e-01
-8.154660450154298523e-01
-4.612811169891262164e-01
-5.808382066274130340e-01
-8.286570195613466305e-01
6.259161512784682246e-01
3.124357252650891703e-02
-9.237274628642593299e-01
3.384920010721358952e-01
-1.371886212054047594e-01
1.046206934683264977e+00
-5.244612614801694717e-01
-3.848843442055209785e-01
6.858856797379284109e-02
-1.328112701440301857e-01
-7.529609300478939948e-01
7.487338863014447732e-02
-2.055671773928407775e-01
-5.493997819084207590e-01
5.914087246062206260e-01
7.496716330055845923e-01
-6.347533745355610213e-01
-1.595097965940186213e-01
-1.948963107231596881e-01
1.208353784392313668e-01
nan
-6.248817059749289804e-01
-5.770531606389279755e-01
-3.845305221150002173e-01
-1.166448546439269984e+00
6.597293135028509115e-01
4.434767935054532706e-01
5.618354175554324259e-01
-5.667761569352987028e-01
-1.182141102678843980e+00
9.548457965685317461e-01
6.962827492855164779e-01
-8.094157596088475959e-01
-2.891297782405964356e-01
-3.741578739382850904e-01
-7.300799790800906186e-02
8.773027930772407945e-01
-6.728640068542939279e-01
-9.596530547540077505e-01
-6.254304113740858373e-01
1.721724647334523239e-01
-1.199485095074189767e-01
-1.428020148013249002e-01
-1.016275060908190531e+00
-3.406055527340922651e-01
-8.311096039965694127e-01
-3.108557190354490629e-01
-2.442468023598227955e-01
-1.140580277729613262e-01
6.961531223245234212e-01
-6.409968119676605625e-01
-7.131049064082682909e-01
3.473190960117909509e-01
2.117637050725368342e-01
nan
2.651373007731284148e-01
-7.697245080524044436e-01
-1.221013032950127197e+00
-1.076380814136545849e+00
1.527915390945648877e-01
-1.388490833369172339e+00
-4.986137242394038660e-01
-1.269336574230981729e-01
1.083644377094223343e-01
-7.217509257054899319e-02
2.158622724666328305e-02
-4.685874142472140624e-01
-1.322831095508961718e-01
nan
2.502645280745659506e-01
-1.617338712321929675e-02
1.689275065443208712e-01
-5.974145927643716991e-01
1.229154604457322469e-01
-2.589129017260141108e-01
5.329806142408017450e-02
1.662187545109671816e-01
5.508622703808963017e-02
-1.002773443073786019e+00
nan
-5.128277029381502761e-01
-2.008021749633083219e-01
8.528112384034924887e-02
1.397703113112208906e-01
8.167128891590508255e-02
9.697064993268019739e-01
-7.331877514426936582e-01
2.641221657411429447e-01
-3.980014008688780719e-02
-1.039090610130771086e+00
1.287644071804397994e+00
-1.324316152506789912e+00
-1.161942744801709226e+00
3.033085787320237703e-01
1.322352200412277301e-01
nan
-1.425748126506068303e+00
9.556668270960291256e-01
-1.040467195859083427e+00
-8.291809066979837217e-01
-6.863033231632967857e-01
-8.207858536687920870e-01
-7.465684498132518776e-02
-7.880624352626877105e-01
6.393993217109545935e-01
-6.333728189450330004e-02
-4.979909789254814007e-02
2.054793640456543391e-01
-3.562365222335859838e-01
-1.834012628834469916e-01
nan
-1.194518229679267352e+00
-2.225808564733046391e-01
1.844439393131119820e+00
1.927703623703153624e-01
-9.508397184587865647e-01
-1.285524708863808430e+00
-5.117518768220113978e-01
-1.027174920709634121e+00
-2.323395917542067646e-01
1.647524982770715851e-01
-7.136805446380906082e-02
-8.743477985837669886e-01
-5.581885604203181694e-01
-3.558352014156697662e-01
-3.386354973247732159e-01
-7.578782117061619861e-01
4.738796534052285292e-01
-2.992452923074274129e-01
3.513556354849945995e-01
-9.456323838013692695e-01
-3.236023742011875926e-01
-4.822330568058353917e-01
-9.190108370126252868e-02
1.042847557417789561e+00
5.067131992756511716e-01
1.400231796966159070e+00
-7.234805705427855838e-01
7.235329595218728538e-02
3.280546516195531614e-01
-1.611016162530904683e-01
-3.223763089395592085e-01
-4.576626804393123527e-01
2.534678392275924175e-01
-4.414920816646881185e-01
-9.086595873731730943e-01
8.653879834594963016e-01
7.312692258084484420e-01
-6.773753143059866311e-01
2.786385865525865119e-02
-5.663534457896547414e-01
6.382215472754563246e-01
2.821151208727746829e-01
-5.594358014661049427e-01
9.918502484010915943e-01
-1.661924252515018519e-01
-3.974312219760506859e-01
-1.075449771257932285e+00
3.363070169599480796e-01
-4.217329743446712742e-01
4.521376432016752656e-01
-8.350846772685904806e-01
nan
-1.213913791104292761e+00
2.832601412441066446e-01
-4.624435468653694814e-01
-1.066214782522700411e+00
-7.419594262662438933e-01
7.054397222560085390e-03
-6.833235392978127543e-01
-6.142078013953847782e-01
-4.535890557616940599e-01
-4.263307652473991016e-01
2.320936206840124305e-01
-5.396934832463006204e-01
-7.583714271854797850e-01
-2.760643411109240386e-01
-1.179273700879097442e+00
-6.659458951404605420e-01
-1.068286559217811182e-01
-3.419835771344135189e-01
3.564603530609146698e-01
-1.927136986354103295e-03
-1.560354677855746164e-01
1.982253881370837079e-01
-6.659591440573434662e-01
3.790718733496868942e-01
2.553452885236169312e-01
2.024583959026376168e-01
-4.850056504110766831e-01
-4.522507831488357111e-01
-4.959190514974686770e-01
-1.064059067833359462e+00
-1.993937775897933751e-01
-7.038605585989193836e-01
-3.494449937047073851e-01
-1.040957810937041650e+00
-8.172280735047552369e-01
-9.011381422919487738e-01
nan
8.825578856864567667e-01
-1.041984781479727618e+00
-2.042097296134164075e-01
-1.138133480549292920e-01
8.755995979312503064e-02
6.943349496861820347e-01
3.870069569588293623e-01
-8.607792922281525261e-01
-3.863326023220024497e-01
-6.527782801650192646e-01
-2.601329802500424448e-01
-5.688291289540939877e-01
2.778572280274124728e-01
-8.178613754089417154e-02
-7.370399777241531947e-02
-7.347622549032865047e-01
6.348330707997954514e-01
2.754279167177721144e-01
-2.611275564603186133e-02
-1.829642296313344629e-01
-8.253047278415599486e-01
4.446413736631025793e-01
-7.438329965970681412e-01
-1.203653802296330344e+00
-3.306071276225232003e-01
4.271987584523879306e-02
-5.729863660126913727e-01
1.853111819610751276e-01
6.399358128707350879e-01
-8.765547152462084268e-01
-5.487697130586685068e-01
-1.208952344088190189e+00
-4.265322922950354756e-01
3.894316033303686919e-01
-1.393788926579623055e+00
1.117241407349885307e+00
-2.746375578337420520e-01
-3.236258988473296183e-01
1.886173011964087098e-01
3.239675912320252316e-01
-8.226273739798604101e-01
1.082833083530202245e+00
-4.325038384153858662e-01
-2.502637546633245669e-01
2.149020030692685990e-01
-2.277872523268108240e-01
nan
-1.839826338241524473e-01
-3.742179095188887250e-01
-2.031438534057589951e-01
-4.021602199723056104e-01
-5.615469718551250322e-01
5.922139004579730637e-01
-2.032258073572291990e-01
-6.298989480040165789e-01
-5.452208896823433626e-02
nan
7.413307967945937937e-01
-5.518282924277997381e-01
-6.092726337138435477e-01
-7.459534188072285410e-01
-1.415519968250288363e-01
-5.621681967070509822e-01
-9.713804060702138990e-03
-2.446079693720777382e-01
-5.727228095264722540e-01
-1.969078799846567807e-01
-2.905871138483843152e-01
-7.711869438840340818e-01
8.454862412188617338e-01
-1.784396980084939910e-01
-4.685529978141104168e-01
-7.036441565651034846e-01
-6.564155337423378811e-02
6.734174754506280780e-02
nan
6.543200472394445910e-01
-2.345358319899426558e-01
5.006160930855833024e-01
-3.967689241000027511e-01
2.710783561129748720e-01
-4.443789211872586353e-01
-8.555015461658321829e-02
3.928981576980485890e-01
-1.555060470127233030e-01
-1.153755179939487174e+00
-3.008959822075701895e-01
1.658485577058186056e-01
-1.211943793342230791e+00
6.720306097681690016e-02
-5.308272739346185931e-01
-5.489814001543836808e-01
1.127657419808966721e-01
-8.602973863852366732e-01
-4.711452745602822678e-01
-4.509215689135820382e-01
-4.635970977472673171e-01
-4.879538249695802299e-01
-3.305093744001641465e-01
-7.411925652374817819e-01
-3.164925654467036220e-01
1.228835516571998576e-01
-4.469176146837304242e-01
-2.430547245656890232e-01
-2.298842192484983615e-01
-3.414088254753447904e-01
1.722108793343959665e-01
-2.580007700668146553e-01
-7.265734018294391916e-01
3.875065204630900317e-01
-8.744562710932489089e-03
-3.573886178297054905e-01
-4.914551078026745956e-01
4.088209090499135834e-01
-2.097573895284584045e-01
-3.086425606634625174e-01
9.451292570838769336e-02
-2.212841302672832466e-01
-4.182524122357327290e-01
-1.596898925993244511e-01
-8.418882812542367589e-01
-7.259654355764837141e-02
-7.209447163300479466e-02
2.509481053263024064e-01
-4.587580067101126174e-02
-5.789977059569827444e-01
1.211733183766530858e-01
-5.014889551245833577e-01
-7.876201445294180870e-01
-3.390228597623414775e-01
-7.320772267961044300e-01
-9.850471136944040085e-01
-6.024934403533208638e-01
-7.103745250763787711e-02
-2.642710543844095095e-01
-6.709517563470850376e-01
-9.644941217174651804e-01
1.615084765623357455e-01
9.730511531377737666e-02
8.056287110883643063e-03
-1.706670231473543242e-01
-1.939344449660838909e-01
-4.316245409289340418e-01
7.700569522426105318e-02
3.638176475888116879e-01
-3.972538826546578861e-01
-3.026047452578287666e-01
-3.624379509335993732e-01
-3.400972419835971428e-01
2.758730695896036145e-01
-3.120782757691030751e-01
3.760043988920978020e-01
-1.904481454769595405e-01
-6.894601978400101139e-01
-1.407552301375752657e-01
-1.922054739489338360e-01
-6.587503720084563197e-01
-3.306272476272430483e-01
-3.790792820911778604e-01
5.941942489572552555e-01
-7.357680688799123070e-01
-2.996789912320682037e-01
-2.596383184312479886e-02
-3.724716031366364644e-01
-3.770549735791021290e-02
-3.997912435686031274e-01
2.808108194915884259e-01
4.484284099551003600e-01
-3.556592831226942364e-01
-1.431295046872253507e-01
2.311436462740152631e-01
-8.415550987868559707e-01
4.539988611650638828e-02
-6.228997086034846475e-01
1.346689137614420217e-01
-4.634535514216197027e-01
-6.839731322615102416e-01
-8.537914899186509476e-01
1.117590341394928827e-01
-4.349193501313896454e-02
-6.528020639781896284e-01
2.918979369171311178e-01
-4.701820273490338042e-01
7.674129823218152346e-02
-2.198845684960054614e-02
-3.996846938093537860e-01
-8.594709809735657791e-01
-1.276646269968259306e-01
-7.744695283507774253e-01
-3.785788428586928656e-01
-1.239956181656834411e-02
-1.489594721955435630e-01
1.771742583654121669e-02
1.617279116289448426e-01
-1.987588169381402370e-01
-3.564629740132183588e-01
-1.931868595762518959e-01
-4.603540538365442636e-01
-4.067862060085259968e-01
-4.651002816490236724e-01
3.383699659069093202e-01
-3.084456638132163087e-01
-3.374548905540434851e-01
-4.399694466746278398e-01
9.295316562279964945e-01
-1.145363735827161639e-01
-2.775127575136161415e-02
1.333263559516031649e-01
-2.960482972728549142e-02
-3.374740553136122978e-01
-2.251553016602876045e-01
-2.669691216770103126e-01
-7.271732006686931760e-01
-1.488075468191382700e-01
-5.893866318881590960e-01
-7.982415730719205627e-02
-2.052332486861139227e-01
9.778649557945412463e-02
-2.044468744520234471e-01
-7.820326094655583038e-01
1.273375234194535910e-01
-6.782341714342194905e-01
-4.658699445801999794e-01
-8.373028361947690845e-01
-1.170653013784686447e+00
-2.580577560910501597e-02
-5.247473118619397359e-02
-2.461658823576971522e-01
-1.228953402198183359e-01
-2.532499434401332961e-01
3.568914853131896492e-01
3.376670202750933214e-01
3.159853052744013846e-01
-4.462459929936716807e-01
-6.180378532602466557e-02
-7.862070222962423971e-01
-4.916997069713641699e-01
-9.314399224858159743e-01
-4.853644115192368158e-01
-3.254854755092200236e-01
3.605166653382053665e-01
-1.704079629567470389e-01
5.055861597064331692e-01
-2.297078448030020481e-01
-5.788759812656646409e-01
-2.995852638523632261e-01
-2.280653967939720028e-01
-5.914031328756098604e-01
-4.964141778200454325e-01
4.347521370282497188e-01
-8.123662730433009460e-02
-3.792082826492380043e-01
-1.766807079904377242e-01
-8.028554846481965324e-02
-5.447920804530989036e-01
5.349065009841522667e-01
-3.365984864072433802e-01
-5.484781864257126660e-01
-6.317668858391481956e-01
-3.706969121128937950e-01
-1.652998439464969938e-01
2.274669374526203380e-01
-1.836827859900304338e-01
-7.985428330154027421e-01
-8.324328840775524485e-01
-2.624760578528489430e-01
-2.653966626828064834e-01
-8.357497558360316159e-01
1.184594666967728888e-01
-5.590868613320320035e-01
-2.736903335882406307e-01
-6.307961626174869441e-01
-9.323433384081201147e-01
-3.887803585268974627e-01
-6.536543780568981887e-01
-4.111206626587809443e-01
3.322900878414042358e-02
-5.241521307162805288e-01
2.316206554014357544e-01
-7.328247471835691584e-01
2.653533763637886955e-01
-4.731678136985802419e-01
-3.678207657991025559e-01
-3.272780726859766259e-02
-7.087228835510014369e-01
2.147949838292642910e-01
-2.957806754211886324e-01
-5.373104523504534935e-01
2.375840481867783627e-01
-3.202989858459908690e-01
-4.288777542330216019e-01
-2.287412120961346274e-01
-7.101477895696761689e-02
-4.119446724541344085e-01
-7.959790927589479592e-01
-6.131432757313107773e-01
-1.445682114799591300e-01
-5.740415339561486530e-01
-7.476472168156120812e-01
-4.077521431517025507e-01
-9.197619364617976023e-02
1.651961217628243883e-01
-1.072556281140988194e-01
1.812883223219718953e-02
-2.242459461131817433e-01
-9.263761577785203372e-01
-1.742070221317477408e-01
1.136617068464935709e-01
-4.780138748434756835e-01
2.050486275165193661e-01
-3.536916024796242786e-01
-9.690989881916953763e-01
-7.742767787634370347e-01
-3.977645129676474767e-01
4.097639750848210971e-01
-7.189215328187666953e-01
1.826137044803566867e-01
1.465122627198230942e-01
-4.432437665145501637e-01
-5.079355451037147473e-01
-3.195763505451176822e-01
-1.884738985724085381e-01
-3.644054258678841585e-01
3.111835294789364603e-01
-1.228444116985759477e-01
-2.971233982126554943e-02
4.660161451030339630e-01
-9.405796604069922850e-02
-5.948489927462875977e-03
-3.354454247143505430e-02
-1.882831484322727011e-01
4.575785866305329130e-01
-3.336445099393299529e-02
-2.245220973297863409e-01
-2.523115328376091537e-01
-2.369686326065476023e-01
4.031719174374721604e-01
-3.808307556021729989e-01
-3.627408420971899305e-01
-1.604754894246792143e-02
-1.168155595896819138e-01
-3.287516038828351417e-01
-5.196795641761979834e-01
-3.010314415074270000e-01
-5.520085228600299931e-01
3.207907940819442194e-01
-4.151407126376200352e-01
-1.189716913192176428e-02
-4.099462107494522001e-01
1.368961118244223507e-01
-4.035876107855393413e-01
-3.283569710564074873e-01
2.001811210843203737e-01
6.881326088329896562e-01
-4.862606515344962133e-01
-3.552850411914274531e-01
-2.573667494437028580e-01
-5.024989061489502085e-01
7.408630925649668797e-02
-2.172778182075575104e-01
1.483712680743405100e-02
-1.227535867948516685e-01
-9.626262038564953327e-03
5.108101595907923453e-01
-4.247458103512443128e-01
-9.053591544917223288e-01
1.714425887968501760e-01
-2.070991049196581335e-02
-2.883542028084471465e-01
-6.667402360420090490e-01
-6.042858008042388818e-01
3.227684117229828731e-02
1.995089003317427889e-01
-6.030447548871979979e-01
-2.738966051711794192e-01
-8.062952458124607036e-01
-3.104321448529643312e-01
-8.712557288454022553e-01
-2.753226725620073756e-01
-4.864429144176500297e-01
-1.069730217703722813e-01
-2.018497459516089554e-01
-7.899039654466283311e-01
-1.747210146000997277e-01
-3.830463540846903991e-01
1.877227299456976917e-01
-5.424976976903328474e-01
-3.110233733439026760e-01
-7.991706432528313808e-01
-2.333637639621798376e-01
-7.658445676540129865e-01
-6.379154600925562857e-01
-6.692399697799106262e-01
4.249612396930221858e-02
-5.162825927516603297e-01
-4.461203729464486845e-01
-5.058647754907171779e-01
1.482273197828475608e-01
-2.542435099553437827e-01
-4.060739941854180080e-01
-6.901193981907540742e-01
-2.971930147502575559e-01
-9.793340165969197653e-01
3.903556212342554899e-01
-1.552062478489706077e-02
-2.777580067334868286e-01
-3.380081064883754260e-01
1.976516341261866927e-01
-5.602398571706098673e-01
-3.841389935510017284e-01
-7.504502130061269094e-01
-4.743773815019868278e-01
-3.300630739594183072e-01
-1.357106751613408324e-01
-4.265492848690933259e-01
-5.355806516862411382e-01
-2.718421746862078603e-01
-7.852279892025395558e-01
-2.492008413964320046e-01
-4.388086368299169426e-01
3.111601281556291565e-01
-9.932293627417980719e-01
-6.616538521047107269e-01
-5.234185818937404644e-01
-7.241180852673011481e-01
-1.677383413875996598e-01
-1.105829901030748880e-01
-2.085534731489601112e-01
-1.048339147190540999e+00
1.155953657744909768e-01
2.031957117111098665e-01
-1.824825905835721906e-01
-6.883708616073541675e-01
-4.639792977166677934e-01
-6.672287430268697417e-01
-7.790986782792294063e-01
-8.146629040379946840e-01
-3.013727340833978197e-01
-3.009942618396101444e-01
-7.704016300160940744e-01
3.493481132183076099e-01
-8.449984176586872175e-01
-4.009247560563367063e-01
-1.486179692922108830e-01
-5.120858172576652212e-01
-8.942455954215023928e-01
-5.289278988968811879e-01
-3.041515221677553726e-01
-1.510465327821110537e-01
-1.339743339106397313e-01
6.416084796855074657e-02
-2.206350930832798041e-01
-1.075402657511340954e-01
-2.810749284923432234e-01
-7.915622368422781108e-01
8.679550892527512773e-02
7.001573685494524302e-01
-9.512559582844151151e-01
-2.366026353804314974e-01
3.245765756701316646e-02
4.087747233622766041e-01
-5.501471478209980503e-01
7.318734068327166220e-01
-6.380639755311132699e-01
5.087220732583360716e-01
-3.630139206877056601e-01
-1.855437609623993012e-01
-4.117662024880047733e-01
-4.002803017314452982e-01
-2.734666513550124689e-01
-5.544154345469441969e-01
-3.042607720350117284e-01
-1.258146539936800368e+00
1.154280555010267911e-01
-1.106680448570412256e+00
-5.741539627296664283e-02
-8.332522207774613054e-01
-1.055470661929985399e+00
-2.370653966498542098e-01
-1.870158109952648195e-01
5.960618944444925349e-01
-7.599236040522603375e-01
1.172108879868490605e-01
-1.564650551131946954e-01
-9.728198486129697731e-01
1.968280242585719320e-01
-7.771018837122740941e-02
8.605040097266201948e-02
-5.725082560693371958e-01
-5.959273292460081084e-01
-1.124507268589297893e-01
-8.796082171715209341e-01
1.765092155742085944e-01
-1.116889192127112684e+00
-3.025618655762618014e-01
4.025196629997807030e-01
-3.008202365908100306e-01
-3.325866372260266046e-01
-1.995262991452041446e-01
-7.487236444836609106e-01
-5.560215186228013584e-01
3.868417388129746781e-01
3.877376313781523420e-02
-7.041596554430704646e-01
-1.304547770119820864e-02
-1.167105345202803957e+00
-9.946904332420086758e-01
-6.276963797443296800e-01
2.441865535862049741e-01
-4.894477500908333556e-01
6.981849179673171868e-01
-2.519001497689014046e-01
-5.997372223264203495e-01
-4.371601581704948059e-01
-7.051748495527969673e-01
-8.264511297510441779e-01
-4.389122926826035664e-01
2.132460269202263448e-01
4.054345090757917047e-01
-2.298102465335223332e-01
-1.274908430671530812e+00
-8.349212185067643732e-01
-5.308176817015183291e-01
-4.045780648729440654e-01
-4.791336205450756336e-01
-4.239441391207516285e-01
-2.802140095383399143e-01
-3.377587966634906236e-01
-4.642076480608132161e-01
7.486195198681153684e-01
-6.565259788134730767e-01
-7.635713710645035401e-02
-1.184053012551193218e+00
1.277019918328470283e-01
-1.199333434917631939e-02
2.653906299525695678e-01
-4.525491647167019238e-01
6.550450731309215291e-01
1.079473731057269542e-01
-2.252129351837221516e-01
-1.098760490930374839e-01
-3.915353537354458457e-01
-9.877677624578019566e-01
-9.341122735558129442e-01
-8.216632879863813299e-01
-2.467289451857155452e-02
-1.031914701097637749e-01
-5.950886525472640631e-01
-5.103093973396166660e-01
-6.161867973597207060e-01
-3.883059449033804955e-01
-5.947475261476100616e-01
-6.529762363404679748e-01
2.381674199619598919e-01
-2.525358840635475999e-01
-4.821849231328860785e-01
-7.284052096979055646e-01
6.867168215749322457e-02
-8.637605625714365187e-01
4.491933312993590111e-01
8.042400631691949409e-01
-3.128176684437139476e-01
-1.080142259577262953e+00
-7.202996203705712419e-02
1.049493790621614797e-01
-1.096042687773932434e+00
-3.026682843707123038e-01
-5.764916704199951614e-01
-1.217556242884235251e+00
-6.001680776169843190e-01
-4.886528356912867022e-01
-1.696950552965042214e-01
-3.062443283333587951e-01
-1.303541334188362301e-02
4.636216431174157160e-01
-8.926139208115299595e-02
-4.913696143208071132e-01
-2.653981610318169593e-01
-1.715475394107180418e-01
-7.688709914522458000e-01
-5.113519408077258355e-01
-1.141519172346824762e+00
-5.339269262699382068e-01
-5.052150623311771893e-01
-4.472430071073020263e-01
2.620840701991194455e-01
-3.725242592193585001e-01
-4.352594091602476900e-01
-4.291426609186881347e-01
4.678473485783035679e-01
-4.235758440644785128e-01
-7.920206037154612355e-01
-7.199648769134888715e-01
-5.250468807045979291e-01
-6.687312348424531150e-01
-4.265360809675757675e-02
4.016399080980667669e-01
-2.570812434704884408e-01
-8.236185812335128364e-01
-4.324914185290756885e-01
2.615916577418861411e-01
-1.342273240753373953e+00
-7.256631254492239558e-01
-1.514870377601368334e-01
-6.549401932080953781e-01
1.123970076696866882e-01
-1.685041198680862010e-02
-1.064638646538738964e+00
2.084660156067993375e-01
-3.963670624087531347e-01
-4.241225737661500905e-01
-9.463200892402772180e-01
5.842585673448758010e-01
-9.575847658447455002e-01
-6.627968583939504166e-01
-5.538128592409041762e-01
-8.130998728462317249e-02
-5.421021174373962248e-01
-9.713229246046873877e-01
-7.179702653411251800e-02
-9.626886038858012418e-01
4.059845378684553280e-02
-1.631653592199877600e-01
-1.054555941324893664e-01
-7.161838892529789335e-01
-1.513301064823248943e-01
6.913141885430545974e-01
-1.210933144723652238e-01
2.412657053505815608e-01
6.561690695566259335e-02
6.583698536131057377e-01
-3.288955537579148491e-01
2.629535471758591703e-01
-7.095581565590217688e-01
-1.079296648110340318e+00
1.932565342073251369e-01
-6.902672477473479340e-01
-6.700437773483907122e-01
-9.973629262940961748e-01
-2.933254142262020636e-01
6.294522242191021855e-01
6.112831817133156376e-01
-8.980252172304041824e-01
8.949498703277030121e-01
-9.296960209479369075e-01
3.051426489423718358e-02
4.736073208665832479e-01
-4.831618557664410507e-01
-2.906639062641867555e-01
9.346954438518471076e-01
-3.859320832456798467e-01
-2.211429220925961378e-02
-4.319308168173005558e-01
-6.566886612373591392e-01
-3.252660929947229218e-01
-5.901166424220745110e-01
-6.089396499214624336e-01
-8.072088742317499177e-01
-4.145231687736080084e-01
-1.751226560517766540e-01
-1.154281607810828392e-01
-4.341860042420344623e-01
-5.106358804346899927e-01
-7.079393663121102964e-01
2.457300110187705944e-01
-5.302974055639676498e-01
-1.217207437483934646e-01
-2.857149354201462543e-01
-4.206366415295785255e-01
-3.775820834407393467e-01
-4.186122049166005055e-01
-1.256137734471804546e+00
2.210740114676225943e-01
4.487030135479210813e-01
-6.765923154718834764e-01
-9.465038401912137522e-02
6.282604947667177475e-01
-1.374392466748602715e+00
-1.115870639720833113e+00
-3.609552224928673225e-01
-4.207156303822121579e-01
-6.292949478503474525e-01
-1.244630861315222825e+00
-9.116623353630292081e-01
-1.252758756793648787e-01
4.802373256202857599e-02
4.595677275757238944e-01
-6.139340796184368232e-01
2.872122837110465676e-01
4.786473896765221503e-01
3.348354235877090135e-01
6.430522584857165658e-01
-5.917288535615592426e-01
-7.980033791769103324e-01
-7.524053049696116657e-01
-8.479094054855706997e-01
-7.240501977799363997e-01
5.727278832467173064e-01
-9.680500532720954787e-01
-4.884645682839789949e-01
-6.729109114562941141e-01
-5.266179268393670343e-01
2.492735090842673196e-01
6.107187858997390473e-01
-2.524322190835489033e-01
-1.239993845014654844e-01
-1.217495053916753944e+00
-4.560676285561520715e-01
-1.001815264996714916e+00
-4.687738111829256593e-01
-6.706285845215093078e-01
1.227990592752432192e-01
-8.036463304217181802e-01
1.167656649013168596e-01
-4.350491165834199370e-01
-5.623476671928170356e-01
-3.177214108365425393e-01
-1.129487086210243380e-01
-5.894292413114479712e-02
-5.955680121771381730e-01
-6.710583207436778830e-01
-2.448626109116503191e-01
-1.074747726616259724e+00
-8.208765876363364189e-01
-8.435765507905921279e-01
3.585089516554602063e-01
-2.774342776081878958e-01
-2.494599600886949209e-01
8.992256710738084913e-02
-2.560493920353754671e-01
-4.256351983132939387e-01
-4.706954386472113061e-01
9.102502809901795097e-03
-1.058838867426949770e+00
-9.277219020392400983e-01
-7.972515790685515968e-01
-4.279755800324502868e-01
-1.885964149127085376e-01
-4.252725720020536504e-01
-1.720191952892489717e-01
-6.993998495456671405e-01
2.238100105225428738e-01
-1.012350013350311606e+00
-9.718917023081409257e-01
-4.275435129652926936e-01
-1.115072307252519268e-01
-4.540506915221139139e-01
-6.287299341456366042e-01
-2.999805117518115384e-04
-1.062583539552435785e-01
-3.288143661026078912e-01
-4.258682829634188316e-01
-4.659112316956499633e-01
2.602458221194406396e-02
-4.358889125693984345e-01
-8.449499389431496255e-01
-4.345804055012228995e-01
-7.618816629981248756e-01
6.652361365050246667e-02
-3.024960936071322548e-01
-7.822775354375109957e-01
3.488044279273064957e-02
-6.070650418712550955e-01
5.435758123118066693e-02
5.447673785427220583e-01
-9.135326411891777632e-01
-2.149810620903052083e-01
-4.758845826989233085e-01
-1.795687600551133800e-01
-5.206928539597156513e-01
-1.332034817499819779e+00
-5.579305533246314841e-01
1.129481742955479096e+00
-6.518292000832124344e-01
-4.633143436424189132e-01
-8.517496374830162420e-01
-1.186548547383942109e+00
-7.283101605944041212e-01
-7.623681400529742913e-02
-1.026680423810584497e-01
3.226742687859470715e-01
-8.306862547210488446e-01
-1.468329381495689645e-01
-4.558111876235588777e-01
8.256257903629679040e-01
-1.983719313752057845e-01
-1.678729521448634632e+00
-1.918541960634055632e-01
-4.249235273445126637e-01
-7.441444007440647379e-01
-3.038697507587804769e-01
-5.124850805998730774e-01
-5.649764709980906741e-01
-1.035908932337914756e-01
1.644283720541384330e-01
-8.840958634979226849e-01
-9.466619566039434774e-01
8.402041988252503257e-01
2.745718973893751524e-01
-2.308651171541678815e-01
4.272268804528327191e-02
2.139320128534990817e-01
-4.870159229657330946e-01
-6.070409778790863964e-01
-3.903482330772673481e-01
2.189879464907630024e-01
-8.778068006173852522e-01
-2.422413285755802559e-01
-7.545724145429071328e-01
8.912154133855900717e-01
-9.385389541277452952e-02
-3.059006785617320312e-01
-6.729373985532789426e-01
-1.027024898465999092e+00
-2.929584171219148936e-01
-4.301085961582893358e-01
-8.254985128105274406e-01
-8.469001576239442164e-01
-1.316574991321381560e+00
-2.739673874588378633e-01
-9.186449196269672601e-01
-1.676387374585054102e-01
-4.603378746405428767e-01
-6.555975047678930245e-01
-2.253072720327830847e-01
-3.167172445568752770e-02
-4.501460706635858622e-01
-9.732447401507536844e-01
-9.287300756975080951e-01
4.477516985924990256e-01
-8.080363550183233823e-02
-1.177070653309492787e+00
7.849730555202387716e-01
2.136655555512473048e-01
-1.104820047157369645e-01
-6.205169841152012866e-01
-1.091188819257294940e-01
5.350121403607331905e-01
-1.921755034272640827e-01
3.133517603599213497e-01
-1.180475406696718021e+00
1.920978577464289502e-02
3.676197826592585982e-01
-7.034928087570754274e-01
-1.009553205877917303e+00
-1.046811424252787059e+00
6.111035342658753811e-01
-6.605781552479015328e-01
-1.079625296495562603e+00
-4.851366838950658122e-01
5.974577783606986603e-02
-4.556250048792884200e-01
-5.480014874378673628e-01
-6.240285770691621492e-01
-2.899243470703942727e-01
-5.319905715236478150e-01
1.319520021131986298e-01
-3.762446439544922527e-01
-1.004942750271847540e+00
-4.452764703630599508e-01
-9.993839397200979802e-01
-2.410426231751394144e-01
-6.563296276979903032e-01
-3.557570446657868923e-01
-3.642534115444520104e-01
-1.056143731636593142e+00
-5.443263762262396943e-01
-5.510326318327758433e-01
2.748196782586967424e-01
-7.424988999113291133e-01
-8.012304725982317966e-02
-2.484491380896564350e-01
-8.629270944737208460e-01
-1.850811508569555619e-01
7.731239301800998387e-01
-1.521175572481473059e+00
-7.896770145152609555e-01
-2.800960332323604307e-01
-3.631542313653389198e-01
1.942709416882475448e-01
3.491469129808962291e-01
-6.631362703342634779e-01
-5.810406945148494096e-01
-5.418577556902308690e-01
-7.522153184013217198e-01
-6.453491076736596055e-01
-2.388442519132596142e-01
-7.990229585702596227e-01
-7.391137201507592680e-01
-7.763418264907472333e-01
-1.958068084844372947e-01
2.875062721517497311e-01
-1.009551912815116609e-01
-2.597232281609492266e-01
-2.996235621667353022e-01
6.020747803330410430e-02
1.720300552829667762e-01
1.723461981495157946e-01
7.565157693627828639e-01
-1.576353071774706238e-01
-5.176999780704822918e-01
-5.993105693738816075e-01
3.615471733887080652e-01
-5.094130611080401744e-02
-5.317290975378390350e-01
-1.978831595914196662e-01
-8.617029621601950407e-01
-9.165048726978882732e-01
-3.810149767040775792e-01
-3.235927824608659242e-01
-1.241970195755213169e+00
1.192089014662557622e-01
-3.213055183265449144e-01
4.759327884587229440e-01
-4.520396811598593745e-01
1.101478273621562254e-01
-6.606707984659647703e-01
-6.900063359061585633e-01
-3.417837044941993696e-01
-8.059251883928100213e-01
-4.012037340238460148e-01
2.292469132523756829e-03
-8.943150318616309435e-02
-1.964515228745422892e-01
-6.479698983609927243e-01
-7.307688288359734941e-01
1.180213749797988376e-01
-4.870484331925369753e-02
3.817754705886070021e-01
-3.748747363770399965e-01
-8.296779858952880726e-01
-9.734834656024664579e-01
2.705415459574147530e-01
-5.088792879243125844e-01
-1.791238800777426865e-01
-7.760248211508521399e-01
-3.916814924679208332e-01
-1.713538896121303834e-01
-8.271437559265781836e-01
-7.190965793885307766e-01
-6.075082541093173027e-01
8.589396900962543713e-01
-5.582931227666310114e-01
1.564051420509977031e-01
-6.753021551203531869e-01
-5.827530595174509331e-01
-5.079885857968734486e-01
-6.329504704643209578e-01
-8.717371515514142910e-01
-1.560709425204475642e-01
-8.675548342010940273e-01
-5.878676040655899104e-01
-1.035095519560139454e+00
-1.663757134853540709e-01
3.077041944967126019e-01
-5.321985091257122047e-01
-5.549585997372568080e-01
9.691155080367520880e-02
-8.084080693220481173e-01
-1.037596198052984364e-01
3.433913519567619588e-01
-8.001880388890441065e-01
-2.904409262606645892e-01
-3.209824169904068603e-01
-2.561970877342865244e-02
3.255009021527147106e-02
-9.850229222809071539e-01
1.343640549944208062e-01
-5.752835715216967349e-01
7.194049032471331317e-01
1.043228127407790223e-01
-3.196195203343590308e-01
-1.760892015980312086e-01
-1.245163232799806119e+00
-3.676213133846742975e-01
4.721745609159589963e-01
-3.612165892814352131e-02
-9.471986162172079116e-01
-9.196624017276547325e-02
-4.708777791695581971e-01
-3.182812990347286819e-01
-6.086030860500850626e-01
-8.637201603366798652e-01
1.641664670041860230e-01
-9.024667267601071963e-02
1.859937021220896824e-01
-1.830139587256743305e-01
-3.233456208034399260e-01
-4.705326161374425720e-01
-1.752530676364228920e-02
-5.552038671327627073e-01
-4.084443064321144345e-01
-4.273021779448787361e-01
-6.744885409632886963e-01
1.737624424961461619e-02
-3.078072221937792619e-01
-1.100771708536818494e+00
-4.043944307149005546e-01
-7.557681452173016234e-01
-1.352874239436197834e-01
-9.081934152015370687e-01
-1.994059489669662566e-01
-5.851335831712679569e-01
-1.027553450690037451e+00
-4.430724801441714433e-01
-3.270167384809331557e-01
-4.962438724897249021e-01
-2.367254007263227267e-01
1.951797937397766469e-01
-2.789864836149448246e-01
-8.789432455920314080e-01
-1.820520124462939870e-01
-3.984962108972518458e-01
-4.439400255266867656e-01
-7.131490155930291230e-01
-3.401532615673146243e-01
-5.508659634001449312e-01
-1.245415192944338140e-01
-8.226016076555324741e-01
-8.951285023303671151e-01
-6.961647405318714954e-01
1.415044278661111155e-01
-2.204606008954773655e-01
-1.147787600026509841e-01
3.768675609379324443e-01
2.637374281150308697e-01
-9.345206774103590464e-01
-2.091629478737443149e-01
-1.281544723487160864e+00
4.199378379240601561e-02
5.848929308029218732e-02
-1.688255851325099199e-01
-6.836930298443633092e-01
-7.282099891668696034e-02
7.898453002144782964e-01
-2.188732734485512310e-01
2.323818138827073512e-02
1.624981509342652841e-01
-6.434452418994607292e-01
-1.997278221647197094e-01
-3.958085702080526014e-01
1.436501176961864912e-01
1.077344205746743278e+00
-5.438349245870746085e-01
1.550962157321219941e-02
-5.293788164902344384e-01
-9.074530050959056515e-01
-2.213103153168439197e-01
-5.941643486278911368e-01
-4.691857219955573033e-01
-4.740012069312223852e-01
-2.878886403291577856e-01
2.523530269903355716e-01
-1.250429102342976551e+00
9.506586549887066084e-01
7.463863319807457763e-01
-4.027910557044378503e-01
-8.387041294582371354e-01
5.903353613337573857e-02
-7.140260517224490400e-01
-6.255566142470898594e-01
1.214667838018804319e-01
-9.162443830143752743e-01
-1.083988195826069534e+00
-2.360476366759925726e-01
-8.895423805488225089e-01
-5.028288679532622041e-01
-8.510604388602246440e-01
4.261236521890689466e-01
-2.067002153432841993e-01
4.636067961265205040e-01
-4.703387467838171521e-01
-6.745011759103691773e-01
5.679128694438717595e-01
-1.621368080390253319e-01
-4.430925495925264190e-01
1.150815623461056841e-01
-1.517051141828761746e-02
1.855856154896411148e-01
-1.525926796927912221e-01
-8.991973502741041901e-01
-8.172361860920114296e-01
5.189468748785056595e-01
-1.571460069056722642e-01
-6.386738312079350832e-01
-6.943327933911408456e-01
-5.799685173892626944e-01
5.336605399170887831e-02
-5.625018400181260869e-01
-6.976804134677538904e-01
-5.370616813477953055e-01
-7.105260466717535639e-01
5.040554914191502228e-02
-1.545541596159297759e-01
1.270231591582327568e-01
-4.545937029846062183e-01
-8.638912329157363290e-01
-3.263733563601171062e-01
2.116237193331036714e-01
-1.090519054686061029e-01
-1.319355251344696833e-01
-8.284129627220677694e-01
-9.380293151475381785e-01
-6.886059655199749940e-02
-7.981514854296356543e-01
-1.835529652407035250e-01
-1.144820222028495760e+00
8.035264114353789511e-01
-3.850544735442638089e-01
4.756327653326129778e-02
-5.365642604557656348e-02
-7.483073195499841124e-02
-1.304359406769270147e-01
-6.031379502018460181e-01
-8.173174401993492655e-01
-7.836175490258168175e-02
-5.588691976834238989e-02
-5.806492218331541499e-01
-2.963445304070993491e-01
1.326851804473163365e-01
-1.025057731917005777e+00
-3.891612268135709596e-01
9.163511097057079873e-04
-1.283459492282923886e+00
2.582797822979506774e-01
-5.928994415872403945e-01
-5.086820757244579772e-02
-4.516434806161669369e-01
-6.273146764851629253e-01
-8.406618290248900338e-02
-7.191229734729995826e-01
-7.767085427351467786e-01
9.481214591628162047e-01
-7.838136453329648257e-01
-8.960805355661817240e-01
2.345294447194490317e-02
-2.104389007693349134e-01
-2.661790884364247378e-01
-3.846677603887279639e-01
7.436486526227076288e-02
-7.319601469574367192e-01
-4.832457600947056564e-01
-9.838482388496632147e-01
-1.053397813526402604e+00
-4.560589173790668416e-01
-9.573616621786037659e-03
-3.303184501482603341e-01
-5.285805647600589907e-01
-6.098504067307715104e-01
-5.971319384492363991e-01
-8.196749817334625376e-01
1.860064579153596076e-01
-6.603322009121510572e-01
1.423793071573711544e-01
-1.624048097687601569e-02
-3.053942763030288998e-01
-9.036103113852033131e-01
-6.800895202378168802e-01
-7.288979363797670752e-01
-3.985419686161905117e-01
-3.623532580122736935e-01
-4.621991277080629290e-01
2.455624642176588643e-02
-8.946966650123817644e-01
-1.023161121799574413e+00
2.098564452150883664e-01
-9.481854530528525116e-01
-7.745488420914100614e-01
3.820758825101905898e-01
-1.233272798255050207e+00
-7.796979280161732140e-01
-3.740082910005680383e-01
-1.946748654693490621e-01
-2.062404904987355236e-01
-1.032001084100706290e-01
3.640783964878666068e-01
-6.505992951869864482e-01
-1.635210253346353060e-01
-9.104244565420271940e-01
4.909948314778728728e-01
-7.519337107619878946e-01
-7.113531552432603329e-03
-1.999002362965265345e-01
-1.226795245459462835e+00
-1.026936608862612177e+00
-6.761458715861919933e-01
-6.784097932450368074e-01
-6.971627343742782257e-01
1.279273614462505648e+00
-3.957519041851785269e-01
-2.521946715633462399e-01
3.059745925880840156e-01
-1.084962927719233416e+00
-7.588584379160767668e-01
1.572821068958041302e-01
-9.146024795391654028e-01
-1.802167733113787529e-01
9.175449693938629234e-03
-2.023738907556600630e-01
2.278088943003876710e-01
-6.717032961757533061e-01
-1.085807964561385841e+00
-5.838253672440277819e-01
-9.603288628096774415e-01
-5.436589419353586861e-01
-4.216749342791121791e-01
-8.168950265765461127e-01
2.086351201565171953e-01
7.855341374045120284e-02
-5.880578081510230426e-01
-7.288760222835791724e-01
-7.261307943480881377e-01
-7.534719260198640134e-01
-3.913380465374077244e-01
4.000865625001708836e-01
-1.448932297344654729e-01
-2.078257825593222419e-01
-6.516349989046572588e-01
-2.519364488130786950e-01
1.518406464671953060e-01
-2.250439226727446729e-01
1.014806281973696100e-01
4.887620296750092887e-03
-7.723485992729346716e-02
3.113947220513769709e-01
-4.455967721133128334e-01
-3.146055788606310077e-01
-4.903377867676583235e-01
-8.761990308182495690e-01
-4.937524272219134119e-02
3.449429124689153969e-01
-1.638348811411637074e-01
-2.238671444279891898e-01
-3.807264164369781878e-01
-6.806007100960580203e-02
9.078831985946613781e-01
1.502110523841819201e-01
-4.007690559918981599e-01
4.813124677865652790e-01
-3.239443640660575330e-01
-5.241193091448209662e-01
nan
-4.056971758944048490e-01
2.412464416414598911e-02
1.109630558731080213e-01
-1.996608451245752425e-01
-8.699677982015008304e-02
-3.113286230890816020e-01
4.509723633637821028e-01
-4.516209550391965810e-01
-5.613230394289263625e-01
nan
-1.965636354800673891e-01
-3.824121532513360955e-01
-3.516786331931099907e-01
-6.495425080467501777e-01
-1.129030741870155952e+00
1.036089489922528174e-02
-8.022838522455912891e-01
-7.461159606178204839e-01
2.716190101412973082e-02
-1.388962866708532730e-02
-3.382046251387878510e-01
2.493647648511533310e-01
-4.948170630415216209e-01
-9.711762401287679092e-01
nan
8.249677612832484463e-01
-1.219188902069949926e-01
-1.056985318334201951e+00
-1.036583973018043503e+00
-3.370970575463420604e-01
-3.844192245923425122e-01
-1.161876117998071001e+00
-1.990629414021043708e-01
-1.924926827325014467e-01
-3.522625654760968006e-01
3.997553097103408448e-01
-6.170412805118745680e-01
-6.980163466589197618e-01
-6.764881508490178108e-02
4.640175006791542600e-01
5.534851345485282126e-01
-4.456956720063683375e-01
-1.075292004640560212e-01
-6.991741274718109578e-01
-4.716801628611918540e-01
7.076038924717451550e-01
-1.090432833793984813e+00
1.664079372404547730e-01
5.480177590026504841e-01
-8.244869457527721490e-01
-9.118482032911883195e-01
-1.460667703020038510e-01
2.871926223077490015e-01
-3.834669290485863691e-01
-6.491154977909646684e-01
-9.249235396676014354e-02
-3.967214517886253899e-01
-6.765121519666746908e-01
-9.095923106753350806e-01
4.056601479313103331e-01
-2.146949610407035969e-01
-3.064211329120239968e-01
-5.423870038760982837e-01
-8.932838029125667045e-01
3.042659610185129981e-01
-4.082051923956682427e-02
-1.049199831054133725e+00
nan
2.354004653971663863e-01
-2.107096408774523921e-01
-1.891627009603537302e-01
-7.621098711347160659e-01
-9.065723058352798125e-01
6.238157456540143198e-01
-1.915813727932752508e-01
-9.418251015511587276e-01
2.412247421064271369e-01
-9.934029918853147789e-01
-8.756832283734379274e-01
-5.570961980400645358e-02
-7.682348552314888224e-02
-6.137149750822004091e-01
-3.253578423535861686e-01
5.635049344892367751e-01
-6.850237089997905926e-01
1.765674142973407967e-01
-9.920849954415732475e-01
1.115290697521585939e-01
-3.911057521968736572e-01
-3.922781424842115561e-01
-2.354763233891773722e-01
4.402544409270880421e-01
3.093583986828490340e-01
-5.030688510749294906e-01
-1.034867033733620323e+00
-4.723839652243203013e-01
-4.165915269276797284e-02
1.535578871491513619e-01
-5.706584830180126966e-01
-4.275265977804744155e-01
4.523547326441638705e-01
-1.560270235702246600e-01
-7.398039514255251303e-01
-4.207551242803673763e-01
2.755613898933269301e-02
-3.183777359402956697e-01
nan
-6.386395126035663283e-01
-1.346131376882649389e-01
-2.707633787078355184e-02
-1.055818423820755331e-01
-4.699703311405752926e-01
-8.814518052641444612e-01
-9.841439060268309946e-01
1.891983514111698073e-01
-1.455022764076114306e-01
-3.054282942562619452e-01
9.959158115765317509e-01
-3.703261860027872721e-01
-4.226022887766449077e-01
-1.553648934782753399e-01
-4.993468852330649188e-01
-1.367705857200663955e+00
7.263354557375122089e-02
-1.512940843378934030e-01
-4.383268395250043414e-01
4.388148965251899014e-01
5.324549470694304315e-02
-8.475211756355998105e-01
-4.379321703755735262e-01
-1.063461457617728367e+00
3.593671899440684658e-01
-2.395285322581938992e-01
8.614553846541735949e-01
-2.804388678216341857e-01
-9.454328309791121265e-01
2.473594889959164767e-01
-5.389967273372660017e-01
-1.883325978171024040e-01
-6.871300060570008084e-01
2.802609612615470369e-01
-5.448568335768501081e-01
-8.949552666200882856e-01
3.058771474169755811e-01
-1.278947074139824558e+00
-9.015151852455098869e-01
8.012146174799487930e-02
-6.328906467172634720e-01
2.417426229992944708e-01
1.502666566721259533e+00
-1.331608578207876814e-01
-5.798498796051739790e-01
4.984633427301816133e-01
-7.932138475367417341e-01
-5.888613380839776701e-01
-9.593691587370121177e-01
-1.902636575082736758e-01
nan
-1.989971610795124857e-01
2.744293718590588016e-01
-5.330413498584500864e-01
-1.229365435278902303e-02
-7.234623681172824838e-01
-9.796533897338792762e-01
2.033093090618326992e-01
nan
-2.239267107142784569e-02
-8.624875167898566897e-01
-7.191027089642203496e-01
-7.744906848340692429e-01
2.937944955358819388e-01
-5.759390316252679387e-01
-6.305235247336030691e-01
8.390759957017212001e-01
-3.309469629755707465e-01
-1.243058368326034557e+00
-1.209642846437993802e+00
3.035414268885182065e-01
-4.948393168029756040e-01
-9.381709623404290710e-01
3.015951067592305759e-02
-3.399931355495822149e-01
7.572519312518767309e-01
2.608378442102374239e-01
-9.154077774559538083e-01
-7.588484466445446497e-01
-6.429308880923956249e-01
-4.383423258534236977e-01
-1.256872217724921859e+00
7.072810172486676539e-01
-3.314169321684197755e-01
-5.720673025152024360e-01
-3.335897336725009987e-01
-4.233095762429711639e-01
-6.599748495042908614e-01
6.388006328947486157e-02
nan
-7.095932261879851488e-01
-3.474968377804475012e-02
-5.753163035841675210e-01
-1.844937597616000957e-01
-9.886883384197038271e-01
-3.524251748035594489e-01
-6.355112388245918176e-01
-2.638324289087545099e-02
-1.489860468570772811e-01
4.018516431163264291e-01
-2.232494271803436292e-01
-2.714096441821177708e-01
3.271676465382278992e-02
-2.813700901197521698e-01
-5.351657711584419802e-02
7.933813169943485510e-01
-1.158851449568215175e+00
2.745679001660495389e-01
-6.371407734283891511e-01
-3.288073882354841104e-01
-5.693988581973563612e-01
-4.689783361923413052e-01
-2.405051045377720742e-02
-2.199015606311374715e-01
-5.405284039479901770e-01
-2.915649814589238997e-01
5.131261074737971661e-01
-6.676204453683222406e-02
-8.330323129826207318e-02
-1.183862775062350492e+00
1.680410064164621131e+00
-1.059486788530156876e+00
-4.103403400542034452e-01
6.496919284466701194e-01
-6.987263128692774439e-01
-5.815483387584091668e-01
-3.526662521863849209e-01
-5.128809262365978672e-01
-3.359586502207486114e-01
-3.285487137879434805e-01
-6.539811561153230368e-02
-1.443146538591831840e-01
-3.296179191816280274e-01
-1.339890164188898003e-01
-4.260157378275398754e-01
9.626898676766835194e-01
-4.357976763314117541e-01
-8.819445811168031835e-01
4.442022939200199194e-01
-9.592557669438017687e-01
-2.087013052443529582e-01
-3.709004080670670889e-01
-1.070490083645420087e+00
-8.563556276818632407e-01
nan
-8.750170396332288547e-01
1.403803140587889520e-01
1.753644372099802118e-01
-1.186864235822817859e+00
-2.933957874157306356e-01
-7.607231225268532571e-01
-7.529093861920016506e-01
-5.495032253930975941e-01
-1.040517283801042497e-01
-7.781833786012192222e-01
-2.167203265239717735e-01
-6.945882300632771900e-01
-8.823731369103146038e-01
-1.473090229470059853e-01
4.972635711916723045e-02
-6.343710640407801415e-01
-1.145042528003010762e+00
-2.894360599700507852e-01
-7.259531697651686599e-01
-1.014421760726214927e+00
1.603838189117307467e+00
-6.353172159794006069e-01
9.951846892567828284e-01
-3.146275894750215074e-01
-6.670810660694560523e-01
-1.315648450046036810e+00
1.296986334118670037e+00
-8.978215224755521362e-01
5.381878039549971016e-01
1.082270371322475500e+00
-3.845141095419116750e-01
1.335581560772084453e+00
-1.228395398710586534e-01
-2.275812559773632560e-01
-5.638429254634819143e-01
-1.230226208192518822e+00
-6.693802241699406963e-01
-4.560069364816489723e-01
4.260661724649382753e-01
6.332027492831419913e-02
-3.479507574765519085e-01
-6.836114777965025535e-01
-5.152662417295355013e-01
-2.244245745092459526e-02
7.481718178833146604e-02
-7.416290513456627043e-01
-8.427563674997939902e-02
6.224581845754306036e-02
1.411627747069681416e-01
3.471269118780200280e-01
-1.477753581442633191e-01
-5.050013456623924091e-01
5.810690151389366620e-02
-5.807601428573924002e-02
6.371686980682255141e-01
-6.763100628989257013e-01
-9.207322462525234785e-01
-1.071679508225256816e+00
-3.763881634154229716e-01
1.067304579144416898e+00
-3.391331977196038183e-01
-9.152589368320822594e-01
9.811000201309878765e-02
-5.713173834739960766e-01
-2.358853723490639542e-01
-8.390052863018306883e-01
1.544441034296036019e-01
2.799655534237090460e-01
-3.655659994640481081e-01
-1.003495029549160922e+00
-1.635051519968496181e-01
-6.151356504987820495e-01
-7.153715496894523518e-02
-1.315901060884535068e-01
-1.004714546619281945e+00
nan
-1.325713832234438339e-01
-1.150834509834622210e+00
-4.044481732319543665e-01
3.199848239366270275e-01
-4.668242375746202155e-01
nan
-8.935087130936157918e-01
-5.113990873254693481e-01
-9.510132827001260836e-01
2.590598773831221391e-01
-1.089946526769653756e+00
-5.123317742757849125e-01
-1.397830564365985406e+00
-2.244728049647220225e-01
6.917830706228557114e-01
-6.818288195369962557e-01
-1.076446446528809942e+00
9.118219379357899168e-01
-6.541618180649657610e-01
-6.598839748654651283e-01
-1.105753726688179395e+00
nan
9.609085643675503441e-01
-2.691216702963822871e-01
-3.433940460341131651e-01
-1.082729398479895799e+00
-7.247299452835809230e-01
-4.833814333376874883e-02
-1.166165943428761009e+00
-6.754493730215090919e-01
-1.177285484733885612e+00
-1.146956052753843380e+00
nan
-8.952711170126171902e-01
-5.720177620653168482e-01
5.398240958821580726e-01
-5.229361386416639945e-01
-1.849955473082696422e-01
-9.866836339598896721e-01
-8.833709162376258694e-01
-1.920762682034486413e-01
-8.012973718715151739e-01
-5.035510599336771032e-01
-8.352688504462904562e-02
-1.153170177616869019e+00
-6.897282628553533801e-01
-2.279592901965129814e-01
-3.371682553826794160e-01
-7.137631561897935795e-01
-3.889912520990771450e-01
-9.068854318232424383e-01
4.416869186305342199e-01
-1.523432506540654541e-01
-1.883766217869042303e-01
-6.010105550970366028e-01
4.834177354240856012e-02
-9.589652700915934913e-01
-6.397456239168559655e-01
-2.251996953061516649e-01
-1.143084229218198411e+00
-7.134627812992396789e-01
2.028123824209008552e-01
2.391179693040379750e-01
-2.046427455941422779e-01
-6.723827254779790596e-01
-4.928509626058831250e-01
4.180553911251654875e-01
1.729276661445106611e-01
-2.138857229794769166e-01
-5.561027993203033759e-01
-7.945858282911048009e-01
-8.579918701416373583e-01
-6.626633440841962486e-01
-1.171172009767903255e+00
-1.150190712081225808e+00
-4.503555591720176943e-01
