1.025209029451209231e-01
-7.801237550656426878e-01
-1.808415283553220509e-01
1.067801665077276363e+00
2.210398597878535099e-01
-4.276915121728853686e-01
-2.544059517934758596e-01
3.582880190314060020e-01
7.821447289546347437e-02
-1.829204509413248081e-01
-9.898330784057089993e-01
1.781426747190834048e-02
7.178066337501863847e-01
-8.947601435124842295e-01
-2.744742243784107499e-02
-6.821903846070833666e-01
-5.874379109377387831e-01
nan
8.388336445199714442e-01
-9.008695894021402639e-02
-1.190073787165240926e+00
-5.072616285052474749e-01
2.216733433375045748e-01
-1.363276494832874053e-01
4.078867559666243814e-01
-6.200395213081764251e-02
-3.467282226583393023e-01
-4.720911096948925967e-01
-1.119600422540067974e-02
-3.328853312092785455e-01
8.277962205199226875e-02
nan
-9.995999247268729793e-01
-1.158506109431741218e-02
8.108782128012964607e-01
-4.496865283016143189e-01
1.428556917961040451e+00
-8.512779690574607816e-01
-1.025535380824109888e+00
1.893208661710919505e-01
-5.319956898432862680e-01
3.148677032373582430e-01
-2.787015900693446194e-02
-1.158215495881387946e+00
-7.521670818426694494e-01
nan
3.578225882171224836e-01
nan
-2.134384651500733088e-01
-2.091661142952157965e-02
nan
1.064870694636577825e-01
nan
-1.392773059915438649e-01
2.911839673940856410e-01
-2.987248227684692337e-01
-6.410388854065378617e-01
-1.361221989725106996e+00
1.804329020116515192e-01
-1.024393793690944188e+00
-6.401104675475971506e-01
1.886360175395687788e+00
3.607210321687905757e-02
6.448663630984557971e-02
9.693983459961358351e-01
-2.926669581004461285e-01
-4.293967417661809227e-01
nan
-8.295673857917731375e-01
-1.001722989272666453e+00
1.401319770553193456e+00
-2.644318204494787161e-01
3.943545397828665533e-01
-4.631746467510302057e-01
-6.993844858498304840e-01
3.575366155575873117e-01
-7.814674554428687747e-01
-5.685928725584386001e-01
-9.313585593197937218e-01
-5.320692903795887219e-01
-6.354783189048021086e-01
6.634462487609370240e-02
6.948979879702449347e-02
-1.184400617866828709e+00
-3.051842716624898477e-01
-8.869969278998454110e-01
-1.726416279179053721e-03
nan
-1.113724427044103571e+00
4.043819517381300188e-01
-6.315351303845163633e-01
3.041345884341539185e-01
-6.408888475565734932e-01
-8.760387118607068091e-01
1.248339482665246636e-01
1.374389599108805315e+00
3.459515642006407710e-01
-6.923646552315685376e-01
5.167630511396867909e-01
nan
-5.607046315962653793e-01
1.533467339678387387e-01
-9.951208264391622205e-01
1.383844177539840237e+00
5.518120014282765218e-02
2.973649163408593199e-01
-1.234591094563730097e-02
1.858961440007445565e-01
3.217715922947753104e-01
8.694548340021127086e-02
-1.377483164283765937e-01
-8.469906254671303314e-01
nan
8.510668458653465329e-01
-2.619416811092984965e-01
5.235693153705515135e-01
-6.893288089629052706e-01
1.703253195823948435e-02
nan
-9.039505538377008431e-01
2.970074079824552502e-02
-8.067097527632619558e-01
nan
-1.102245162643407106e+00
7.887303843968954675e-01
-9.438409760994580511e-01
-7.005418651882879821e-01
-1.720129432461808550e-01
-5.078743788473186749e-01
-5.452006667050256217e-02
5.293185861546835236e-01
nan
-5.160041599916128652e-01
-2.648473703831976667e-01
nan
nan
-3.531299217217535036e-01
-8.861929279917761804e-01
4.871283062391675855e-01
3.056650313909075600e-01
nan
-2.493312258238567225e-01
-7.622750128520307256e-02
nan
-4.292514290922417319e-01
-5.407940392158130383e-01
nan
-8.183496048330676786e-02
nan
-3.654674196751104276e-01
5.708884133436612496e-01
3.849847730554409320e-01
-4.056818435847817650e-01
6.116875496025063752e-01
4.920034900423492230e-01
-4.678051987799972111e-01
-2.265566551083703084e-02
-3.688245969189513085e-01
nan
-2.363452164456852078e-01
-7.059846146904179554e-01
-7.360615380147414455e-02
-8.127979817322757983e-01
-1.993342414662074846e-01
-5.438434757716682499e-01
1.912330629127002857e-01
-6.253416165897911494e-01
-1.833625682109619182e-01
-1.673704409803904170e-01
nan
-2.108611904748099730e-01
-1.067039553827987319e+00
6.130617177225605730e-02
-1.294963284097440936e-01
-1.345008327404248472e-01
nan
-7.419738604747628807e-01
9.039475914434293158e-02
-1.441535333433272559e-01
-1.989204278490661892e-01
nan
-7.319709991184450981e-01
1.599379938399876355e+00
1.382131989721136212e-01
-2.513130526791858554e-01
-1.157767950706063864e+00
1.063883290368703438e-01
-1.148966217601671724e+00
3.317035473827329439e-01
-8.920158982193183983e-02
nan
-1.359643579356386300e-01
4.938059448160875831e-01
4.423780322986715641e-01
-3.325877501643791090e-02
-9.827456454916552175e-01
-8.986123090215154541e-01
-5.652567950122915075e-02
-1.004839472295435687e+00
nan
nan
3.837377481337858054e-01
-2.525399361775538254e-01
-4.605810065711127277e-02
-8.709554960530289103e-01
-1.086796961577997767e+00
2.583040201996199547e-01
4.498307971322678123e-01
-1.752819877646023261e-01
-8.358052867761767146e-01
3.471389225112336829e-01
4.337955695226953790e-01
-1.606706264045908439e-01
-1.001747555111252908e+00
6.954733498609623477e-02
-4.633895998637962976e-02
-4.360868874084667390e-01
-1.031637046179673556e+00
-3.606551666262945433e-01
4.352207419209544459e-01
-2.281419215204306961e-01
-3.694780139985877065e-01
-7.706826917293392309e-01
-3.396891528838431040e-01
1.139413798604912209e+00
nan
8.344040171681460505e-01
9.501002760492904820e-02
-1.138895309683784487e-03
nan
-8.503705360782692901e-01
1.224225195991651693e+00
6.893814791728939406e-01
5.727915443047719712e-01
nan
-1.751982586125657160e-01
-1.031252280303731839e+00
7.954339571212291071e-01
-3.459940551946523724e-01
-4.465127116723633938e-01
-6.346340418162303709e-02
-5.847409239212321141e-01
4.111927540311589024e-01
-3.472653480958868832e-01
4.570608077048153306e-01
-1.066515052376691350e-02
nan
-5.839308025742868669e-01
4.055170959840662809e-02
7.676697090673055557e-02
-8.404074747348446728e-01
2.873361090075960966e-01
-1.005158964943422717e+00
1.496449327799780793e+00
-6.239683565200067061e-01
nan
-2.560560501196337269e-01
-1.227673984135362995e+00
nan
5.155380631615623654e-01
-3.533396464996437780e-01
1.117711131042360417e+00
-4.394590866481439817e-01
-1.233246371013017262e+00
-6.417161741755368354e-01
-2.879854641813834326e-01
nan
5.452089325620391308e-02
nan
-2.464244220201755875e-01
-1.122549121836803110e+00
3.107036345947104122e-02
-5.522509119658082222e-01
-5.388264440552085199e-01
3.084708145813258237e-02
-6.462486474052785423e-01
-8.964014872076262463e-01
2.023198997125604803e-01
-5.900319062340829701e-01
-1.018014878990114669e+00
1.988818282745168919e-01
-7.289671984910695013e-01
-7.265431502249034001e-02
7.431248989519684267e-01
-3.783152565598221218e-01
-1.564194486586065747e-01
2.507995760139999919e-01
1.406562942497252555e-01
nan
-3.966691199597130457e-01
-7.529612025219164506e-01
-2.955761148323404752e-01
-9.907474252409831372e-02
-7.280091899959779678e-01
2.928744370220757176e-01
1.165988235827534636e+00
1.769327895766781567e-01
1.599895139180166487e-02
-8.155405647848145145e-01
3.938771307207676875e-01
1.971654301287803779e-01
-8.007296021630492255e-01
-1.006242382578262928e+00
5.484660871284766093e-02
-4.676857229343746036e-01
-3.945533096099771431e-01
-1.899345330660074105e-01
-3.953947863863472856e-01
-5.469179711124882992e-01
1.009049798714600987e+00
-8.802992206885863480e-01
3.171529876096907952e-01
-1.219879865947328001e+00
-2.476729793286335524e-01
2.502539144181088471e-01
nan
1.096335966091349867e+00
-3.569332642085039798e-03
-3.565200435196121120e-02
1.179962883201475687e+00
-1.941441622970572767e-01
-9.941649119488824571e-01
-2.370107697172976202e-01
-6.140094093934388431e-01
-2.839006498572320403e-02
-5.981749546253793959e-01
-9.061425836373588893e-01
-1.768140323176335335e-02
2.889385543582470572e-01
-7.616476343846243502e-01
-1.306340536736491365e-01
7.410467830797771160e-01
-1.467844095758781553e-01
-3.478752355633498716e-01
-7.116104971565657689e-01
-7.672685287282788869e-01
nan
-1.089585680082206354e+00
-6.353022857553136671e-01
4.136287403676046637e-01
7.176467613578755289e-01
nan
-1.180362734585460177e-01
nan
-1.170058941086964621e+00
-4.607477274335270434e-01
-1.182148968695676983e+00
-1.423384520553200028e-01
-5.686028795897550836e-01
7.295966450875852882e-02
-8.134053012838747820e-01
9.008434718389074503e-02
2.209078832214310117e-01
nan
-2.317086684521763584e-01
-1.057339476767429565e+00
nan
7.557950663428780747e-01
1.001031071714631793e+00
-4.627429063626370409e-01
2.401371048815381382e-01
-5.996370899788842079e-01
-1.599680145815266519e-01
-2.270713460799256289e-01
3.971297264876067490e-01
nan
-1.814375214388172231e-01
-2.814139487001488527e-01
-9.966178540750143533e-01
nan
-1.524186212888470893e-01
-1.403114038134883668e+00
6.372234467676998748e-02
-8.199142374542730538e-01
-1.062660792117406494e+00
nan
-2.925220313416811435e-01
-7.734329679495411947e-01
-6.074070682455825487e-01
6.194046628867173609e-01
5.003396044331657327e-02
-2.499976795400780383e-01
3.713619502760416302e-01
-7.445817559547992515e-01
-3.257811008334223213e-01
-3.986958722183461257e-01
-1.678089953668064974e-02
nan
-1.181061846411431748e+00
2.249580145000046050e-01
5.508741989826037022e-01
2.116367504273970745e-02
-1.017041455051330923e+00
-2.117178106757899858e-01
-1.592404184605283601e-01
1.978203079346079751e-01
2.627157688535336488e-01
8.342480740361907232e-02
-2.334591515398038442e-01
-9.522994775920694543e-01
5.155479281203733111e-01
6.641091398929589440e-01
-8.337166479026612009e-01
2.680693681636270309e-01
-1.828220607925118424e-01
-8.597947953291985579e-01
nan
-5.385753740345704532e-01
-1.704603167352445464e-02
-3.316762361249422919e-01
5.175364623142408860e-01
-1.019046124033590850e+00
2.829376288054175514e+00
-8.113919654971742945e-01
-5.525522473399581136e-01
-4.885042999630412885e-01
1.113139023711720021e-01
7.165885079970618632e-01
-3.561056116575732622e-01
4.427746749699760231e-01
-2.173524813421038038e-01
-8.793634937422961650e-01
8.099485282997463953e-01
-5.618950809369851473e-01
-1.124963677478291846e+00
1.251055813799374583e+00
-4.010066702213609946e-01
-8.497714683976584915e-01
6.918339762602082610e-01
2.629214272723332524e-01
-6.343909032513701529e-01
-3.653814277528032450e-01
nan
5.316484263149363204e-02
nan
9.264595391338001917e-01
3.279335473372914193e-03
-2.283029974532131967e-01
-7.862804077959610893e-01
-1.005891892293135026e+00
1.749789001495275498e-01
-1.258974075481425592e+00
nan
-3.261891403714838877e-01
6.655971499422821402e-01
7.920976395164356365e-01
nan
4.484106698976145222e-01
nan
-2.925206419697567659e-02
6.224841681506223523e-01
-8.977990492673110223e-02
nan
-7.743407801849264693e-01
-2.731669391004013306e-02
3.236536212847656024e-01
8.068865869442248817e-01
-4.334829554111966354e-01
nan
-3.911084335205308737e-01
4.624170964684417573e-01
8.083188553774752760e-01
3.228399017574167251e-01
-7.598980197244879775e-02
-1.048993487910395428e-01
-4.919730493763249668e-01
-6.276901989573904217e-01
4.185986289989881287e-02
1.986628789670293438e+00
nan
2.417184508391459763e-01
-2.510350153008750751e-01
-1.406155182514563728e+00
-1.887121895441334352e-01
9.469286450405442479e-02
-2.131091389651127918e-02
nan
1.095168600971470618e-01
-4.435591804178110609e-01
-1.106058232454608437e+00
nan
4.568468212669737349e-01
-4.432206063198547152e-01
-6.702087091049034606e-02
-5.381881896658387010e-01
-3.867746149720610038e-01
-2.398214778061094066e-01
-8.075813013618007852e-02
-1.973174270780112538e-01
nan
-4.239305425661961113e-01
3.104229119489522182e-01
-4.859922624096746357e-01
nan
1.188414361144155107e+00
-2.610810070730538168e-01
1.872561924080997919e-01
-9.901874713118798965e-01
-4.140309366579193462e-01
nan
-1.146643225738894545e+00
-6.394745068097339447e-01
-4.894856125379853373e-01
6.944451091547486354e-02
-6.008588418515106166e-01
-1.999963952245645271e-01
-1.123419637862274723e+00
-8.448293839655528492e-01
-4.798028382851698970e-01
-5.254737473841065709e-01
1.111439444398877541e+00
nan
-1.195738582748623324e+00
nan
1.668076475294835714e-01
nan
-8.259394586475259370e-01
2.278077834225751552e-01
-1.172803653700476775e-02
-3.933990447744363794e-01
8.274357270277095111e-01
-1.249840248362125594e+00
4.551209177712582377e-01
-2.900629783299668030e-01
9.994576233109114805e-02
nan
7.213321865080086770e-01
9.907698786529572921e-02
-1.074936695476778281e+00
8.479271726364117079e-01
3.060006018141443740e-02
-8.394426529245332391e-01
1.387947146674651522e-01
nan
-1.000970220942457800e+00
-2.408309372910099055e-01
3.552478766338303950e-01
-4.637373577845470551e-01
-1.065185518486397726e-01
5.028616091020605694e-01
-6.254156404301673688e-02
2.666478640261563116e-01
-2.983037375425305893e-01
1.518563293902415401e+00
-9.843720953147430119e-01
-8.049637267272642394e-01
5.887024172684958145e-01
-1.128672406892294866e+00
-3.450461099038429347e-01
-2.704879894684542041e-01
1.889373997748456935e-01
-3.092971742885962660e-01
1.177603669289797594e-01
-1.111329126713955229e-01
-3.616734287576148232e-01
-1.409162658929833667e-01
1.125176282389756532e-01
-9.088789878053346039e-01
3.039113898197869923e-01
-8.194586369713987573e-01
-1.221718742629967214e-01
3.499717960460902999e-01
1.323944967934472805e-01
nan
-1.272168448049300175e-02
7.653134132735237016e-02
nan
-1.069578577297994437e+00
nan
-4.097202840920322053e-01
5.747107524144013935e-01
1.607381017964312209e-01
-6.911513643704048082e-01
-1.205932246748864012e+00
-7.414300293304290079e-01
nan
4.253723425336316533e-01
-8.886351875003002387e-01
-2.997759835748564639e-01
-1.933326221355989860e-01
-4.550218519859997590e-01
1.087841037713683512e-01
nan
7.934043906380439104e-01
7.019185079214304013e-01
3.129958846762680158e-02
-2.394038915630953557e-01
2.140880259475793634e-01
-6.153578498742923175e-01
-9.885111764132236134e-01
3.264729244884314041e-01
2.931866011418605145e-01
-4.962649214672432141e-01
1.045001470743458227e-01
-3.030521024990897594e-01
4.031432692304051657e-01
-7.076244310733013076e-01
-3.262627822158347124e-01
9.656018822097279797e-01
-1.031871680416705850e+00
3.281870647618186920e-01
-1.231852492030480084e+00
nan
1.077423993791677553e-01
nan
nan
1.284645586300797726e+00
nan
7.384379659088252668e-01
-3.360590993682838201e-01
-1.916564832137198082e-01
nan
4.315398810386805728e-01
1.305432788478782857e+00
nan
7.035128398307445297e-01
-7.344521391996433612e-01
-9.434847514971415050e-01
6.442797745440108637e-01
1.237164035071201124e-01
6.013786252350706851e-01
-9.060463745264595303e-01
8.352337488456247350e-01
-8.861126455727924567e-01
-8.480884572115097164e-01
1.435110495560694810e+00
nan
-7.489361571929574746e-01
-4.263890300470719041e-01
-1.325319226005905460e-01
-6.213175471291472185e-01
-1.081158995309970727e+00
-4.387173187943697039e-01
5.026088350117845494e-01
3.769000013295424334e-01
-1.854726890865246725e-01
-7.892157563201194215e-01
nan
-7.820179497266563917e-01
-7.695591016277024687e-01
nan
-1.558009516105512138e-01
1.378305419146163835e-01
-9.173620522727195248e-03
-1.047041497883921535e+00
-6.925751666704185183e-01
-4.671212186740340000e-01
-4.854933133805998113e-01
nan
3.492876072412200161e-03
-7.601053811851001818e-01
5.263014839955393320e-01
4.258572132603036242e-01
-1.310841311295206646e+00
-2.708620094823117053e-01
-5.467163997167504563e-01
-4.175829490909304664e-01
9.599406073369395331e-01
-6.260786545595747876e-01
-7.005036690921511155e-01
-8.950818738073443859e-01
4.566643462069236437e-02
2.953940652578973536e-01
4.617413735646663242e-01
nan
-1.075972535835898025e+00
5.433211822539580904e-01
-1.262825230957808964e+00
nan
-3.553306160621608201e-01
2.144062164202135273e-02
nan
nan
1.312927264088275647e+00
-1.409937973799699540e+00
-5.543416847105423796e-03
5.971416451579341089e-01
6.666121871301658453e-02
7.342610075282803017e-02
8.154606096659713921e-02
nan
2.571296796349681335e-01
-6.420796842697523710e-01
2.296575643477849205e-01
-1.063619975119542149e-01
-1.163189045155534229e+00
-1.691336990592633496e-02
3.638924873262595061e-01
5.716299148143243192e-02
-9.082104604304183093e-01
-2.008339479823664231e-01
1.957302827379264754e-01
-9.730772654333398330e-01
8.694446388152655691e-01
-3.522645578522403675e-01
2.492105308333661118e-01
-7.641093381365622328e-01
3.801061699186717435e-01
-2.690515222612984148e-01
-4.894375745183207616e-01
-2.070546825837587257e-01
nan
-3.324690105823027153e-01
1.543766808663470103e-01
6.314197227929947420e-01
-6.876706648189869764e-01
-4.647395974507054217e-01
nan
-2.295606906177002360e-01
-5.680260819026404506e-02
9.470173948480101744e-01
9.679870557467352976e-02
-6.346288115388906137e-01
-2.939198647278642995e-01
2.180005051771783664e-01
3.457712537058179603e-01
-1.267527300925149758e+00
2.884065743114952451e-01
5.533421950214797991e-02
-1.016966538954843235e+00
8.395019821164141360e-01
-5.795038199452422489e-01
-3.712145367862277889e-01
-4.193705017137021318e-02
1.318733289712721579e-01
3.101408153333774873e-03
-7.723941854733481702e-03
-3.015486955366545319e-01
-7.360683604127266078e-01
-1.105329942784133879e+00
6.475322651917837791e-02
3.000451009303474748e-01
nan
3.719482684501904668e-01
-1.072441700130431635e-01
3.467085658681203775e-01
-1.842955380968418488e-01
-9.741048885091790899e-01
-5.814016152776558810e-01
-1.782412631695962646e-01
-8.860830403318962212e-01
-5.911813057279422523e-01
-8.879395730360238881e-01
-5.077663351358844279e-01
-3.147867559548617744e-01
1.455706373365484252e+00
-7.947243270802389903e-01
5.223714646705220899e-01
nan
-9.773471039720114106e-01
2.275607630735704268e-01
-6.984199109039375131e-01
-1.188683305912877186e+00
-5.774572981797352345e-01
4.140353797282233378e-02
-7.274582443590099645e-01
nan
4.653284362322330781e-01
1.480780011276247587e-01
-3.346980924168799221e-01
1.355492426491836655e-01
-7.500294548377017811e-01
-1.159001022998882302e+00
-1.138998735614218161e+00
8.412307072186661627e-02
-1.155903455110280698e+00
nan
-3.398390562851267283e-01
2.722112407014731783e-01
-8.501550341888994278e-02
nan
-2.621931626134263449e-01
1.392936231312802975e-01
-2.566343015447060671e-01
7.750566669812677389e-01
3.796821279191104348e-01
-3.148860274906678525e-01
-6.416659893270768578e-01
-1.026835923467950717e+00
-5.221276695982767224e-01
-1.483473876023367610e-01
2.227584622572341411e-01
nan
8.970717721388673516e-01
-2.868298151437187471e-01
3.446373046674244822e-01
-1.444170284353578013e-02
-8.054061853385321990e-02
5.650196403234358788e-02
3.773712523293228926e-01
7.774721743071658087e-02
5.579514923351542866e-01
nan
-2.915588807204904653e-01
6.856878797754411003e-01
5.237525059146151962e-01
-4.880257352813500704e-01
-1.021286603154898831e+00
4.282525494069837624e-01
-2.619310101348827358e-01
4.049354554141598173e-01
-2.891111744482331991e-01
-8.819426086964040623e-01
-8.604718671012510089e-01
3.558827094991030005e-01
nan
nan
nan
5.668659421947673804e-01
-1.162894709840915697e+00
-1.788298625552020571e-01
-6.663246626961999430e-01
-4.974333276044248242e-01
-7.489292098580752066e-02
-2.845497511113289843e-02
-3.371660766189527592e-01
-3.905112665281670892e-02
-5.742099811884014970e-01
-7.798845123198301366e-01
1.289796302182724341e+00
-4.310926355130986765e-01
-9.166306990337075300e-02
-1.190573777638424202e+00
1.305279981013827584e+00
5.088969215503941212e-01
nan
-3.882039667930335392e-01
-4.442321866214625770e-01
-9.284623909690697952e-02
-2.269554780617626943e-01
-1.067352287842559866e+00
3.517366098427940901e-01
-8.677467638483983281e-01
-2.959750352405548512e-01
-4.260609068905982788e-01
8.313615544177642702e-01
-8.074116901321194417e-01
1.557357483999388115e-01
-8.274300940268046745e-01
-1.240136635322899972e+00
9.233965846321545712e-01
-6.146342068156075422e-01
nan
-1.144799137301227669e-02
-1.300840508358416470e+00
-4.331873907729404949e-01
-2.401556806990428061e-01
-4.123659188046802648e-01
nan
-3.724936468274029355e-01
-3.461048510513027310e-01
1.272009311329797832e-01
-7.074667123997929741e-01
-3.240200694671346304e-01
-1.867179766411173614e-01
-6.256431539261264607e-01
-1.220959274576930431e+00
4.992744075254947761e-02
4.724778034574968477e-01
-2.442895266587764569e-01
4.624640117886024138e-01
1.360307419027005915e+00
-1.892998944790116045e-01
5.359709644814968366e-01
-7.944630263820124938e-01
-9.760699152008385227e-01
5.016187035869151822e-01
-1.181764852896472817e+00
nan
-4.922368949958252360e-01
nan
7.188652527237765488e-02
-5.235189955429278008e-01
-1.012329451325097107e+00
5.226449830784459794e-01
-7.830775540045530059e-02
-7.787044296257830123e-01
nan
-7.263660325655705297e-01
-4.091255947596506570e-01
nan
1.430118018921990419e+00
-3.563797082960171170e-01
-9.909776764259707882e-01
-5.991793260603286431e-01
1.152732576479996163e-01
-1.271888170020879727e+00
5.672715307703002363e-01
nan
-4.279720615985131427e-01
2.931938855587427062e-01
4.086088249260259597e-01
-9.453261010687777910e-01
-9.257975645202830561e-01
5.539295720541138612e-01
1.744931664958729867e-01
-7.098158461930013097e-01
-1.249840537148116104e-01
-3.072201725292911800e-01
3.881148283161023893e-01
9.614388530914134978e-02
7.994295800184076928e-01
-8.171104629348034942e-01
-7.125695546963477234e-02
-9.893592324559350448e-01
-6.595721862649175371e-01
-6.785161083534149151e-01
-8.732177987789028206e-01
-7.840243633562851699e-02
-1.052913825637228795e+00
-4.404711893017248525e-01
-1.163249020673185807e+00
-6.101985542283522301e-02
2.725951326949750397e-01
-3.175727433649132569e-01
-7.549751819544778808e-01
1.812707228783427271e-01
-6.696766282531618764e-01
-7.830608547861842572e-01
3.321875678840696677e-01
5.763739758098981314e-01
-1.100649582091731471e+00
-2.688624741473903956e-01
-5.714801030332455900e-01
-5.354467336626583807e-01
-1.489218003648045130e-01
-8.423210921216941482e-01
4.156999295645876780e-01
-7.451307637569998255e-02
5.547116713427140411e-01
3.851927406364910600e-02
1.707740638303545389e-02
-4.817762076381147951e-01
-8.394275629905230129e-01
-8.468440946694747451e-01
3.071751900369616983e-01
-2.068127422246293645e-01
-7.782868393961437370e-01
-3.176928828592427423e-01
5.346657984545774012e-01
-1.099389096922387621e+00
7.972555829126826143e-01
6.868191123817789512e-01
-4.392635335652960715e-01
4.060723269653029877e-01
-5.281510758683551909e-01
-6.067168888412127759e-01
1.868233707304487942e-02
-9.450254328799718717e-01
-6.584072472862372294e-01
-7.390462535362442298e-02
-9.045440639709790842e-01
-1.166271234767150444e+00
2.435012292601032927e-02
-7.411789206802831265e-01
-2.684120993693667190e-01
nan
-2.405126169006931158e-02
-3.130580474927887463e-02
-5.665493700991975912e-01
4.195261986344771266e-02
-1.153648536767700600e-02
-2.353473746796628518e-01
6.346017495072634462e-01
-7.264493216046302715e-01
-2.869254715492660091e-01
-9.633087968147470148e-01
-6.775496715463389386e-01
2.050787692320361344e-01
6.023748670729384136e-01
-1.294870186665815215e+00
-4.727271594567944990e-01
-7.114387514798680145e-01
-9.681621082514347831e-01
-4.107699693045804845e-01
6.809923993934393627e-01
1.319312889269875499e-01
-6.814754581146020840e-01
-1.131748723487250530e+00
3.036365465226331661e-01
-2.655952545556008668e-02
-6.458037927129776923e-02
-8.842820616256321653e-01
-5.501302860922433480e-01
-2.026218443767912325e-01
-3.611251505123533323e-01
-3.537033076520866293e-01
1.660199457625569641e-01
4.088954852975514309e-01
-9.093156763635227291e-01
2.319322360618653045e-01
-9.767895352407199860e-01
7.666487101658749914e-01
1.148553936963967459e+00
2.839272748693107418e-01
5.652520724678981034e-01
-2.381035881217278549e-01
2.203641596200973385e-01
2.457957782975724870e-01
-8.002282803217866114e-01
-3.712269615028747083e-01
3.947404551078736445e-01
-1.435768121588699153e-01
-4.619479137755206494e-02
-3.089621851791233276e-01
8.840410998912461293e-01
9.642691983549699086e-02
4.115184313276671335e-01
-3.162763909308749510e-01
-2.251528422687670283e-01
6.856306497743489548e-01
4.045858417636538640e-02
1.739054913066019892e-01
-1.838053182409103009e-02
-2.316303191232085557e-01
4.971782299123493898e-01
-4.414778733561088297e-01
-1.239986518046440195e-01
8.456495956978170581e-01
6.439745621200597681e-01
3.410105202710285444e-02
7.394157903717038516e-02
-8.868074937925156664e-01
-7.860827740187779078e-01
-1.205069936354714877e-01
-9.255631898843171834e-01
3.537379376296407862e-01
-6.655123434232105284e-01
-4.714538201055660793e-01
-4.048574710201114368e-01
-8.884242479451738284e-01
3.280070657238150222e-02
2.380707784392774862e-01
-6.744938669240349016e-01
-7.619329372007341838e-01
4.444940316688351101e-01
-9.723870854120949536e-01
-5.295249056931077281e-01
6.521046532319400846e-02
-2.620012928729484880e-01
2.780698376139851269e-01
-7.056105427211404324e-01
-2.693519436419825608e-01
1.678227626927767668e-01
2.220451973075039109e-01
3.893307886500396164e-01
-7.851594778731167956e-01
-6.042321607312134413e-01
-3.195220620633708597e-01
-1.055908733351995366e-01
-7.940443233632862308e-01
-6.493678150544149874e-01
-7.060252349689573048e-01
6.458534760758057880e-01
-3.021653348677353912e-01
-9.368547249413206046e-01
-2.550142812194173825e-01
-3.109771919635677673e-01
-1.054219595930871861e-01
3.678520495643226584e-01
-6.535726656393280321e-01
-1.941380374883129312e-01
-1.132272092927778390e-01
9.112459548434370671e-02
-6.338425975122798928e-01
6.532733121081926164e-01
-1.299296286464596828e-01
-5.116536462189026357e-01
6.645963796063826257e-01
4.976901597453450288e-01
-1.777419727993977405e-01
3.068069805629983215e-02
-4.644688005205732662e-01
-3.514984999616159733e-01
-2.939912257853496413e-01
-5.318086182928003502e-01
-4.312901299112598674e-01
3.036824726363450133e-01
-1.037970738245204583e+00
3.259646846153040900e-01
1.652035651804977801e-01
4.608011380277801106e-01
8.538156957949394332e-02
-1.667859458512717108e-01
-6.865695809974738939e-01
-1.102329707759001493e-01
-2.849914863456254888e-01
-7.130984222572867015e-01
-5.619689998231155448e-01
-6.519262189890641379e-02
-4.624545595412739574e-01
-3.599726869885890024e-02
7.087537991193665343e-01
-5.028894750152755888e-01
-8.833145445502413873e-01
-4.469597637727102529e-02
-8.075188049392796330e-01
-2.102048896191465455e-01
-2.176986103679980633e-01
1.105217239794951400e-01
3.915844596650604886e-02
9.063001212147164809e-02
-5.322112709045084822e-01
-1.294011268381078938e-01
-3.760779954252248536e-01
1.590154957288836823e-01
-4.235909175886705125e-01
-2.507983337711051919e-02
-4.019314585405092122e-01
4.805270583977677701e-01
-1.339465376361822779e-01
-1.380270104523181052e-01
-5.726459844936729882e-01
-4.496237237254199215e-01
1.408880443280054739e-01
-5.461139395586366296e-01
-1.151491813266227737e-01
-5.526117229034379491e-02
5.121263290782543040e-03
-2.676776940492577861e-01
-1.694580452054740838e-01
-3.680238463120567571e-01
-1.428388058039324227e+00
-1.857117293984388295e-01
-8.576543021329387229e-02
-7.380558070887127675e-02
6.805003933050736940e-03
-1.970213572168110217e-01
-4.699081737830103633e-01
1.661383383447792295e-01
-3.100434862065872266e-01
2.029519465794960564e-01
3.770199077238011176e-01
8.192513008941405550e-01
2.064643944708554335e-01
5.806726433871528537e-01
4.672914043628615538e-02
-1.422585671809888652e-01
1.635902315547381192e-01
-7.839574447584604089e-01
-7.824225949550608905e-02
1.849288109130239194e-02
-1.410373838502678723e-01
-7.336268227116544693e-01
-2.042868260608837472e-01
4.606845482637234590e-01
-4.408701143486115637e-01
-2.549642208939168486e-01
-1.845839664054831422e-02
1.171264587470090129e-01
-7.763016094203475381e-01
2.676369601083512517e-01
5.631250288784326319e-01
-9.588405779639577187e-01
-3.618534759617900165e-01
1.104533972643765072e+00
-5.633826546280508163e-01
-2.963864098194954333e-01
-4.241764307935020351e-01
-2.559398221980218047e-01
7.491531705080373138e-01
-1.910112692395160294e-01
-4.938715460002692653e-02
-3.982152940590079071e-01
5.319085011875798186e-01
-4.584782990901794392e-02
5.396766264817709491e-01
-4.764734368708434809e-01
-7.611116764196391993e-02
-1.445756365443943287e-02
7.202538939101682525e-01
-4.993176289037806193e-01
4.352660913658281672e-01
-1.115347683029233927e+00
6.328386862231532017e-01
-3.268568765505033280e-01
-9.651126209755854501e-02
4.667644165452674576e-01
-9.249110306808008275e-01
-1.996945870777186438e-01
4.675867171450741600e-01
-1.484611546062212240e-01
-2.326999852689921322e-01
-7.403689508469899483e-01
1.314433029703065969e-01
-4.004418968192012818e-01
1.619069656979070793e-01
-6.389170623040264507e-01
-2.092853324693117467e-01
-3.863742868837794497e-01
-2.930660464373084362e-01
-4.729512371159285689e-01
-1.180504151385765865e-01
1.684947407471229508e-01
8.564340118650365374e-01
3.878477730889509645e-02
-7.572783747720013107e-03
1.638500109552039341e-01
-1.269391601082601184e+00
1.962963586522838699e-01
-1.164932592282525055e-02
-2.040415913196002434e-02
-5.435080642571584741e-01
-4.889476188012237823e-01
-5.768141707227076864e-01
5.526055322404325176e-01
6.279010256702193260e-01
1.412850395614780596e-01
-8.083785276356983754e-03
-9.327679338642612672e-01
-2.775745320811347141e-03
-5.752398314382377587e-01
2.322430205102999912e-01
-8.029930445505026881e-01
-5.919512728731256557e-01
1.323865671498591357e-01
-6.084052844013413397e-01
-6.960311594998225271e-02
-5.396329320247477135e-01
1.582122386486644883e-01
-7.064051501624079021e-01
4.997915951398043122e-01
-2.761416793125546359e-02
4.280204598480832900e-02
1.403672887596525698e-01
-4.511784711276244780e-02
1.459942907775787502e+00
-3.694429017466254739e-01
3.658340071390047687e-01
1.277674085206624288e-01
-7.446975650118044243e-02
-1.121363674142798472e-01
5.691829136416376445e-01
-3.635391165910268341e-01
-2.295101433162206883e-02
-7.487991105726075070e-01
-3.671000191592281303e-01
-8.063317502528778713e-02
-1.571519415856292567e-01
2.630266321032266874e-01
3.911667627288934607e-02
-7.113795667871385398e-01
1.887276192231580052e-01
-1.375688515572313642e-01
-1.304944145423815420e-02
-8.797890068652369777e-01
-1.085860493922777142e-01
-4.511196263943049733e-01
-1.819786758339648758e-01
-4.962774405666152688e-01
-9.186088228139506207e-01
-2.505942219520939096e-01
2.032544616651402528e-02
-1.146831490389034647e+00
-3.528304497488063407e-01
-3.849696763717556647e-01
-9.058113754787682215e-01
-1.743968540170995063e-01
1.635936061620808513e-01
9.033947938313043879e-01
4.340634842769786617e-01
-7.285421813400103086e-02
3.481172829081730646e-01
-1.086853440523281866e-01
-1.452465754562088929e+00
-4.076445357743851972e-01
-8.673300495093317908e-01
2.372495249671335293e-01
-1.573435197230223792e-01
3.390796774719611606e-01
5.734187629299307698e-01
1.351641524943001937e-01
-5.763827233288736362e-01
-2.692554288394553019e-01
-6.771331329979264624e-02
-4.848503692765774864e-01
-7.841656838205511848e-01
2.164528820638233209e-01
5.579181943273944233e-01
-4.843856745845778744e-01
-2.538431937273724626e-01
-3.754394138188114211e-02
-1.790250180786694401e-01
-1.469208104368453505e-01
-3.358394531731008770e-01
2.716246981837890373e-01
-3.341875473922861217e-01
-9.604706909021841488e-02
-7.666760190935255626e-01
7.886041559587257666e-02
4.504008952105628683e-01
-3.599686784016075114e-01
-2.228275869157931022e-01
-4.476479714437933688e-02
-5.326225923281749930e-01
9.501596691734112143e-01
-3.443314761724508566e-01
-2.865131520741218130e-01
8.909764230898006288e-01
6.315741966218858527e-01
4.310888131042042160e-01
-8.703198076822428186e-01
5.816392745473568660e-01
-6.637007838275160720e-01
-2.020933787381744284e-01
-1.158808659351909104e-01
5.367989975080498244e-01
-3.647122658966842623e-01
-8.590154197140739689e-02
-3.009055828255790543e-01
-3.691503032025733599e-01
-9.271493443156515468e-01
-2.486086710575170222e-01
-1.005650267642155260e+00
8.185138850116885356e-01
-3.237152640234128853e-01
1.026421314441706562e-01
-7.314392909772884921e-02
8.794404501822563613e-01
4.241856302428934633e-01
5.618540784884767936e-01
-6.092395236638387113e-02
2.346096740516422641e-01
-8.160841477128537302e-02
-9.689736067684018295e-01
-9.761268907424474062e-01
3.972088809167954176e-02
-5.051005904099097332e-01
1.796561788705633433e-02
1.071638038539634463e+00
-4.575744572081011374e-02
-7.894305395024858729e-02
-7.241877995861359940e-01
6.856037265941323788e-01
-8.883702845537774784e-02
5.208233673552480070e-02
8.098765053955646331e-02
-2.841382494319799057e-01
1.271892696252229296e-02
-2.764980403248243346e-01
1.076205253158592778e-01
4.511946528075952423e-01
7.348603731373319903e-01
-7.191996492766847826e-01
7.787921810811911094e-02
2.559441290676473524e-01
-7.183417271777641222e-01
-5.757463683125478848e-01
-5.910804726843981172e-01
4.617971483306871905e-01
2.367057391048872986e-02
1.836306368060879046e-01
2.352051616284506763e-01
-5.009414127541143014e-01
4.616060483877986176e-01
-4.525271888139963949e-01
-3.864906827131094347e-01
6.972551550506840279e-01
-4.126609077244876578e-01
-2.294397764043530630e-01
-5.256129394846053016e-01
-7.578660001286083858e-01
-3.718870627533699680e-01
5.901826136090754238e-01
-4.074851460428308703e-01
-5.808766312558978351e-01
-5.051645541857668897e-01
-5.399851980448491240e-01
3.631326517991478875e-01
-2.425285436740723111e-01
3.825554608700497683e-01
3.790065119683114908e-02
-1.408520378937770379e-01
-2.296750973567150134e-01
1.398222278449849643e-01
-3.142319240566381899e-01
-3.201838836637890262e-01
1.156467879942089244e-01
8.652895393819945991e-01
-6.380768679417828659e-01
-4.350886233687695781e-01
-3.301386677448150397e-01
-1.726051285943671354e-01
-1.654282817487991719e-01
-4.800063123485631134e-01
-5.314840649084727753e-01
3.091853615335578009e-01
-3.293091475629467690e-01
-1.617732311900161590e-01
-5.294818236977982817e-01
3.733790101875385514e-01
-4.408930090172133442e-01
-4.800960359698984714e-01
-1.133578059253651960e+00
-4.643988054143197847e-02
5.799093835415332077e-01
-6.789320127577637143e-01
-6.461091764203811261e-01
-9.715922487092377990e-02
-5.607741771406014042e-01
-4.667939383693669453e-01
3.873302562590597020e-01
3.384910346063478848e-01
-5.291652168825784069e-03
8.886138261029321583e-01
3.431088882056030909e-01
-4.800986281132547107e-01
-2.825862059644751456e-01
4.647508219236871074e-01
8.773491922949795685e-02
-5.632967448903541952e-01
-8.930285651670133440e-01
4.442940627553120247e-01
3.901461976169220969e-02
-5.225209844453841956e-01
2.412065226684879105e-01
-4.431716961332856641e-01
-4.404000590058328168e-02
-9.129684540102338264e-02
-8.320089033794499933e-01
-7.019621027721761886e-01
-7.833106953086242941e-01
1.386236173631883450e-01
-8.122987554164634583e-01
-1.053001402396823299e-01
2.679638181594532487e-01
-1.593827712111402783e-01
-4.119177596227765470e-01
-5.848345269904283716e-01
-1.168736624675699165e-01
-1.811451520511864546e-02
-4.024660537843821606e-01
5.663115849278155256e-01
-6.709763490271373199e-01
-5.298091691652478952e-01
-4.347678360704336775e-01
-1.212644208382935851e+00
-6.256881605956546855e-01
3.632671267945057902e-01
1.282622846047461185e-01
1.254208839723133517e-01
-3.400816489520133712e-01
6.788662424669665574e-02
-6.055447934352762296e-01
-6.517844724678798496e-01
-6.843471259054906275e-02
1.171807398057865823e-01
-1.081572389653836647e-01
-4.890693977955885563e-01
-7.804771367178062746e-01
5.119399896248207904e-01
-1.291342208105850098e-01
-5.945395780463834656e-01
5.373559996354354551e-02
3.043884627299203172e-01
-2.368220887387353091e-01
-9.723557849532312725e-01
-9.229668109403238452e-02
-2.462325252842349765e-01
-8.314587045158338130e-01
2.315772709576395805e-01
-8.668920598292578772e-01
5.660864402504585113e-01
9.301101062596266456e-01
2.572530656112841929e-01
-7.710735672414079644e-01
-4.944749319168588730e-01
-5.402736388008603369e-02
-2.629180877889426005e-01
-4.201574172253641493e-01
-2.356839304925737733e-01
-8.983308538817488254e-01
5.005592694127691117e-02
-6.243762314124113866e-01
-6.495722142718122205e-01
2.001641577270871497e-01
-2.372617831754280926e-01
-6.372007929010732596e-02
9.790656086669107250e-01
-9.154850164287171577e-01
3.627389315733833830e-01
-4.840940230490938800e-01
4.004692012081220720e-01
-6.458467809714846242e-02
2.431471479238776212e-01
6.856160134310644860e-01
1.749007525712213684e-01
-5.306468543098878943e-01
-4.121560335056307367e-01
-4.814118293309397334e-01
-7.579036131368335205e-01
-4.254585283834564358e-01
-8.216562186682424551e-01
-2.861017089163853666e-01
-3.637962790270857227e-01
-1.022343804404967305e+00
-2.317605805777742667e-01
-6.341255927785279800e-01
5.492737346577813984e-01
-2.639778832013067178e-01
-3.783581413087572787e-01
-5.732793482172632293e-01
6.678337350386705229e-02
1.192562874712929100e+00
4.909299908369590959e-02
-2.168913023022805628e-03
-9.278900460824410779e-01
3.289648841270196855e-01
-1.324341890997307869e-01
-2.160073235278738846e-01
-1.487522485382236914e-01
-5.864509963443724772e-01
-2.255669779377520723e-01
-1.369081468439022238e-02
-1.765505958306718554e-02
6.125991221465479919e-01
-1.381270166751369377e-01
-1.791431428790864755e-01
-1.696144607284638672e-02
2.271836745295879312e-01
2.269649382278865202e-01
1.404227482498986990e-01
6.993693334310114862e-01
2.564929745371860581e-01
-1.706867081650148277e-01
8.151597814114298554e-03
1.281940236930051713e-01
-4.917502634835532738e-01
4.315492885834224523e-01
-7.507311706305592747e-01
-2.379241235376381158e-01
-7.058002111667259770e-01
4.332372395888051120e-01
8.401761937220694754e-02
-1.060258557577659744e+00
1.883201122108484060e-01
-1.328735751468191895e-01
2.843608056142925278e-02
7.756440734533380787e-01
7.070232047348430637e-02
2.598263632918672017e-01
4.465324958735145122e-01
2.493580013880201951e-01
-4.240348360588114818e-01
4.217514739455814343e-01
-1.258905525452226337e-01
-1.931783098861919734e-01
-1.271470275412061590e-01
3.535335145681500202e-01
-1.008094965341221477e-01
2.665293749432088299e-01
4.539732319944007055e-01
-5.066804042769742882e-03
1.252750299939330514e+00
-1.615466927100991101e-01
5.322920564086412731e-02
1.658337714819524411e-02
5.289096283668707210e-01
-4.608740065497746730e-01
-1.446731785565479045e-01
5.842293185720407456e-01
-4.426019303453470610e-01
2.453279633000257642e-01
-8.920331279015161763e-02
6.197329871531938039e-01
4.132605489975045843e-01
1.883916504954087634e-01
-1.068671867735165315e-01
-1.277679831679492839e+00
1.531593475735850210e-02
-1.088346777114240771e-01
-1.376410352762484079e-01
-3.200827060641645572e-01
4.804739574267785085e-01
7.148106710378226980e-01
1.951226127615227901e-01
9.816988967101586416e-02
-3.823010877349504733e-01
-2.626732187760729698e-01
-3.207708776589731081e-01
1.944138020213218854e-01
3.747695587013370744e-03
-2.097008582467690951e-01
2.237336366424433343e-02
-8.732116936852537536e-01
8.688931362699364724e-01
2.692168396943419584e-01
7.542514850127118170e-03
3.725076739836168382e-01
1.076480477655382684e-01
-2.421801653351023931e-01
-5.294931615594394847e-01
3.949759316446029844e-01
-8.532602591652239665e-01
-3.426303286748899057e-01
1.721868126908384505e-02
-1.941724194588088231e-02
-4.919396255805332796e-01
-4.513744935973762473e-01
-1.772727256063246215e-01
-5.432027926354339176e-01
5.895049696805080286e-01
2.476757180740558895e-01
-5.054201309224743977e-01
-4.272601468837434746e-01
5.657157248902963675e-03
-2.355097380718544076e-01
-3.816935006217254678e-01
-2.500505685701782110e-01
1.216588976941429812e-01
-2.960710648704934500e-01
-5.254541817518680880e-01
-4.286941041051868795e-01
-4.654080332714867485e-02
-1.518734446251066850e-01
-3.657975914593523670e-01
-3.990613607333841628e-01
-5.371834603870098146e-01
-6.509008299704051037e-01
-1.664941620446594439e-01
1.092751229129391641e-02
2.013515150137838161e-01
5.460594500920735311e-02
-6.944273256468699307e-01
-1.169735487920385217e-02
-7.492766022300609841e-01
1.693981860739058043e-01
2.284191791634515231e-02
-3.125583564887874921e-01
3.524839941686822575e-01
4.792003375302791857e-01
-9.888272905410325775e-01
-6.134228809855412079e-01
-8.253167055133736607e-01
-8.234954567268469861e-01
1.794230785355878099e-01
4.667411140365194666e-01
-2.416771089179599596e-01
-2.288530469818048363e-01
-7.046789981105782141e-01
-3.289321393388553449e-01
-6.474180587069979786e-01
-9.422770438245142710e-01
-5.572376441092503629e-01
-5.165761624498470539e-01
-1.802582323783559481e-01
-7.106816318299157276e-01
-4.563807840598129162e-01
4.331734561382863391e-01
-6.484329581245330543e-01
-1.127175988526902053e-02
-5.136538285690135375e-01
-5.886278822094377361e-01
7.076231118477523951e-01
9.704340590269598943e-01
-4.413709704452100646e-01
-3.402939088768019427e-01
6.238760903543510983e-01
-1.706601077232517971e-01
1.339185335672714805e+00
2.026466269900730199e-01
-7.028342318612845752e-01
-1.807512627189978571e-01
-4.596396783428566279e-02
2.941559947098248973e-02
6.745239174295071249e-01
-3.222064552213079192e-01
-1.018119141264817840e+00
-3.536334533745152386e-01
-1.979222202832603972e-01
-1.278620270139129822e+00
-2.099355644633960159e-03
4.218730843955410537e-01
-2.438906982848101090e-01
-5.419824644666753483e-02
-3.429535492046633660e-01
1.564288455657007748e-01
-8.980116873473953376e-01
5.890572363305993653e-01
-4.687918801419631298e-02
1.075135638929199111e-01
-4.526648458175376311e-01
1.049484175123289662e-02
-2.257145080929599812e-01
-7.114988131594112142e-01
-1.932304750100583002e-01
-3.553304414019993751e-01
-4.151231440946585582e-01
-3.246168263601006965e-01
-8.098513522904129402e-01
-3.071147324768213616e-01
2.699464680734572353e-01
-1.809313862044991394e-01
-6.254979715583875999e-01
-3.124722515784086330e-01
-6.133813162411625441e-01
6.972039979753498207e-01
-2.547885041356016678e-01
2.849051041244653470e-01
-2.930610450558748248e-01
3.118274545308838963e-01
-3.195263956992054899e-01
-1.030894697607325113e-02
5.042477696102171114e-01
-1.088472693478972075e-01
-1.179565441513852120e+00
-6.820312437102864223e-02
-2.217767657220293120e-01
-7.202284506340808079e-01
4.758787963110037711e-01
-3.559502864642156150e-01
-1.300184355077672382e+00
1.752903406375584949e-01
-5.316964373340766353e-02
-2.614341824742720810e-01
3.458346076992516172e-01
-1.605606227992306678e-01
-1.013772143110174495e+00
5.786557321677372467e-01
1.403965862734889714e-01
1.305220783221808512e-01
6.244378313594831642e-01
-7.137268819792480512e-01
-1.141070502619840610e-01
-7.578135645653436558e-01
3.866892503130992531e-01
-4.166107822262287708e-01
-2.413497319088922233e-01
-2.457587360603126214e-01
-5.196321892579904844e-01
-3.800058163554081991e-01
-4.013641390245117901e-01
-2.863716090308666140e-01
6.395537785076305104e-01
7.534542515012948583e-02
-4.890475870399547120e-01
-4.725725972578194156e-01
-1.301338341752938665e-01
3.333786299547831459e-03
-1.677243694011588682e-01
-1.707730357156386769e-02
6.627873436432272225e-01
2.069875709953475640e-01
-6.959334290523161437e-01
3.390700228709109254e-01
-1.289985510726325280e-01
-8.548426198183319835e-01
-6.550242752259787249e-01
9.266031124904822169e-01
-6.648669957028942312e-02
-4.932330621727785136e-01
1.866240092125262262e-01
-3.369711350441890185e-01
-5.594683426164517304e-01
-3.283898945569040384e-01
-3.901401016670823507e-01
-1.363116639006880237e-01
3.549774314906148365e-01
-1.953644412101865624e-01
-5.313905228484994830e-02
5.997325645346086587e-01
-3.628127133253776226e-01
-4.543914182457743367e-01
3.701788348916409954e-01
-6.350333733481449139e-01
-4.154729009233936177e-01
-6.747738718962860427e-02
3.203065094048336836e-01
-6.490738182720893201e-01
-4.369430563501456449e-02
-3.415797937368170861e-02
-1.121730801523459498e-01
-2.625150745306737421e-01
-5.070718311876712958e-01
2.167524262198182172e-01
-5.847382292057821118e-01
5.493550645655200793e-01
-1.561076630399567955e-01
-6.388438719752393968e-01
-3.217914282145543092e-01
-1.148973425193170694e+00
-1.925434266148343954e-01
1.188900554435198709e+00
-4.569684186682809179e-01
-1.402056205892240892e-01
3.231680984133121215e-01
-3.695339244430095316e-01
-7.960716484857081887e-02
4.266867906930616461e-01
3.733822124123270525e-01
-1.680153231119699275e-01
-8.797121734669715032e-01
-1.179682559318904422e+00
-6.517772928851232050e-01
-2.445877455287784608e-01
-5.727943992328615730e-01
-6.661467075817673056e-01
4.243429265915218962e-01
6.324319363991193210e-01
-6.728775293255819800e-01
-9.450585747048256824e-01
4.569032663683965378e-02
3.709877391303368355e-01
6.428804220073826015e-01
-6.922549273982926410e-01
3.945711747177183537e-01
-3.039648578457585515e-01
-6.320739410659776958e-01
-9.212152048954303646e-03
-4.674338351008416326e-01
-4.445243841878212532e-01
1.566140107195519021e-02
-6.480236439704180063e-01
1.009077943383239612e-01
-1.250946292353086742e-01
-2.335216924025472762e-01
3.899286707022701082e-01
-2.172038443840984823e-01
-6.348914737322882695e-01
-5.527338480241652530e-01
-6.804752268048784858e-01
3.623594913255930722e-02
1.314632365770352918e-01
5.853609728294119074e-01
-4.934975283757910280e-01
3.258683060375594520e-01
4.956566123945666535e-01
-4.576778887247228145e-01
-3.122775440109492040e-01
-6.948162607443102434e-01
3.302144071583540952e-01
-2.382199023433066998e-01
-3.887760814552133071e-01
-5.877677378162394772e-01
-6.620715653582092131e-01
3.064150645979247245e-01
-7.910233603115506273e-01
-4.022347921816919469e-01
-8.871032763801960375e-01
-2.635831078871306299e-01
-5.188544546484431530e-01
2.676564780388011877e-02
-2.573663607197390624e-01
-1.804032678140221335e-01
-4.795257334469844035e-01
1.507549093967104348e-01
-9.145075926051954296e-01
1.530136160032647963e-01
-8.802470327891041002e-01
-8.576371681814795589e-02
-7.380277979481804085e-01
-2.213339075458646554e-01
4.036591830813398007e-01
-5.214212396182633241e-02
-2.692864541323393424e-02
7.933598709704373086e-02
-2.207702075554452970e-01
-7.199302877044169713e-02
6.694550866041676374e-02
-5.150157914274741122e-01
-1.030592746778058733e-01
1.411932950442068291e-01
-3.761283038087125941e-01
-7.993166454571489776e-01
-1.919072858418084948e-01
1.445220618562153836e-01
-3.471944281561493151e-01
-4.173251786178404643e-01
-1.386866519643121798e-01
3.403424093057422911e-02
-4.945837091214753123e-01
2.173233523753671445e-02
-1.187691867259204059e-01
3.539017177761741850e-01
4.056986447554050690e-01
-3.747417066997897339e-01
-1.098783589492280388e+00
-4.023137491256289500e-01
-6.896506280242356568e-02
5.741960624369189109e-02
1.230838408150171023e-02
8.789989447849663740e-02
2.171460366009737297e-01
-3.813637304302392450e-01
-3.641806859631925297e-01
5.480949881211746311e-01
-5.856911621891863762e-01
-2.541390992889406772e-02
6.063348679514845019e-01
3.487492901776712007e-01
-5.494151293960476412e-01
5.368018465643583648e-01
-1.947676806796598201e-02
-1.260513689715179186e-01
6.873262352396722341e-02
6.075697975184443100e-01
-6.894848267673914233e-01
-1.052423048690230845e+00
4.308601812741939818e-02
-6.351207946668927518e-01
-3.614477886836169745e-02
-8.422306233617893323e-01
-2.667188408772752650e-01
-3.051537772535820037e-01
-5.298033824576987572e-01
-3.380857231507677363e-01
-6.799163966818776439e-01
-3.511926444736270803e-01
-6.122541613678832428e-01
-1.910572980735726623e-01
-4.703161761217901637e-01
2.785039639490349272e-01
2.362794905003913482e-01
-2.694567385181185215e-01
2.720911257247313753e-01
-7.024821455585197327e-01
5.747041568232154063e-01
-2.710200532276926463e-02
-2.142790238563967720e-01
-2.121810880445376690e-02
5.733490223988686914e-03
2.201069121932164585e-01
-1.855340663897713238e-01
1.105384540256661108e+00
-1.023660891068736839e-01
5.424301588598799961e-01
-4.965317940748384395e-01
-4.816553056792515775e-01
7.594469861113831155e-02
-9.736550446754272947e-01
2.936190149460499860e-02
-2.840204592982073506e-01
-2.835331390737277912e-01
-1.159205241526449076e-01
-5.434595528987739010e-01
-1.258792376946507308e-01
-1.384789982267088160e+00
-2.889871654792054434e-01
4.516236782154520180e-01
-2.478387972914703197e-01
-4.240165631916070210e-01
-7.063183700695776501e-01
9.100867597537797005e-02
-4.932695797498362622e-01
-1.754081336134173663e-01
-1.868710098513376161e-01
-9.137498389447832325e-01
5.075324975787738335e-01
-7.092347038496475964e-01
-2.472461239797098601e-02
-5.687946832185051260e-01
-7.943702292203194126e-01
1.442076595973138808e-01
2.168503981680556802e-01
-7.577207657209500402e-01
-1.425021083116739529e-01
3.168200940663706278e-01
2.886880477973591819e-01
7.007853872234949266e-01
-8.080548944438299686e-02
2.565810964903649238e-01
-4.768346233925794819e-01
-1.928808905816082886e-01
-2.379397628858617164e-01
1.194035165782292435e-01
3.904559828737004523e-02
-2.809380494083275615e-01
-7.924831681713544462e-01
4.104331999723304647e-01
-2.969197073410282384e-01
-4.285868851967514770e-01
5.286533017494253750e-01
-9.149190839978011969e-01
-3.748426752871699130e-01
-9.975097405453734467e-01
-1.202175496635481955e-01
-9.536697795514711973e-02
-1.827238387520908613e-01
3.071562596198904038e-01
-3.488348838166773214e-01
3.718054794973305599e-01
-7.025077095368383873e-01
1.765445516104587054e-01
2.193374991718396450e-01
-2.726554831430321943e-02
-3.562890694362770283e-01
3.737608738021502841e-01
-1.923711144555296515e-01
7.738544134965734678e-01
-5.874210375948168972e-01
2.215136881917623979e-01
6.219310440440640741e-01
-6.761345111662032947e-02
-5.319912616249965476e-01
-2.691974669967586165e-01
-7.491657545571264176e-01
-1.624146983309142367e-01
5.571672900114789106e-01
-7.794129588827921618e-01
-3.941592523795223180e-01
-2.701318715098433021e-01
4.887337600133234150e-01
-2.281329801805123125e-01
7.495605856920082299e-01
1.952018815818409164e-02
-6.674041794654177462e-01
7.332225638458272909e-01
-2.944153901809570262e-01
-1.695358777831233177e-01
1.441779258425442689e-01
-3.438835780818894627e-01
-2.374902313467202111e-02
-1.343063987159992312e+00
-4.522856007989819460e-01
1.428843556369640000e-01
1.711473791221336804e-01
-8.786637847156324177e-02
-1.072208379117167883e-02
-8.882263997148478474e-01
-5.236289341569890649e-02
2.144964038975541165e-01
-4.443442736836665241e-01
-6.964979000698668932e-01
3.244046297863586448e-01
1.121870729220165036e-01
-1.106779946656323843e-01
2.931047528872507413e-01
2.292277608519983634e-01
3.307361971157345981e-01
2.221472293931100461e-01
-5.914709257434699330e-01
-3.329153715226461085e-01
-6.930700002516817504e-01
5.304535349389599697e-01
6.404479572193432224e-01
-6.119026812144852112e-01
2.613434309618791196e-01
-2.109631530380908782e-01
7.640463323555772845e-01
-4.130165565961868568e-01
-6.713502668732155287e-01
-3.830391867302807563e-01
-1.098324775423957372e-01
9.275635842075092841e-01
-4.065592116166547587e-01
-3.584124090334744328e-01
-4.862794717522129773e-01
-1.599505842740087114e-01
-2.132003116906735773e-01
9.582789402790241606e-01
-1.095455120901981105e-01
-1.816052893029881932e-01
4.303193894400222930e-01
1.434980205689322941e-01
4.593343608050938776e-01
7.994063325647941809e-02
3.228480740911603974e-01
-1.567980431518657463e-03
-1.537852318426347620e-01
-5.353554702727001402e-01
-9.526252177211617100e-01
-4.541853812473317098e-01
-4.638405005401378955e-02
4.837507731328332117e-01
1.769078884694083309e-01
-5.608210153197974446e-01
-8.886532440537260324e-01
2.512995475897869535e-01
6.833345276077952557e-02
-5.979878589982665082e-02
2.225911178482647274e-02
-1.909205296754523107e-01
-6.491142564571407148e-01
-9.671005183903830238e-02
4.195782424525302257e-01
-8.374408151061240035e-01
-1.146937680087153910e-01
6.904405625880202235e-01
-4.669841018181347669e-02
2.790972140712572602e-01
6.701309209079243656e-01
-1.751117741437955011e-01
-4.627977915627395217e-02
1.980642662767211903e-01
2.495031653377782210e-01
9.268082321753433606e-01
3.559910956766900586e-02
-7.781243220917234416e-01
9.355183984138416564e-01
-7.466018443554498507e-01
-6.924736293390209019e-01
-4.964708774874198038e-01
-9.664041656311355144e-01
4.080483249010689595e-01
-1.809187496761374137e-01
-6.608612740545262154e-01
2.616498411057280316e-01
-7.244230999223472134e-01
-1.448765672746507027e-01
-4.479180935664871521e-01
-4.867082692896692042e-01
-3.356479370111013494e-01
4.428996145937217910e-01
-5.051645588433679723e-01
6.835895026363073557e-01
3.077990122455726563e-01
-2.397828405782747307e-01
2.721034057109049664e-01
-8.359036415193723535e-01
3.000574979462079517e-01
-1.023169696653475125e+00
3.560780284375353877e-01
-1.036999265504573442e-01
-1.151493579227171604e-01
1.146783167188465263e-01
6.173618379906743447e-01
-6.308797378406384437e-01
5.191396859596268953e-01
-4.401637108152661737e-02
-1.976310489624600805e-02
-8.454412639427133502e-01
-3.937732802428107748e-01
3.417392417116648512e-02
5.798972224171154988e-01
-7.327723279172682069e-01
1.296315216307607487e-01
3.154668657245218721e-01
-1.225294581557639650e-01
-4.140899139467021928e-02
3.777429439368521491e-01
5.251434774406195105e-01
3.321779716658671000e-01
1.243453848606159706e-01
-6.492695720117742653e-01
-2.329363429513409967e-01
1.778424267927438893e-02
4.439218808874105804e-01
-2.911216529933402519e-01
-7.207270059693754449e-02
5.412051007181756246e-01
3.789348442953240914e-01
7.557776788251290290e-01
-2.017036651598015096e-01
-2.455540824960016511e-03
-8.230553078172503367e-01
5.218168636197300508e-02
1.922114894298528887e-01
-1.189772881251330711e-01
3.995310780654834915e-01
-8.959569932558102412e-01
-5.281799890325122870e-01
-3.381202397325711040e-02
-5.253650379896853684e-01
-7.792675017309808050e-02
-4.775926513213638036e-01
8.360547517482502800e-02
-5.095929877094503846e-01
-6.913316586909088457e-01
-3.997624409332969364e-01
-4.561316668057379675e-01
5.210675276522380717e-01
-6.950958984382940020e-01
-1.007756562231360009e+00
-4.461711964057848423e-01
7.116209390379041322e-01
-2.356865521149454634e-01
-3.672601760814034333e-01
-6.489862264289189553e-02
-4.847065742008174749e-01
-3.043902117202187396e-01
-3.235295146057625137e-01
2.289993763871246146e-01
1.336965362732851423e-03
6.143162333671358527e-02
-5.428048289353784028e-01
3.609851665994405212e-01
-4.446528848551054014e-01
7.533758418067654228e-01
-5.600275924109411330e-01
5.551910853940170698e-01
1.269856199903862115e-01
5.203982269288738305e-01
5.805322658500976507e-01
9.247116947377634344e-02
-2.893353896673585557e-01
-1.433989573500555614e-01
-3.208764265043059782e-01
-3.462585315245944595e-02
-2.877760764938352422e-01
-5.857062932453421800e-01
-2.518455306321153442e-01
1.418942460757761925e-01
4.233780434887158273e-01
7.968231281173198122e-01
-6.185372733456594441e-01
-2.423251465956903494e-01
6.800208977024234380e-02
5.258207825678744562e-01
2.620026244846071495e-01
6.645080855748990434e-01
-3.027780936969566294e-01
-4.144606960069907031e-01
nan
-6.636591913533933518e-01
1.292662802922933674e+00
-1.312095709595147708e-01
4.279341962668121169e-01
-1.149151800394157208e+00
8.147869996818036809e-01
nan
1.855993513347840573e-01
1.868425441971775236e-01
-1.168831507620648580e+00
1.459302502048025717e-02
-6.814357191885241916e-01
-6.391095123224701524e-01
7.576854779168490372e-01
4.867988836319231960e-01
-6.018174271680175602e-01
2.504344510695612480e-01
-7.832101436807008543e-01
-1.025306633160544711e+00
-1.056413571497201387e+00
-1.695700916231834832e-01
-5.413236564609416046e-01
-3.499012836835618118e-02
nan
-1.271885631036791198e+00
-6.603278848437037496e-01
2.849760651989478588e-01
-1.120295705034558109e+00
-1.331070468876091872e-01
-8.280362886010904644e-01
6.992753567489546906e-01
3.735101694722929300e-01
-1.664056111350049050e-01
-7.421301227145697954e-01
-5.416500159286041782e-01
-1.209604278844924607e+00
2.609181551524243914e-01
-5.907908818965773579e-01
1.525361727152679592e+00
-1.312219085693188347e+00
9.805253044501646142e-01
-1.306393428044963168e+00
4.006524684223382038e-01
1.568764601393395630e-01
-8.694336915789857567e-01
nan
-1.918581049424132601e-01
1.542787016760857055e-01
8.922294555511001146e-01
3.339126521790640456e-02
-1.790171781400930751e-01
-8.324435570761510306e-01
1.189955033494675130e+00
7.353864438329147379e-01
-3.110467254307870966e-01
-2.292023227508394045e-02
nan
-3.932929778323469572e-01
6.869500974793095738e-01
-1.169665547832775099e+00
6.342118104771922171e-01
-8.688758313319114857e-01
-7.444152087738905577e-01
-2.102633397975585405e-01
4.491715345640779899e-01
-4.829191035134296484e-01
-2.868598341027328025e-01
9.488094944747345050e-01
-3.210876646201420992e-01
3.484084505685327571e-01
-1.011024860380912577e-01
nan
-3.151496724894518042e-01
3.621058718052480030e-01
-4.230826611435100637e-01
-8.291592687066140499e-01
nan
-3.390502690456079216e-01
3.105110729107555256e-01
2.302722766088359241e-01
-8.250820121282897990e-01
3.261852311841638707e-01
-7.536267193528288777e-01
6.650684131632657037e-01
nan
nan
3.026537355549914765e-01
-9.110333028552852763e-01
-5.012505135064296846e-01
-1.092423881058576934e-01
1.392405354907487514e+00
-5.339085389399864656e-01
-3.823060235361673831e-01
-6.695793462884168656e-01
-8.820216458074605637e-01
5.414794796314511549e-01
-3.668835766420333044e-01
nan
-3.789932220294036092e-01
nan
3.408493270996404978e-01
-1.059565715835947275e+00
-3.070134204226832031e-01
nan
9.406927232086191581e-02
-5.557868099920417748e-01
1.565494498872704643e+00
nan
-1.152893090159951006e+00
-2.205718243996965811e-01
-5.225475587747169248e-01
-8.123848793438191995e-01
2.971459341100698981e-01
-3.139232884923606193e-01
1.211858190328872320e+00
nan
-2.186732825680843539e-01
-4.249074292150221699e-01
nan
-9.470217795827258200e-01
7.826208105247334235e-01
1.190760362342475898e-01
9.124295639543592018e-02
nan
1.046798663012346864e-01
2.921907781091387935e-01
-1.442980657891954621e+00
2.129661701835545151e-01
-8.962293283946404232e-01
1.124828698229483503e+00
-5.610816998544323475e-01
-1.138442590134837618e+00
5.124272724485186004e-01
-4.288462586408895577e-02
-1.149173948920487742e+00
nan
nan
-3.634030124956923458e-01
1.353439979320828490e-01
9.162947851848141090e-01
1.477044905664524621e-01
-5.930467914240696720e-02
-1.021394729198272344e+00
-2.206880297763842425e-01
-6.118116365813958124e-01
-8.797038644741295155e-01
1.747773487482326416e-02
-1.087309443092887351e+00
-2.159060082997170671e-01
-2.449967798399348418e-01
-4.397864924500237416e-02
4.193734949293692615e-01
-8.434945254371880585e-01
-4.480014819999097453e-01
-4.938060393203526632e-01
nan
-3.183927048534233167e-02
2.663646407482914702e-01
-1.328257243159667589e-01
-2.502127325053834506e-01
-6.899559522087082009e-01
-2.793285554466102827e-01
-2.559460196965982481e-01
4.191348254749139302e-01
3.472699481296951385e-01
nan
-3.083643794451061404e-01
-1.222434161403559205e+00
7.308871522108328911e-01
3.225708323902629626e-01
-1.164530871161872261e+00
1.370003700883779763e+00
-1.107015898332074783e-01
-4.177905899827776826e-01
-7.253335171116120916e-01
nan
-5.489523809362776285e-01
nan
-8.238232648624597143e-01
-7.221124468269117802e-01
-5.099239843942228179e-01
-7.617888556585921123e-01
nan
-9.532843033471243288e-01
1.944618970522449253e-01
-6.626648486705856156e-01
-5.990120002574055302e-01
-1.294709007086537023e+00
-8.513418708185065409e-01
nan
1.149296702788266539e-01
-5.368269460390074910e-01
-9.075463376864181253e-01
7.204320063047309208e-02
-2.134548358477049712e-01
-2.846960175707948792e-01
6.913878578398264807e-01
-6.368302599180037937e-01
-1.189342360728070425e+00
nan
1.528307837309751116e-01
8.346318528687055593e-01
-5.659341748305278808e-01
1.698442380968368803e-01
1.025145666492371710e+00
3.628034172090219278e-01
nan
-3.771620235671552801e-01
-1.735447856322629989e-01
8.252989300863996514e-01
6.440169972010079125e-01
-6.977294434287782954e-01
7.293305945053875083e-01
-2.863040608786056040e-01
-4.834064973483864214e-01
-5.798235722733493525e-01
-8.250646593711130627e-02
-7.739419928707790275e-01
-4.327234133076143241e-01
nan
-7.171065848368990414e-01
-7.962199891074103753e-02
-1.066850556695785102e+00
2.939236142768050231e-01
-4.574385469732388243e-01
1.682162562964387847e-02
-2.264302761007637443e-01
nan
-1.240865320201170130e+00
-1.072835927224659702e+00
-1.047798125428438976e+00
-1.300226116914546148e+00
-8.635111525909066055e-01
-4.096618574209494046e-01
-9.194260034531207548e-01
7.210924554029529698e-01
nan
-4.541640142884724174e-01
3.114446457019630077e-01
-1.372487172603064298e+00
-1.023383315369071900e+00
-4.943047038297668783e-01
-1.191774022377822817e+00
nan
-8.148742026219332191e-01
-7.113913978598000731e-02
1.112837687760433125e+00
nan
2.398985687463238980e-01
-3.847595807500114318e-01
-2.047925504219593185e-01
3.150293522660686518e-01
6.573466053866692249e-01
3.193478143990440832e-01
-1.523112962636407886e-01
8.317580549450320770e-01
-9.438704792433981750e-01
-6.623008786287223337e-01
-2.467731485700695171e-01
7.471072132000272648e-01
1.289651074436462541e-01
-3.669467066793812293e-01
-5.726693346420672626e-01
6.400720362922620588e-01
nan
-1.026790768076449867e+00
-8.345028033111377974e-01
1.066273810623452167e+00
-1.328247978647195016e+00
9.558019213873432118e-01
5.407384184136111438e-01
-8.572417428909763215e-01
-1.028635741581122920e+00
nan
1.003391340987423552e+00
5.361450528421493056e-01
1.090475223309807784e-01
-1.467711888417384314e+00
-5.433968185457006550e-01
5.104402369709584164e-01
-1.217504079856591703e+00
-3.756997990052115544e-01
-2.554659812068241220e-01
8.989283450674487863e-01
1.433869144745409385e-01
nan
-4.995241498654697798e-01
-7.821711824065790131e-01
3.504384352291588234e-02
nan
-1.361993447497951149e-01
-1.184547040237357907e+00
-1.469442092029853431e+00
7.163567497204730294e-01
-9.028537761465478262e-01
6.376818926021651790e-02
-2.676567812351842712e-01
-2.627562096195678598e-01
2.694493934574251903e-01
-1.016629502710559851e+00
-1.132612498746200069e+00
3.942928908088886297e-01
2.060545671234357556e-01
-2.902224711843050531e-01
1.111678705863694550e+00
-4.526553049944940545e-03
-2.688844614333591454e-01
-5.195865482377554079e-01
nan
1.030906711302437051e+00
1.024002614143494583e+00
1.375044504469053186e-01
4.526679256608780455e-01
-2.663060766692052980e-02
nan
-4.094045180884040014e-01
-5.795921228205659359e-01
nan
-9.654876526336788611e-01
-7.613837711331352676e-01
5.175343786770513210e-01
3.392285274683699003e-01
-4.371365179859220129e-01
5.452104009291270925e-01
-4.506319316899951577e-01
nan
nan
-4.691246349911556979e-01
-7.827558204015374610e-01
1.686298687061134949e+00
-6.949197240828205446e-01
6.944939501168649887e-01
-7.273309152592651872e-01
-1.263399435686823891e-01
6.757321383997915154e-01
2.748727087944622949e-01
2.077592092022883807e-01
-4.377401547032250262e-01
4.403548712539222532e-01
2.034720716741550417e-01
3.664993408744927073e-01
-9.135161176141558537e-01
-1.335430908292402352e-01
-9.358866562834500247e-01
-1.017633927022028317e-01
7.593205759651306952e-01
1.958354123294750726e-01
7.949748501188441674e-02
-1.084949206609485239e+00
-7.716413706862502719e-01
-8.814407641728878862e-02
-2.854840716515775756e-01
-7.740850134140760952e-01
-3.820632960997052407e-01
5.993198555222152279e-01
nan
-3.487932932381069273e-01
2.027326029361205817e-01
1.855647041806762487e-01
3.802803603443438707e-01
7.378702399040578674e-01
5.182713218924829557e-02
-7.341116969202292619e-01
nan
-3.026105565607223324e-01
-7.005732081918892851e-01
nan
-2.295688775690395422e-01
5.363363826652041144e-01
6.313502325182916708e-02
-4.564524331996999140e-01
-5.093668802316314581e-01
nan
-4.425846144833691098e-01
-3.225772748763047204e-01
nan
-1.803639126894629463e-01
-3.915733436252593069e-01
5.442528125591087479e-02
-1.459498011820005159e-01
2.038627707393282640e-01
-2.461786483008992499e-01
-6.898059505227481791e-01
8.830590294272315788e-01
-1.927519625242571921e-01
1.047030798517889771e-01
4.211461249442636223e-01
-2.952739941859837125e-01
-9.065929590058108278e-01
2.274205381322853547e-01
3.411748252647416879e-01
-8.572623833717367692e-01
5.183119544435640380e-01
-2.849051045306054131e-01
5.603191061501957559e-01
nan
-3.774603583895961845e-01
-1.144253810564988677e-01
-1.440258072606675765e-01
-7.127224688916761024e-03
-3.733249101702093009e-01
-4.395574670370878123e-01
-2.898689797622316239e-02
nan
-1.096207585547775309e+00
1.943415749359276856e-01
-4.196309484739695894e-01
-7.240171252109304234e-01
nan
-7.952614226713248247e-01
2.871353108535652510e-01
-9.808490740480279024e-01
-3.579388557970741847e-01
-8.901665493136785845e-02
-7.325716946791640538e-01
-5.611890012147816575e-01
1.273483540244365164e+00
1.306281475704650363e-01
-8.628721108868501188e-01
-9.788724094817209398e-01
-1.066667734365877251e+00
7.500371688379856017e-02
-4.774427541927037666e-01
1.573628421501081509e-01
-4.037349136219804402e-01
4.133363918698871320e-01
-1.732432907461799454e-01
nan
2.328754848003608824e-01
-3.430244124772336423e-01
2.898957863038346683e-01
1.632771404670842363e+00
-8.095025233741295345e-01
3.961873086181070258e-01
9.018680148637463201e-02
5.170575896847364739e-01
7.609782070489645722e-01
-5.191874172560028144e-01
-7.330926259174476156e-01
1.627004191838738456e-01
-1.014596562750283315e+00
2.250081503447908804e-01
nan
-1.986387662551364341e-01
2.059017485806988873e-02
-1.242247490842558200e-01
-1.660253366239875517e-01
1.511296330124545007e+00
-3.941479715435479148e-01
-1.327697269473223196e+00
-1.036845079803150771e+00
-2.907507848876113021e-01
-1.214604425889962869e+00
-8.494461474502866816e-01
-2.888587926075154022e-01
-5.305582840196757521e-01
6.362525584431851788e-01
3.000299315439289294e-01
-7.312268840619889909e-01
-6.064636911893021010e-01
5.521282726704319632e-01
