-6.512953808194181793e-01
-8.845479308464447854e-01
-4.379858069099317741e-01
-3.304481780123687540e-01
-1.261979971336977480e+00
-3.696051394598383610e-01
-1.381833055318329784e+00
-6.159385075280571220e-01
-8.601999397001635073e-01
-5.497316914138176136e-01
-4.051828572445164700e-01
-3.679742674135590419e-01
-5.737221987494574016e-01
-1.026581134478698809e+00
-4.752345057276901041e-01
-1.055841889241229348e+00
2.488460891809033682e-01
-5.657923408842340240e-01
-8.623297951798296612e-01
-8.997687367822388982e-01
-4.616011031523050701e-01
-6.553823602936380555e-01
-4.353363425002413911e-01
-2.819071624076612270e-01
-2.892237772735313239e-01
-4.539108061327797317e-01
-9.116690204742763370e-01
-2.621884337809027854e-01
-8.944900146730432322e-01
-1.140994187571161333e+00
1.056233806220053528e-01
-1.002070430068462858e+00
-2.950218935753649574e-01
-9.136775489274775452e-01
-2.175165991204925653e-01
-7.566064178827197617e-01
-6.717740071357182208e-01
-8.200468505083763349e-01
-1.679627655819789789e-01
-8.239645509151295455e-01
-3.155974798083035493e-01
-2.702754226855331177e-01
2.054035093331732786e-01
9.995473547413375858e-04
-1.162218422425413067e+00
-3.670666548413147739e-02
-6.906055257191965335e-01
-1.176673702353752571e+00
-5.555748336793624453e-01
-5.325284171792754595e-01
-2.219576439123637779e-01
-7.190146074274563759e-01
-6.391474967742178936e-01
-6.221082426318813585e-01
3.711983306277580330e-02
-5.287975572056951012e-01
-8.303267603507178407e-01
-3.060011511581641197e-01
-8.779314936778429557e-01
-8.191026023834108161e-01
-1.455579337927316530e+00
-4.612460546712753295e-01
-1.109155322435515290e+00
-1.070541409630428209e+00
-5.697919642541964258e-01
-1.043985313698853945e+00
-4.477535634243973162e-01
8.788170985752971065e-01
-6.887488586561502091e-01
-2.657647348537230461e-02
-8.369083643916794824e-01
-8.248940714535231145e-01
-1.024436634220718512e+00
-3.068115363040517796e-01
-5.546183055979247989e-01
-1.303459865096182890e-01
-1.249391822855563383e+00
-5.753295376573978048e-01
-1.603716453879605874e-01
-1.013092774489141312e-01
-1.337475131133790685e+00
-6.875235254660458928e-01
-7.424761335275933405e-01
-5.448118551442681090e-01
-4.365067281068871763e-01
-4.670530948870745269e-01
1.832228006246151286e-01
-9.186393589302850327e-01
-9.418123963883405780e-01
-6.472041379730487654e-01
-4.467050422278098787e-01
-3.675792426645300703e-01
-3.550944846578866776e-01
-2.768890526544579012e-01
1.770017706238900257e-01
-7.568108817408023548e-01
-5.214801636553376696e-01
-8.969605149365688090e-01
-3.528283710899471348e-02
-1.273221467112542582e+00
-4.787457755065055443e-01
-6.547017396552420321e-01
-6.969241809915539543e-01
-1.202871521954898659e+00
-1.376791125957097295e+00
-2.817944504933914684e-01
-1.308954270060574299e+00
-6.984084302853744708e-01
-5.186735302914510237e-01
-1.104953507537730362e+00
-6.948150062373286140e-01
-7.818857189198155089e-01
-5.333428845387608863e-01
-8.290573583888853904e-01
-1.267334666989844774e-02
-5.768148187439101626e-01
-8.685129876698882700e-01
-6.517404469379550758e-01
-8.564106378431854960e-01
-7.939382754635432304e-01
-6.026030481506668979e-01
-7.519773736991397506e-01
-4.564939610468601305e-01
-5.752310976795217412e-01
-2.656503457706045901e-01
2.582748695027524688e-01
3.100674070296579599e-01
-7.928966890454113292e-01
-8.908784470414492507e-01
-1.023183236891415993e+00
-8.951415102253384992e-01
-2.523204631539002207e-01
-7.796723066106197031e-01
-4.868184037931567731e-01
1.227677532314162545e-01
-1.219848097454120595e+00
-8.891011614536314944e-01
-3.534766960481736664e-01
-7.129625701655330217e-02
-7.150370247594964312e-02
-5.645604364378034035e-01
-1.112896750322328820e+00
-5.934046184225220122e-01
-8.438822019165445054e-01
-4.217796984932433713e-01
-7.703884693255903526e-01
-6.986788080099883835e-01
-4.588650811999759882e-01
-4.137762685026056264e-01
-9.259200508048427425e-01
3.480529468848317376e-01
-6.423320290245021491e-01
-6.131528074408044704e-01
-1.018040617762641764e+00
-1.038932041752443913e+00
-4.739409264144717193e-01
-6.363251308173613063e-01
-8.297428163783011901e-02
-9.335703982421691416e-01
-1.395863999104354491e-01
-9.849954811592270820e-01
-2.755737019676140487e-01
-4.293806020420852243e-01
-9.666258436338778237e-01
-2.097671104064755543e-01
-5.469910706434024661e-01
4.910747634722568283e-02
-9.020820206378060702e-01
-1.959673632793902109e-01
-7.700957044219668424e-01
-5.938061951467481503e-01
-6.690358062603338762e-01
-9.455979870804945842e-01
-5.484761918097399436e-01
-1.317932593498308602e+00
-3.060712547753944857e-01
-6.031027848085855902e-01
9.987731673512210140e-01
-1.369461203876250810e+00
-3.818641005756008289e-01
-3.213329985378730602e-01
-1.632335482127023618e-01
-1.200872288578163305e+00
-1.492237718635509025e-01
-1.641598362005771417e-01
-1.070077689504038698e+00
3.482173477297070829e-01
-2.903060857415347695e-01
-4.828499198241997803e-01
-4.424456449188133855e-01
-3.678383913078415168e-01
-8.726087584658425156e-01
-7.738408487732373331e-01
-6.594085583027383679e-01
-6.106328958465274265e-02
-5.469552175629450730e-01
-2.344680511512787502e-01
-9.446466368780731537e-01
-7.228206634915929074e-01
-1.280726253688405925e-01
-1.127424176605348771e+00
-1.323280061590835999e+00
-7.474084607377360356e-01
-1.141549316606810388e-01
-1.395079432386595597e+00
-9.042159981034311178e-01
9.896506988359585200e-02
-4.809007497205862181e-01
-6.518073350502234797e-01
-3.124892374146420737e-01
-1.216210746391578557e+00
-6.271293810811725544e-01
-1.226861740409859403e+00
-2.137582951711749502e-01
-5.537006658368031076e-01
-2.479733930080295357e-01
-9.461152910097976321e-01
-5.556822987597518360e-01
-9.986222880985232697e-01
-6.499219930370071507e-01
-5.078994169295251160e-01
-7.538614266737629910e-01
-6.754441155914114869e-01
-3.503410125097556338e-01
-3.996278974169996112e-01
-6.635378098374410394e-01
-5.741188772997727341e-01
-7.466951928399135907e-01
-8.732376473738161504e-01
-3.993154494192820980e-01
-7.311519186786680224e-01
-2.623169550627897917e-01
-6.046570435782537833e-01
-7.166011071281105371e-01
-1.314535245209813796e+00
3.115890435168816031e-01
-5.071715948072066382e-01
-1.394975966842310733e+00
-6.674722532046228896e-01
-8.576857787582845560e-01
-8.770750279046936049e-01
-5.851102724033823144e-01
-6.495807064553207333e-01
-7.876049609155445497e-01
-6.803697834105832953e-01
-7.382196491604831046e-01
-7.237983393712962288e-01
-1.030941886446134159e+00
-9.544792416144267655e-01
-6.919311324902177596e-01
-8.523055957519917181e-01
-1.001504333757625986e-02
-2.858591145013212320e-01
-4.264060513617782266e-01
-8.735387648330479315e-01
-2.668188247010550573e-01
-7.142326071597554504e-01
-4.604270648830159351e-01
-4.686497431914610767e-01
-1.132286134479226547e+00
-7.656182621672563693e-01
-8.502424636967941263e-01
-7.540043633762241182e-01
-1.410709441395660013e-01
-8.588423115700778432e-01
-6.715155022918752881e-01
-4.607313984758910075e-01
-3.975653284635759510e-01
-1.038037791553397371e+00
-1.200960694278654373e+00
-2.602241473212790202e-01
-6.295160228458017426e-02
-3.618777382905580264e-01
-8.277099549509785437e-01
-4.843940431932040602e-01
-7.446598599745097857e-01
6.191669494119912409e-01
-1.025449345092957598e+00
-7.910380318203956707e-01
-5.620669682663067546e-01
-4.950295421538848939e-01
-5.958927633976975891e-01
-5.248552309815631700e-01
-5.306567160221804524e-01
-7.030790644739849382e-01
-9.234611832091996764e-01
-8.024980779442156265e-02
-6.950229594931233157e-01
-8.225024270541855254e-01
-8.491950915493258201e-01
-6.039539269219633688e-01
-8.231289977459624874e-01
-9.795399137026054026e-01
-1.457956588448620527e+00
1.941185847236328310e-01
-1.258608662471156769e+00
-1.219601292469135068e+00
2.838029603529689804e-01
-4.121538160764872671e-01
-1.381055151681457316e+00
-7.879646145975316429e-01
3.140496902297801873e-01
-7.416545618098742132e-01
-3.746087380734842709e-01
-4.231744132012233428e-01
-1.632617034266789613e+00
-3.320996096928300334e-01
-1.344854233347565486e-01
-3.773062930229915124e-01
-8.607958895268401633e-01
-7.417944754971909083e-01
-3.940779543205287228e-01
-1.318976761180529422e+00
-2.009498130311586916e-01
-4.921281038427624543e-01
-9.487800646458197651e-01
-9.378002364409956382e-01
2.743944051591121758e-01
-1.726252929743009867e-01
2.515294553540982081e-01
-1.115937850056163194e+00
-6.346787051637557964e-01
3.561855817344703468e-01
6.889026059613607977e-02
-2.399152074036028648e-01
-1.045537760031073793e+00
1.038998115936529826e-01
-4.325078166091582133e-01
-9.418719602492561238e-01
-6.821343586555222993e-01
5.332448743119880818e-01
-6.560472785801101381e-01
-7.505337676255097179e-01
-6.723360316535408332e-01
-6.875139380859406346e-01
1.073904825836294735e-01
-3.173496267590312225e-01
-7.171808753739441489e-01
-8.819255196740699576e-01
-6.963639660630733808e-01
-1.028147277301358908e+00
-1.064891272691476543e+00
-2.983280274615823791e-01
-6.407737810556917157e-01
8.418953159939791819e-02
-3.839533755280986060e-01
-7.906373576106637824e-01
-4.894450154992923685e-01
-5.392853696764184912e-01
-8.449047287834621223e-01
-4.168936758974332024e-01
-2.229585546345183855e-01
-6.749017247601268865e-01
-1.206142897557667570e+00
-4.077844708613883040e-01
-4.813733348589848693e-01
-1.086505880313073380e+00
1.349529688403807159e-01
-1.664316140158651702e+00
-2.007099947934836703e-01
-6.295010521053591157e-01
6.308086223101537493e-02
1.389455133600763226e-01
-1.094092541024397125e+00
7.789369535592262361e-02
-5.353333528837771471e-01
3.348133711397199286e-01
3.118509605519918515e-01
-4.652898058141807236e-01
-6.515217628074078116e-01
-3.175569520725954331e-01
-8.766457985734068536e-01
-8.309405214735592349e-01
-5.383146008264318993e-01
-1.227003275044753705e+00
-6.453167945519816540e-01
-3.952960072026075466e-01
-7.089051230984144691e-01
-7.220618277423102027e-02
-7.495112026763538493e-01
-4.590060044416102714e-01
4.175619855260827018e-01
-4.600524135468923026e-01
2.519809403765253808e-02
-9.758520455082625444e-01
2.091065531251978249e-01
-2.936112405842714601e-01
-5.386202653207959878e-01
-7.902396952341792513e-01
-4.763031762436157335e-01
-1.935092147990982447e-01
-5.894601126032005256e-01
-8.844615000073586808e-01
-2.323151247416737064e-01
-1.522711957512124514e-01
-6.399763820325028441e-01
-9.539906081278226591e-01
-8.474693216232291881e-01
2.178321471172661727e-01
-7.244053020148425448e-01
-1.423055859510216625e-01
2.631704678125651453e-01
1.034945823525616065e-02
-8.868315482041896347e-01
-3.556821566428544634e-01
-1.252112882112771386e+00
-4.603821644912782229e-01
-8.351820006342740577e-01
-8.047740890945869197e-01
1.382813796115942018e-01
-1.048791930558821583e+00
-8.958976255918856824e-01
3.504051210203086297e-01
-4.448038042400077607e-01
-1.097813121449759066e+00
-1.099572429467094992e+00
-1.028763823995245907e+00
-9.931005568087821755e-01
-7.903016433628285986e-01
-6.991625249333297543e-01
-8.815735951185676988e-01
-4.172673897263997067e-01
-3.993757647414203915e-01
-7.048126153717866327e-01
-2.008121257930670367e-01
-1.176791476826947624e+00
-6.888797317139989940e-02
-6.219901735666837350e-01
-3.545080340957839082e-01
-3.601522751563123181e-01
1.439258041321094250e-01
-9.991863784391513681e-03
-1.029147380983687521e+00
1.819040642262717278e-01
-6.860739467459134877e-01
-1.110856057524059803e+00
-8.485444514051592169e-01
-1.253939857105233369e+00
-3.215573779517408859e-01
-5.219999634412197942e-01
8.841190439619636132e-01
-9.183075221340495364e-01
-5.654311708363556344e-01
-9.494025054222710036e-01
-5.901293568946488488e-01
-7.632186846636103139e-01
-1.074151226943797388e+00
-4.461358086803149381e-01
-3.017848622363400457e-01
-4.030655031350178774e-01
-8.632553407453672500e-01
-1.684383499046938071e-01
3.496405717710940886e-01
-6.078480643632029334e-01
-9.166747436175369801e-01
-1.111195651136728912e+00
-3.743791248955620765e-01
-1.896264300252277768e-01
-7.571661824390859552e-01
-8.718007940653019761e-01
-3.547689151445044820e-01
-1.067337191355126169e+00
-6.228211239234483498e-01
-1.035690560906120661e+00
-1.224629207772455874e+00
-7.541480697385029019e-01
-1.011540395505722501e+00
-6.036179402784134229e-01
-1.139856833477178144e+00
6.871144261743622472e-01
-3.751126223283410277e-01
-2.015442230417529845e-01
-9.230043359916466628e-01
-6.798636940112263716e-01
-7.602115123362490623e-01
-8.124517672617233011e-01
-2.389589879664508199e-01
-5.700486406269350548e-01
-1.716211610361748630e-01
-1.217660375010563234e+00
-4.709886736499180881e-01
5.371467761057133750e-01
-3.180654499356103115e-01
-9.041395925090337515e-01
-1.776947593147198690e-01
-1.007929321160002667e+00
-1.168634744236427769e+00
-7.431997572370671046e-01
-2.403795436693936527e-01
-6.514522480153616124e-01
-1.009516122045184039e+00
9.193322844041601494e-01
-8.243279140216870637e-02
-1.340287702042741280e+00
-1.589610989513819406e-01
-6.416847449327461872e-01
-5.764108429219212404e-01
-9.074747774826488200e-01
-1.662131986237743997e-01
-6.942300993048314828e-01
-1.980348171808241770e-02
-4.005074260523319718e-01
-8.438098197601185957e-01
-5.216660258038046116e-01
-4.606052137138650915e-01
-6.104147445335660338e-01
-5.192038383122286049e-01
-6.325024454412796482e-01
-1.069907773030021048e+00
-1.481858049933636734e-01
-1.387301948706260557e+00
-1.040090383194991197e-01
-1.209944352659056088e+00
-6.796312933068347772e-02
-1.380380009602027336e+00
-4.443284788076038438e-01
-1.382991239703655617e-01
6.808500525239417900e-02
-1.150862224551059354e+00
-2.333282638557653277e-01
-7.111951742134354770e-01
-9.515485464624715561e-01
-9.677016175961902222e-01
-1.226555302912549994e+00
2.717097522870946524e-01
-1.097278315892503020e+00
-9.974457436143492339e-01
-4.465068178482438643e-01
-1.104861921337650710e+00
-1.640872129924924316e-01
-3.627090926797303383e-01
-5.176357865165228667e-01
-9.587780656579790728e-01
-4.391321064607350277e-01
-6.940395738450512164e-01
4.670474094519941333e-02
-5.834348591416762542e-01
2.194443570444132852e-01
-8.015367011799220398e-01
-5.720116428461967661e-01
-3.551723655493421172e-01
-1.127496044165918532e+00
-1.451879274486095328e+00
-3.977227138226351877e-01
-6.802719205607185016e-01
-1.073637971644874511e+00
-4.952936399702283499e-01
-6.016384427255438982e-01
-9.158329331981702737e-01
-5.404859642380869245e-01
-7.367275002429106712e-01
-1.017509498339398410e+00
-5.775155707770833757e-01
-6.677682514230834920e-01
-5.302080734422951469e-01
5.399941033962489811e-01
-1.416102950047224196e+00
-5.344833275700480169e-01
-4.257554957150775365e-01
-7.975609405869975577e-01
-2.699539504379502297e-01
2.389999672625117144e-01
-1.076930404100484795e+00
-8.045224253228147049e-01
-8.799036841190582825e-01
-2.440832143911423058e-01
-1.010225055028069585e+00
-5.989191340890333004e-01
-3.819068536466726504e-01
-1.453945172924002049e+00
-9.612818843422881177e-01
-7.871828367104731772e-01
-6.137847703357592888e-01
-6.465136695341227036e-01
8.915882642208586284e-02
-6.835454137002202613e-01
-4.082758990644032582e-01
-2.093198277156132769e-01
1.809642110216841127e-01
-8.343838354522842282e-01
6.576702189609752169e-01
-9.727699774342988270e-01
-4.596043288416107320e-01
-6.837346879636718722e-01
-4.719716066698691481e-01
-3.931381773279862268e-01
-3.617946091647774587e-01
3.109127757802316872e-01
-9.052243090408595982e-01
-1.391755063755087507e+00
6.148383303712310344e-01
-4.492623678732006187e-01
4.152078763415821272e-01
-4.889942676308445257e-01
-3.783720740487210854e-01
-1.370359248497963645e+00
-4.070063196672411565e-01
3.209302581588248104e-01
-4.482863485265546344e-01
-3.237980899902940801e-01
-2.334168365627800890e-01
-8.760449572421984410e-01
-1.219994296051419402e+00
3.147769110183112340e-01
-9.286314789593809182e-01
-4.206163504446403523e-01
-1.033015755295505711e+00
-9.448700036451729289e-01
-3.872740664515976761e-01
-5.066592987471447707e-01
-8.806449972916235991e-01
-3.883358116024140938e-01
-6.988160014287810862e-01
-5.990802911597826741e-01
-2.200764282756194345e-01
-7.773851838865738495e-01
-7.337681349226832239e-02
-4.623109244384603356e-01
2.933329458362485820e-01
-6.718166748487669482e-01
-6.108548612847810588e-01
-7.463817920768304193e-01
-8.163272257118799891e-01
-6.036035641004422470e-01
-8.424766925477191748e-01
-1.640485471908590953e-01
-1.202829107752156679e+00
-7.656533766039073097e-01
-9.024583632509253217e-01
-8.335898880813549239e-01
-1.511125120928511478e+00
-2.040558295179757953e-01
2.402216152762363388e-01
-8.243662184601198151e-01
-5.698601177843878318e-01
-2.306315718535125181e-01
-8.606873303619824167e-01
-5.967100001194147740e-01
-1.627133127933388490e+00
-8.357035039867275472e-01
-9.033806002133842883e-01
-8.033596784171302962e-01
-1.087406092948060232e+00
-5.526007058842337116e-01
-7.360978351349289905e-01
-4.440343617772987694e-01
-5.256066696701655605e-01
-9.246758247867949976e-01
-1.198220660627746653e-01
-6.430778484565170539e-01
-8.192513349694235947e-01
-2.891597766401592939e-01
-5.038297311059996009e-01
-1.311089188914619674e+00
1.073794957886504281e-01
-9.658410978372004019e-01
-8.163532038086533937e-01
-7.762088439910226345e-01
-4.976462690429705460e-01
-3.734873088174219258e-01
-1.023721395861112660e+00
-7.846112681527451782e-01
-4.501588610563067028e-01
-1.205206590730274696e+00
-1.164669954574277799e-01
-1.187002222386021932e+00
-4.462012913993870789e-01
-4.958372214084484919e-01
-7.549824525595714153e-01
-6.234779671786685462e-01
-5.035718560244452080e-01
-1.204719493453007884e+00
-6.550836749352368926e-01
-8.469471179256041760e-01
-6.985443349464025564e-01
-1.009432946077631676e+00
-7.113872041290337789e-01
-6.603569978084811165e-01
-4.577528016116190757e-01
-2.575620766916803528e-01
-1.007488554840373585e+00
-5.655451969700562298e-01
-9.116456259877465662e-01
4.025255510284211913e-02
-6.046199936087871540e-01
-1.035144380970692612e+00
-3.910221308227543324e-01
-1.242783685359028611e+00
-1.237917671171716721e-01
-8.572002054219970413e-01
-9.065609187271639335e-01
-3.891176848121021825e-01
-2.244528676078987595e-01
-4.601302376568344732e-01
3.096827293701746586e-01
-1.343935837534772970e+00
-1.178318572466473091e+00
-1.015898239238994805e+00
-5.650168084958254733e-01
-4.422602870228455885e-01
-6.293081294900260136e-01
-1.002191120671975577e+00
-4.801747901178328726e-01
-6.457342259363743064e-01
-3.814279077771242643e-01
4.788845915982694601e-01
-1.181822043125392740e+00
-6.326414334604933964e-01
-3.529098588730589792e-01
-1.037368986169576512e+00
-9.254963521396739057e-02
9.426215131175375017e-02
-4.457370103895491043e-01
-2.753501618859852118e-01
-1.071277221477329178e+00
1.566721614463215118e-01
-2.820294735881005432e-01
-5.933392608259487888e-01
-1.687874310255600696e-01
-8.987063307048863692e-01
-9.051257837779405069e-01
-9.154805360684862281e-01
-5.103455211506158218e-01
-5.388802059157391522e-01
-8.566581393006136302e-01
-7.009248305233207743e-01
-8.423067317965461376e-01
-3.831195152883709043e-01
-4.524921962017409149e-01
-8.908695920996114737e-01
-3.464965611755347341e-01
-2.012031576604061955e-01
-3.644626413672601983e-01
-6.879126906654914331e-01
-6.377352003666325597e-01
-7.005494050655618476e-01
-5.649595090078325388e-01
-1.201186401544910520e+00
-1.346929813418058952e+00
-4.889964003830399863e-01
-1.365069556077934676e-01
-6.086906519707125929e-01
-1.095109005377193245e+00
-1.240716564064583832e-01
-8.760984603842437712e-01
-7.553631393207648204e-01
-4.538715796372124189e-01
-3.301021121136262781e-01
-8.769835876562647181e-01
-1.318916233420202477e+00
4.597554952151785557e-01
-1.325048406412687507e+00
-6.756977231478535906e-01
-6.622997444814163748e-01
-1.601231903901111919e-01
-2.283127526460972390e-01
-6.618486734238868685e-01
-8.856683701025948041e-01
-4.263764713799445549e-01
4.927805637948453471e-02
-1.740604180465357975e-01
-6.423539781544451710e-01
-2.042659163467460126e-01
-6.389914284237616648e-01
-6.803253763920452668e-01
-9.525437673940662098e-01
-6.911645818211787917e-01
-4.653328852626172907e-01
-6.582563780412420407e-01
-1.042845913981088835e+00
-6.522455827230149161e-01
-1.091048850800766523e+00
-2.399564199476130200e-01
-1.465833951163549864e+00
-8.596603390223211960e-01
-8.103416940284028369e-01
-7.159427295920145484e-01
-1.003320237693075656e+00
-9.195244496292455105e-01
-6.129548213573762228e-01
-5.464201509059400941e-01
2.085935693080560316e-01
-4.235908406960586237e-01
-3.953460016495621843e-01
-2.376323524931691911e-01
1.800580609673909094e-01
-1.639663191410817566e-01
-2.632767171094055336e-01
-4.215557109070829922e-01
-2.255394696329305337e-01
-4.919032102506651905e-01
-2.578890762416233273e-01
-1.064945617240628639e+00
-3.957943310022624117e-01
-3.980527402769836604e-02
1.350741447613234766e-02
-6.935069382212408762e-01
-4.638392031455295661e-01
-7.608942977878855318e-01
-9.945393029360979353e-01
-7.996841561330707560e-01
-8.690172865261165391e-01
-5.375186996816518903e-01
-5.145356118625984410e-01
-7.213989807244641436e-03
-5.864330120591517703e-01
-9.154326219157152833e-01
-2.599760045595199132e-01
-7.343389801423273466e-01
-7.363792041111298925e-01
-1.327389376728897563e+00
-2.945735004070790808e-01
5.328346937617652046e-02
-6.219453047302363480e-01
-8.231517410541498991e-01
-1.318353974474010259e-01
-7.023171725016680300e-01
-3.691963870548800042e-01
-7.251130498128492974e-01
-8.947499314583842178e-01
-9.584278673079713595e-01
-9.956725152129102252e-01
-1.745673765691885260e-01
-8.974952164319465187e-01
-1.025537806650275607e+00
-1.254757326111492377e+00
-9.559447661823330389e-01
-1.725785701208626677e-01
-5.747848088700031194e-02
-6.719256272521234585e-01
-4.619852963266569135e-01
-6.952799019369758637e-01
2.361996864917601247e-01
-6.066300364180874372e-01
-3.870282704308263821e-01
-3.722985821409994789e-01
-1.149371341105572597e+00
-3.098522496001305249e-01
-5.473680713367018447e-01
-6.828536284464479245e-01
-5.995515622195574101e-01
-2.913329276471059437e-01
-3.964294295164457749e-01
-3.327063855219515309e-01
-5.198321596753588958e-01
-6.914153950374435365e-01
-6.918822800146514629e-01
-6.540879431972962399e-01
4.808921435360763441e-02
1.854340595893111399e-01
-4.894482011029350210e-01
-7.374550929109906505e-01
2.888069795224227233e-03
-6.379245716313193260e-01
-4.531138130185293211e-01
-6.616887069732962923e-01
-1.001299088090228939e-01
-6.736852021164584370e-01
-8.460870103911882767e-01
-9.440763467069388515e-01
2.386713645707294051e-01
-1.134735339314904001e+00
-6.554474929658857807e-01
-5.677626479865087727e-01
-3.315857654817317424e-01
-6.405071176075751715e-01
-4.679107031833270453e-02
-1.035681612827914488e+00
-6.235195302983964627e-01
-6.682182201875025429e-01
-7.491652289910244455e-01
-6.395062865081276859e-01
1.780865568485417438e-01
-6.604167370553986061e-01
-1.066974154416447496e+00
-5.989408146200634331e-01
-5.750089991224425212e-01
-3.830997204308473347e-01
-3.693291021292050003e-01
-8.463836753416660308e-01
-3.998543246910183369e-01
-5.783313240690183266e-01
-3.462600794147721039e-01
-1.181130826604342987e+00
-8.609590684532361649e-02
-3.209044677559606540e-01
-1.131428954729995828e+00
-4.759797367398972967e-01
-1.125401566832245681e+00
-1.145925810699365943e+00
3.596316752380907533e-01
-7.689282372101430285e-01
-3.903728330597622254e-01
-5.007705210350633651e-01
-5.202276539621003559e-01
-1.060170860258867753e+00
-8.026066862572406313e-01
-9.475970652590026688e-01
-3.513939278612687178e-01
-8.651521704486875297e-01
-4.839805361137831108e-01
-9.741249311004432920e-01
-9.557631027952310232e-01
-4.168468134093915034e-01
-8.696990163337022794e-01
-8.970055606409567117e-01
-4.617907474085155561e-01
-8.558788498491458618e-01
-6.355321618542318918e-01
1.819945570668177470e-01
-6.232458321570603088e-01
1.520129775009924633e-01
1.683132619084518611e-01
-1.209376088386767467e+00
2.647427490763484825e-01
-6.827816098860429728e-01
-1.127651425923342332e+00
-6.308996093965281438e-02
-5.187140262077317709e-01
-1.181757347682931725e+00
-2.077506928907572603e-01
-1.375638857983007668e+00
-7.693852652301709227e-01
-4.335824893097012800e-01
-6.128253691670001446e-01
-8.821243170695687585e-02
-8.039928976477198619e-01
-1.380022895045610376e+00
-3.288792635510264795e-01
-4.773403825265053468e-01
-4.242489528478385896e-01
-5.070926223618776874e-01
-1.060291534100395117e+00
-6.383247505801422639e-01
-3.997123098892647608e-01
-8.280663187282091275e-01
-9.730059375916340070e-01
-6.836346562644786129e-01
-6.882467858129894811e-01
-6.848767312969417098e-01
-5.171226541185471870e-01
-6.707672612904372889e-01
-5.660206552115996104e-01
-3.363683004952329747e-01
-1.061666642694276019e+00
1.222246375223224046e-01
1.069089193773029717e-02
-1.003103090569404499e+00
-1.092362093177366544e+00
-5.581600003614493044e-01
-7.850407856123711170e-01
-2.455856112472420694e-01
-5.182065323997578909e-01
-1.028464096666809713e+00
-1.167822883992855720e+00
-7.310323635681984511e-01
-3.349043409609313571e-01
-4.838143153648684636e-01
-1.216120928996094364e+00
1.841011754863195182e-01
1.395009785465405883e-01
-4.198991608997245106e-01
5.815884084696917311e-01
-2.559261452222912347e-01
-1.534042980716754156e+00
-7.558989388075213478e-01
2.075593168907009095e-02
-1.004095316869208165e+00
-2.438912481693879808e-01
-9.822621256514862953e-01
-1.358593971769775921e+00
-5.647929727417130286e-01
-6.398003303583319479e-01
-8.044122592766860258e-01
-7.994757809992827924e-02
-6.648081086677588569e-01
-6.303337231530736773e-01
-1.272398014861120474e+00
-2.617720411927779156e-01
-2.307914964244826839e-01
-6.785932631393247760e-01
-3.276177280942787484e-01
-1.189190636585870209e+00
-2.247663169818674977e-01
-8.095584105386472995e-01
-8.589665410466996720e-01
-8.544598639524038086e-01
-7.354924302502047206e-01
-7.375052285467750268e-01
-5.946089587318640346e-01
-5.715964141977250002e-01
-1.160961437695573056e-01
-1.181103174781179765e+00
-6.282279591119520612e-01
-7.559966684461797426e-01
-5.415540153527909073e-01
-1.088482657158545530e+00
-1.034416496972084404e-01
-4.766633259806558609e-01
-5.783464838030322880e-02
-6.976026754646169614e-01
-6.784890834725397779e-01
-7.598348001501455951e-01
8.430253620755513433e-01
-4.485118287950845550e-01
2.430381157370395950e-01
-7.845319851678442813e-01
-7.870855936054949042e-01
-6.472143748401161245e-01
-1.122163266645866075e+00
-2.447893582380595290e-01
-7.626393554003024766e-01
-7.097603026025169903e-01
-5.621447148245324321e-01
-1.059940358699111407e+00
-5.586989732200581260e-01
-2.631943053682699318e-01
-8.116215123407480858e-01
-5.498596469263377085e-01
-1.337208179001641850e-01
1.404318659836137073e-01
-6.949986323087408158e-01
-6.918170809007218036e-02
-8.946259855088920521e-01
-7.448406087229820782e-01
3.120662863571175769e-02
-1.042927889347710080e+00
-5.389405922920923464e-01
-5.589802708660552844e-01
1.432485419993056452e-01
-1.051383890886181005e+00
-5.654779604540443039e-01
-3.578165503901609701e-01
-2.109794119314217231e-01
-1.100291613382054168e+00
4.949036077723431570e-01
5.584599825811246976e-02
-1.547807664202955624e-01
1.014054882715504508e-01
-3.839985312417108498e-01
-5.805592853528522834e-01
-1.147074642075425199e+00
2.104203917968799631e-01
-8.667912433518166759e-01
-6.783043204442574803e-01
1.004032861706428137e-01
-8.874290580723195321e-01
-1.005510674409936467e+00
-6.222622929241847789e-01
-8.787096959615886549e-01
-6.392561634446710661e-01
-1.273991143776475932e+00
-7.220567605974071990e-01
-5.152139439482570360e-01
-4.308209973272497106e-01
-1.942813601422537506e-01
-8.670491754094200587e-01
-8.433573887946284042e-01
-1.199447635558771985e+00
-3.993156111178413070e-01
-2.813659500093251276e-01
-1.188672402969256137e+00
-2.827119678806628844e-01
-4.221444255373087984e-01
-7.431512233205175288e-01
-1.081649780396161775e+00
6.898578804371127693e-02
-2.027154534186502710e-01
-9.362747832166652406e-01
-5.927804965525976799e-01
-7.548823818497705229e-01
-5.180834512320996454e-01
-2.862709804712744721e-01
-1.084954736407203635e+00
-9.584343819993455804e-02
-9.281909409684088175e-01
-3.686599143861420125e-02
-3.563898033371497021e-01
-4.754436333442414453e-01
7.466971118241533256e-02
-5.019189741182651376e-01
-7.477089944252242049e-01
-6.444193571570331347e-01
-6.423092372133749617e-01
-4.473194987062868999e-01
-1.021607619711149884e+00
-7.850116655730673410e-01
-1.073352854029673065e+00
-8.659474755401027624e-01
-1.136850748290616941e+00
-2.421232572488475621e-01
-8.459776393246332127e-01
-4.332907357090562961e-01
-7.164132008396044693e-01
-6.462155361555519395e-01
-1.122094380965106053e+00
-1.076732259661207891e+00
-1.019455583730987547e+00
-1.287222790467861477e+00
-6.130303319116990890e-01
-3.779360445079233966e-01
-1.117512046184836461e+00
-6.196141880027508098e-01
-5.941854008172386958e-01
-1.391658353958900030e+00
-1.696617902230816988e-01
-1.113395700083004369e+00
-3.059839546080014294e-01
-5.013241250703582841e-01
-3.831967131579555597e-01
6.325419846554590497e-02
-7.467079760910400044e-01
-2.640564211847304943e-01
-5.700866083288965713e-01
-9.135859181160144171e-01
-2.414276756371739052e-01
6.361380449000253456e-02
-5.169672478180969977e-01
-2.874424184100104473e-01
-4.021138002122442989e-01
-9.002885952680811377e-01
-1.262045661532836593e+00
-5.245264508915731261e-01
-3.628478487957188525e-01
-1.130226605934585571e-01
-1.052708621306850806e-01
-2.830523380259898358e-01
-5.345735390382820862e-01
-7.302528138124456669e-01
-3.200551463980768063e-01
-9.772746602790866044e-01
-7.119159994632258126e-01
-7.917989684462098943e-01
-1.187100325959056679e+00
-7.927681654939030542e-01
-6.399147827747999617e-01
-3.334794145074931881e-01
-2.202078125270243159e-01
-8.134470318821789003e-02
-5.408333231611005543e-01
-8.099560742058331542e-01
-7.200235965603815069e-01
-9.134014405647324919e-01
-9.394602593130463308e-01
-6.043508851528073267e-01
7.563693532022693067e-02
-1.270571287094810264e+00
-8.471448781056874211e-02
1.016993855082613668e-01
-7.947424656695742939e-01
-4.341260955291756929e-01
-9.692174089807306103e-01
-4.122852900236304019e-01
-3.462872462114346406e-01
-5.606778391629140268e-01
-4.497377992044645501e-01
-1.804071675676799935e-01
-7.154334947137449552e-01
-6.081291855714991978e-01
-3.472285327804059407e-01
1.677855441796935812e-02
-5.015897505824266078e-01
-6.642324321261526832e-01
-7.074770919059544250e-01
-8.824909451551559147e-01
-1.420185777548565120e+00
1.067551334821405379e-01
-8.030118877757548290e-01
-4.018504046667729576e-03
-4.984278035378978955e-01
-9.339173069913265790e-01
-6.772254620642781386e-01
-5.979883016680572760e-01
-5.577353103972222392e-01
-7.966667762771473260e-01
2.553939460826366026e-01
-5.996993419684966131e-01
-1.032870139139336452e+00
-6.770987770581686771e-01
1.404407975896111715e-01
-9.614260395211562393e-01
-1.140247539629749562e+00
-4.848613435659172022e-01
-7.708328264814756636e-01
-5.457371399268939882e-01
-1.452219069769484783e+00
-3.485176820811122789e-01
-5.194862513473562649e-01
-5.880675840468028298e-02
-7.203688620828951894e-01
-8.033395943352691915e-02
-2.211027915790106657e-01
-1.167243907561011929e+00
-6.695483178206044217e-01
-7.403827700270395606e-01
3.194519784656133302e-03
-1.088810650634919330e+00
-3.376711656106153869e-01
7.301831675750077855e-01
-8.004772494638771052e-01
5.124887895255875181e-01
-1.073335043384107124e+00
-4.086878843563312991e-01
-3.040999151991097271e-02
-1.027853431278425766e+00
-9.953120432319058075e-01
-3.069401376542217341e-01
-2.137850567138394331e-01
-2.178405970038839179e-01
-1.028444150902024568e+00
-8.564022002621295426e-01
-9.521632930801570138e-01
-5.376543041416808055e-01
-8.947858194699968015e-01
-1.020744343413514832e+00
-4.616817703815414009e-01
-8.205769283513354717e-02
-1.638204826669793085e-02
-3.826899322967373118e-01
-3.239563331385421074e-01
-7.999538867796217312e-02
-1.371407796162713855e-01
-7.487859171764220667e-01
-9.276184097218732605e-01
-7.459716511003288142e-01
-8.112704363946876551e-01
-5.550142403200916119e-01
-8.695460422483943796e-01
-8.873355344523800037e-01
-7.813288068670067865e-01
-8.146207501097444403e-01
-7.736257404027768736e-01
-1.070533306473970603e+00
-6.740106228205051675e-01
-6.478081226736447096e-02
-6.644641388374762370e-01
5.908076850820838111e-01
-5.880434971000049194e-01
-1.446884099570928450e+00
-5.899962594437171415e-01
-6.435372865857958979e-01
-1.312127895906857411e+00
3.508236024557104260e-02
2.201959075122482123e-01
-1.055615868090032494e+00
-1.334433349042754013e+00
-8.691931078070677663e-02
-5.548832047273550838e-01
-4.423596867198811289e-01
-7.171411465028788568e-01
-4.219113313164834511e-01
-4.222002152980265377e-01
-3.738604188486900903e-01
-6.021053746722789812e-01
-5.000558697090388277e-02
3.710183769544995579e-03
-7.834356245825330189e-01
-6.157210224047916514e-01
-7.445406789260049507e-01
-9.490242863920244076e-01
-4.291388847515398841e-01
-7.124589721548690857e-01
-6.139192201668606241e-01
2.091985227609544779e-02
-5.638115722390487639e-01
-8.038136029562693852e-02
-5.158128945891515826e-01
2.615348710933588783e-01
-7.176549948978521165e-01
-6.361349981937921561e-01
4.100961111471566056e-01
-1.309411235862451839e-01
-6.338203325331001059e-01
-1.079704095628188920e+00
-3.724738743309299327e-01
-5.534297314979771398e-01
-1.212634214362131813e+00
-2.549349746179731535e-01
-5.686602137461912454e-01
-4.514105840481110743e-01
-6.993874282079421967e-01
-1.335296331059565800e+00
-2.157658524150433410e-01
-7.540271334802991499e-01
-1.079331925907695222e+00
-3.673844392689810945e-02
-8.973537708744889763e-01
2.365465918776206433e-01
7.990302574266872071e-02
-8.615046827004387842e-01
-4.977435775847635080e-01
-8.399920688531163915e-01
-1.104700412596943737e+00
-1.323290768122294070e+00
-1.022499444763403265e+00
-1.490207144788826321e+00
-1.278692020081263481e+00
-4.764482963366598045e-02
-5.968131232301225886e-01
-6.912734193396760096e-01
-1.014328643092334170e+00
9.873303386104749502e-02
-2.628668740348128474e-01
-8.026260746504857435e-01
-6.201379403067959206e-01
-1.041842255313413235e+00
-4.595520086879100741e-01
-8.342183038460461164e-01
-1.235625652066006053e+00
-6.613626843784735643e-01
4.578608224763083823e-01
-1.172898118712501825e+00
-6.867585420548822928e-01
-3.671981196776250567e-01
-2.530002115299600507e-01
-7.358766092342128307e-01
-3.251786279486908460e-01
-2.850246149854882005e-01
-1.410725103720566365e+00
-9.513750024934850558e-01
-2.583903620602087114e-01
-5.730099851978469605e-01
-7.936178693592486899e-02
-1.190272949617074555e-01
-2.122716743222553548e-01
1.045188312901442276e-02
5.495098649163982461e-03
-4.573694981334270881e-01
-5.905978830426094062e-01
9.618381050916935404e-02
-3.629934903367967314e-01
-3.668887985203772018e-01
-4.099765038112433979e-01
-5.812636497907255340e-01
-6.922306822176863550e-01
-1.030868828030840900e+00
-7.864927900745523059e-01
-3.482990962408017976e-01
-4.847165652081265041e-01
-7.286147655717486460e-01
-4.340753905600439611e-01
-6.772857358374719805e-01
-9.232945908319446504e-01
-7.032720980158002622e-01
-5.521363047142863190e-01
-8.548571468411173546e-01
-9.744450128002791756e-01
-4.618911133932874225e-01
-8.524446673993583135e-01
-8.690088579782749845e-01
-9.402179220163799922e-01
-4.025578904474994557e-01
-5.631521447966596206e-02
-1.137418454647024735e+00
-1.004991462240874878e+00
-5.506968936902475464e-01
-6.497534016019423930e-01
-1.932967696842811667e-01
-9.906589454968133257e-01
-9.692408129710906595e-01
-8.370119668439865990e-01
-1.697619261796229351e-01
-5.810055200470672920e-01
-1.103119681145953379e+00
-5.297684590407670813e-01
1.192464813432012743e-01
-6.246042539859403275e-01
-5.919834347764534321e-01
-7.568201457470742355e-01
-5.981973199257856200e-01
-3.344039297488621276e-01
-3.353273183442328498e-01
-8.237618757653142332e-01
-1.171594614636562337e+00
-1.419624768143581406e+00
-8.543418432569999110e-01
-6.498925260038719287e-01
-1.285546975396443248e+00
-1.250813829318819126e+00
-9.204341586493147709e-02
-9.415234915536935256e-01
-7.444796886712571338e-01
-1.107380858216033825e+00
-9.749986310112498944e-02
-7.354496908662012666e-01
-6.662865335001290079e-01
-6.578661939788996715e-01
-5.661246413367441166e-01
-6.615839195187349642e-01
-7.175077646352384653e-01
-6.607811708155383323e-01
-9.414068526168531958e-01
-2.761998734161259447e-02
-4.620550523160716905e-01
-1.288628194542974281e+00
-9.228468040506582204e-02
-9.797956228421683678e-01
-8.576834477585699723e-01
-7.234643760464126716e-01
-9.108578511871172623e-01
-7.376320833127328891e-01
-3.114116834264527567e-01
-6.183967401964192145e-01
-3.351015362664303554e-01
-8.751478701202011212e-01
-6.737716184657399632e-01
-6.632274040161885154e-01
-5.708202546351871520e-01
-1.339372409788411877e+00
-4.290905201669722446e-01
1.194429563592366295e-01
-6.491776892256978515e-01
-8.693499182006620973e-01
-9.659532812912271504e-01
-5.045916438021575967e-01
-7.217288258875715901e-01
-1.139659267865242409e+00
-7.273905042523023390e-01
-6.532352370477019221e-01
-4.693732945208601293e-01
-7.409180903639298599e-01
-3.412937691323895129e-01
-1.122292751909567121e+00
-3.552671849907090285e-01
-5.230063898898639208e-01
-6.457256194454858989e-01
-2.954866850028325942e-01
-8.112578341456741504e-02
-3.676241529932257612e-01
-1.127993094858831480e+00
-7.085569998582247342e-01
-1.398732370767405309e+00
-4.307730344650418375e-01
-8.288027384061700253e-01
-1.512341420657858038e+00
-2.806903655470340264e-01
-2.498772242313582470e-01
-9.511677159742172316e-01
-6.882904444252536669e-01
-4.310406461320523408e-01
-7.078473206294010334e-01
-2.277829579469207444e-01
-7.602865418119907348e-01
-1.344963972461692858e+00
-5.495280228294672220e-01
-9.471993079310968566e-01
-1.213381523996198252e+00
-4.750634615735309652e-01
-4.505839003198243709e-01
8.336605365056394545e-02
-8.260751060827180581e-01
-2.542457229395319040e-01
-4.194371942096477013e-01
-3.191148929265721912e-01
-1.155311300482076975e+00
-6.650282452610130068e-01
-5.640712744731806172e-01
-1.203620794334205601e-01
-1.209605871300752478e+00
-5.082819860232561382e-01
-7.818500213571153434e-01
-2.476011152756046885e-01
-6.935468017780614947e-01
-3.805461927988572080e-01
-1.314436762865759833e+00
-1.121479169557506594e-01
-4.306963846498069182e-01
-4.047427179957385213e-01
-3.989465437182964647e-01
-5.431814230739978600e-01
3.774941223285550179e-02
-6.066169460796831947e-01
-1.111524319165177577e+00
-5.526248131221326299e-01
-5.286240440917616690e-01
-8.625958405186467948e-01
-6.624186367443123391e-01
-6.896394315669142072e-01
-1.186428061768274311e+00
-4.375155618272221769e-01
-5.731967540407204575e-01
2.206097615654868116e-01
-7.173086856371284625e-01
-1.092842576322863746e+00
-4.864984734510240383e-01
-3.957178950918003313e-01
-1.402507362051635675e-01
-8.308698843126005595e-01
-1.082168719696287029e+00
-1.700922788909342287e-01
-7.844641371989599099e-01
-6.167089460897424713e-01
-5.966484653557454360e-02
-7.558120309176675766e-01
-8.598673259033942085e-01
-9.168810665043534147e-01
-6.543232210622027534e-01
1.716004810510860790e-01
-9.808903007384930373e-01
-9.171338531224612067e-01
-9.132865707084850682e-01
-3.289188886596857153e-01
-6.071110169108460131e-01
-7.615008358777689557e-01
-2.344617478057956506e-01
-6.875492142867236645e-01
-7.330241720000567618e-01
-3.837136636084922947e-01
-7.306861633073468143e-01
-1.761877996104366795e-01
-5.240396399247518877e-01
-1.211314031222012533e+00
-8.596128644170435151e-02
-9.425251085628789660e-01
-2.232259552696218008e-01
2.447915495458387880e-01
-7.292218714369576027e-01
-8.349356534665702823e-01
-1.140191074396949666e+00
-3.986662454012759316e-01
-1.021393782246605569e-01
-8.961163384293403533e-01
-1.374433750492486173e+00
-3.504187046862939914e-01
-2.217790181920004378e-01
-8.466467619238501330e-01
-8.798510575436960801e-01
-8.012692787295346841e-01
-9.167649856708731670e-01
-9.594489501390228714e-01
-4.857353171829917882e-01
2.277015670695465288e-01
-1.943243504992555881e-01
-8.701755444284657859e-01
-1.002121866861494848e+00
-9.159094300775759701e-01
-5.286901402469917910e-01
-1.214700588809161097e+00
-1.023509040275836446e+00
-2.536774090593235664e-01
-3.803431476120056054e-01
-4.432590929561032178e-01
1.427802534557652825e-01
1.098866608546394431e-02
-9.338191948101706163e-01
-1.469302748049237106e+00
-2.894818312297536278e-01
-5.033862301900993153e-01
-5.562551932279720113e-01
-6.232391261005668648e-01
-3.907137702960559733e-01
-2.973019387466171448e-01
-6.663548069274423113e-01
-4.633632446782924297e-01
-4.737664551739281249e-01
-8.373509828549802192e-01
-5.322948913325765696e-01
-1.598366557136549959e+00
-7.577674599817263434e-01
2.960641434626421487e-01
-6.582916775405144305e-01
-7.954425643139351187e-01
-7.596273040551252409e-01
4.005835983678358581e-01
-3.506782379973073516e-01
-5.996381176395400026e-01
-3.312856367617138253e-02
-5.903470536249947331e-01
-5.082447905196756377e-01
-2.437154869137140023e-01
-7.681116800060889815e-01
-4.286527969482544220e-01
-3.125591031923411478e-01
-1.448414019594737923e+00
-4.326647068942588575e-02
-1.646397266467511666e-01
-8.263580655462030577e-01
-1.009497777754433168e+00
3.444293142544566089e-01
-9.166026197292085342e-01
3.185818372327663822e-02
-6.776666490999393444e-01
-6.627247121603758728e-01
-8.171638248783155145e-01
4.269488167758523495e-02
-9.406576405007378572e-01
-8.588350961856371368e-01
-3.348631359743017843e-01
-4.036271000489748406e-01
-5.534419782181929648e-01
-9.277509811164555975e-01
-6.700499349238364655e-01
-1.014694955283206301e+00
5.610424089602469300e-01
-2.853488400534665570e-01
-6.659282748583484901e-01
-2.497642823551953772e-01
-2.791053744145855497e-01
-5.888477882918997652e-01
-7.333909833763841979e-01
-1.084649395429426066e+00
-1.358810739170817072e+00
-6.604988165044666237e-01
-7.754231833131567386e-01
2.696075215741264852e-01
-2.444724924403845201e-01
-7.619455213209247457e-01
-1.459906163222338960e-01
-5.164452930740983660e-01
-4.613829145246012842e-01
-3.698391604606926508e-01
1.217807452875763058e-01
-1.453181402496129371e+00
-6.323404461626049855e-01
-8.751327156483874603e-01
-1.372215816954276413e-01
-5.214836907737605554e-01
-1.105801285876526707e+00
6.826280058359676106e-01
-8.392417144243010663e-01
-9.306695821638603927e-02
-1.136826280790871557e+00
-7.518727358784952353e-01
-1.377805125887913817e+00
-4.366415799494252625e-01
-8.045099731353857475e-01
-1.181326426630891824e+00
-1.121753265123180743e+00
-2.892293885982376023e-01
-5.119001526460239537e-01
3.704552177449388362e-01
-1.156576026381467837e-01
-4.104976315809934495e-01
-9.450174811698425215e-01
1.000504098903695294e+00
-4.255333892813057961e-01
-8.412369973873479179e-02
-9.365704579294051868e-01
-6.663953670264912699e-01
9.118202700765032365e-02
-2.254442780082381859e-01
9.004369531493854328e-01
-3.877173813778577172e-01
-6.272231150514935294e-01
-2.169917452497106825e-01
2.254733979419276113e-01
-1.154197177668929042e+00
1.207700612831122261e-01
6.000301587808085646e-01
-4.002890179620830491e-01
-1.063748958394229005e+00
-1.107112428318803632e+00
-1.891223572550144172e-01
-3.483352199669996208e-01
-8.232047561688357051e-01
-2.574579029340715586e-01
-1.340152562592742402e-01
-9.950192645910842515e-01
-1.117250224969651012e-01
-1.052169868731196001e+00
-9.902729879152397663e-01
-2.626585434938402686e-01
-8.797753675057154998e-01
-6.630818885978697619e-01
-1.138073964409684669e+00
-8.544105534651995626e-01
-2.312358244290829978e-01
-8.417855349580292135e-01
-9.826155691788738267e-01
-6.919453232942871512e-01
-6.362654319295844019e-01
-4.468340815529097676e-01
-4.177524453596679344e-01
-9.842090797574574168e-01
-6.239520460191487761e-01
-4.798358172226975804e-01
-9.873028409648046955e-01
-1.675324520888208102e-01
1.005200315549280715e-01
-8.745768496362210653e-01
-3.765588857542410128e-01
-1.157841699465062435e+00
-4.521805764992153920e-01
-9.077980698298725448e-01
-2.292194629799826633e-01
-7.652029739289810673e-01
-8.134359860933778608e-01
1.605945300154327793e+00
-6.605154781876130254e-01
-1.253195175261431482e-01
-4.233685206708456827e-01
-8.458740598409710820e-01
-6.035083160663802238e-01
-6.341631227351066658e-01
-8.749809017040206527e-01
-7.781645278083403339e-01
-1.072995623327733378e-01
-5.364844653297191623e-01
-3.315623996957002273e-01
-7.696930734541826968e-01
-7.976224371304738714e-01
-1.845736106791196207e-01
-3.128139760772345457e-01
-6.975470965181408411e-01
-6.634187353877725180e-01
-6.701570110546135606e-01
-7.424739854717358201e-01
-1.155882168123777864e+00
-2.398315517434358168e-01
-5.414216744382643887e-01
8.361311030939484745e-02
-8.877918551883854370e-01
-6.804601334341594532e-01
-6.042957904117889356e-01
-1.693636090011685913e-01
-5.024730304788719293e-01
-1.142727297078065973e+00
-5.495700680990424081e-01
-4.876756828909255548e-01
-1.613067179276145013e-01
1.014490919930690072e-01
-8.310944585232948878e-01
-9.421805906488307514e-01
-5.388359962835426176e-01
-1.180806867207638611e+00
-6.511989220984931714e-01
-6.216945348256358583e-01
-1.215991395738696523e+00
-4.069200284514404298e-01
-8.170596314696615403e-01
-1.012519170679407610e-01
-1.216392038010117416e+00
-9.441112011437486906e-01
-7.992056577405427520e-01
-1.107665281083975994e+00
-1.139721813444027676e+00
9.831127336620507084e-02
-3.645316553752055433e-01
-1.326269830988705989e+00
-7.694639868094585999e-01
-5.895872609203098857e-01
-3.697164289731447728e-01
-7.023803650114254227e-01
-7.606847093305296736e-01
-3.996254039839690075e-01
-6.091068544404187879e-01
-5.009844580778798351e-01
-3.249014285750451703e-01
3.479845263680926837e-01
-9.831459034797096486e-01
-9.896693069897837258e-01
-1.348118963538573079e+00
-5.549484243922132576e-01
-5.110603828627416911e-01
-1.459369332926772289e+00
-3.237363858978363207e-01
-5.262917181193472104e-04
-5.131042921926485256e-01
-1.191073764177508210e+00
-9.511851641569456506e-01
-8.776511975875365135e-01
-1.243787642229405022e-01
-4.615839237327692968e-02
-1.136296203718555553e+00
-4.703652796125841196e-01
-9.607842146781832016e-01
-1.021850533153731533e+00
-1.604954997086066038e-01
-8.321828259089562030e-01
-9.522784728600294790e-02
-1.148194331728232820e+00
-5.808373087623275310e-01
-9.667824656168885200e-01
-7.812723376781284257e-01
-1.242874794940782707e-01
-9.277725494553499264e-01
-3.914649201239724374e-01
2.133797653328190769e-01
1.016591495710196108e-01
-9.512358622797333352e-01
-1.943666298448990526e-01
-1.224504771008781079e+00
-6.031422168691528141e-01
-6.560196373156397254e-01
-4.773335532470495690e-01
-9.619978827846012992e-01
-3.017404337730796304e-01
-1.093947289128647027e+00
2.110346232448671311e-01
-1.408569410353277762e+00
-6.268848885792603909e-01
-9.593392216178606713e-01
-6.268256599884842739e-01
-9.917756689981723772e-01
-1.319986339043951684e+00
2.491094519398764917e-01
-8.320696393362234655e-01
-9.423563137005992463e-01
1.319786880649150562e-01
-3.403781177063034402e-01
-7.051453046375252276e-01
-8.063270887783827723e-01
-9.787289481676052505e-01
-9.922688312106527908e-01
7.182319038914739551e-01
-1.363493614446276370e+00
-2.744632377810525825e-01
-8.367973851428027743e-01
-6.751338175854476598e-01
-1.003003329321041415e+00
-9.215564012031574048e-01
-1.673903151298065939e-01
1.989974346088883850e-01
1.440786486699482394e-01
-7.490987300825500128e-01
-2.176160122381903539e-01
-2.088006016214029592e-01
-8.797404389660301582e-01
-9.489983336491003563e-01
-9.010018881586020489e-01
-3.357130703310015618e-01
-8.146039577256219966e-01
-9.486888717696561057e-01
-7.208138573292307560e-01
-3.194271727858803422e-01
-8.344365009340135586e-01
-6.418115449811817586e-01
9.236131749794162377e-03
-2.468238909693420691e-01
-4.224838146510682679e-01
-5.557255105818365015e-01
-5.038388547390760808e-01
-9.573009717753364622e-01
-2.323152200655340463e-02
-8.706524180444282779e-01
-5.009243990129949031e-01
-4.486271782842470301e-01
-1.327964420487623975e+00
-6.465322205713318615e-01
-8.781898904172847908e-01
-7.466002690646953432e-01
-3.996099457749160977e-02
-7.006179130390702836e-01
-4.506514237302987058e-01
-1.104060332604763356e-01
-6.746555245083266650e-01
-7.011793011879231541e-01
-6.011530856151942048e-01
-2.133188241614993041e-01
-4.504710244178883882e-01
3.203716099222877339e-02
-1.161753377904469892e-01
-1.274330271803940429e+00
-1.064885974873089225e+00
-6.167894159942673982e-01
-8.625813224925193978e-01
-3.649836230824928807e-01
-6.534086682212679742e-01
-9.327587509761491036e-02
1.488653723382870608e-01
-4.915053274825499918e-01
-1.133165101561587118e+00
-5.855513588873233477e-01
-9.091339237190452227e-01
-6.983691791402716342e-01
-5.321709426444071189e-01
-1.255361924502334858e+00
-6.431536797593587207e-02
-1.258405035725824184e-01
-5.288210109790407731e-01
1.290830327539714897e-02
-1.180306588071371454e-01
-3.172013718259864001e-01
-5.735609012493860792e-01
-1.021928260792823506e+00
-3.855098765255031701e-01
2.521020662520985223e-01
-7.011067052948805056e-01
-7.958462259123946225e-01
-7.478895216114674893e-01
1.997943271743246874e-01
-8.885935005871918868e-01
-1.518644067112495444e+00
6.466737572226376463e-01
-1.108346312280744872e+00
-5.304439960622345795e-01
-7.671750803226387028e-01
-7.400186588144976874e-01
-6.957408246865730561e-01
4.817929792595387894e-01
-3.011830741883219087e-01
-1.175430749099298788e+00
-5.584060650679663063e-01
-6.812222339396141191e-01
-4.719583823507989551e-01
-2.266532600545244636e-01
-5.797511832149644384e-01
5.676883526507890687e-02
-1.181417018347961756e+00
-5.797707097340863980e-01
-1.105810318882320509e+00
-6.974359307651802897e-01
-3.141251649046483130e-01
-1.247152375440757188e+00
5.850900437604097254e-02
-8.065561426181695470e-01
6.962147163250631543e-02
-8.750527483656235228e-01
-5.577586628639328303e-01
1.593671822772775581e-01
-3.074419409666099279e-01
3.173511767155800384e-02
-1.111357555526064356e-01
7.333000339946970092e-01
-1.017715811386037617e+00
-8.192780872256963942e-01
-3.063725823642087231e-01
-7.683467596063280336e-01
-8.908600334484183536e-01
-1.029238463256374470e+00
-9.466510180138462127e-01
-1.321646179345213001e+00
-2.309658426491284222e-01
-4.622427381482548947e-01
-5.187947776576867787e-01
-6.096363828420974240e-01
-1.564361544462577358e+00
-5.477235237800616163e-01
-5.555455526066624961e-01
7.459041368973702291e-01
-1.261796651312670603e+00
2.719103212658244284e-01
-1.153040792226912137e+00
-1.618782262115493198e-01
-4.737628365563163468e-01
-8.808588880038972224e-01
-9.516474829332745022e-01
-5.982300231929600365e-01
-4.535307103457851818e-01
-1.018083682137060686e+00
-1.028696473993831351e+00
-8.112217288744675292e-01
-3.008508011436287211e-01
-1.303034947584636116e+00
-1.145271306813007151e+00
2.316353393525349413e-01
-3.491873514684230573e-01
-1.247696730417377831e+00
-2.184059094292190306e-01
-6.965783287829298009e-01
1.313730190408385172e-02
2.284966134818227912e-01
-1.398371174230257918e-01
-7.679602775214056098e-01
-2.852371583741094563e-01
-2.773414757341055581e-01
1.803308490263007824e-01
3.658470355718853595e-01
-2.636595349600259208e-01
4.012100545500027482e-01
-3.519542978644107922e-01
-7.070946000290510014e-01
1.800288677724564690e-01
-6.601299587964218896e-01
-4.585186150888087564e-01
-1.030432347966036000e+00
-7.134554451141592035e-02
-6.486777783772651462e-01
-8.423557973496170748e-01
7.665138079691096173e-01
-7.610466533137818512e-01
-8.411168754146594040e-01
-9.309096770360147932e-02
-4.882434059795834336e-01
-3.855986427310068021e-01
-2.833831248890089083e-01
-1.079215731673863088e+00
-3.637150650344348479e-01
-6.679509069210066707e-01
-6.682989815075609519e-01
-6.042756270384566086e-01
-2.181531780921708852e-01
-6.046102223328303493e-01
-9.108231680112169881e-01
-4.065209419044448214e-01
-6.256364819204870420e-01
-1.247318537558118390e+00
5.357825664268698329e-01
-1.536604824759575383e-01
-8.393201536646721639e-01
-4.612991352655326227e-01
-8.876495835926150324e-01
-5.944013800742786735e-01
-7.121908739204336758e-01
-1.123720219402089437e+00
-9.180577290185193418e-01
-3.692801359638981373e-01
-3.862115155474821759e-01
-7.582527773743812372e-01
3.654885543543481274e-01
-5.578978140216469539e-01
-4.672549112792361292e-01
-6.679502577789807605e-01
-1.468976051635007218e+00
-3.365167842486548877e-01
-1.040808003481143329e+00
1.227403225704939982e-02
-1.665371408865628788e-01
-4.581860541046857693e-01
-6.617224241456042266e-01
-5.853517239884554746e-01
2.569558641114874642e-01
-1.179585844657224714e+00
-9.114478049871854726e-01
-1.701206627447483521e-01
1.554921074683168203e-01
-5.469902920286925374e-01
-5.468154304413087585e-01
-8.206275953589330097e-02
-6.424285440445562934e-01
-9.566681197745384724e-01
-7.958295837928269778e-01
-8.134316173356840318e-01
-8.141585278540051096e-01
-2.152458000869557075e-01
-5.091183375670690348e-01
-5.218505042572890718e-01
-1.030347177812381831e+00
-9.132508368018930067e-01
-7.279676838354859347e-01
8.375803891713019533e-01
-9.127191832795171766e-01
-4.040479023570439088e-01
-5.235520526121015261e-02
-5.974058927656672457e-01
-1.007170330809421976e+00
-1.229864027573493335e+00
-3.972222425952440794e-01
-7.728319339561228185e-01
-3.980387396614822743e-02
-2.862801530871899591e-01
-1.046111499780025600e+00
-7.829716686527445901e-01
4.243937752722438117e-01
7.466670435497796410e-01
-1.198350737363498730e+00
-1.239184321963200830e+00
-4.638126447298795418e-01
-5.506943445993892627e-01
-1.072657988481079627e+00
-8.104065953236324615e-01
-9.568850156538852847e-01
-1.132263919807610097e+00
-4.161307748102111015e-01
-1.268694235906340673e+00
-7.624860893799125794e-01
-9.030524112748093968e-01
-8.946769092857929095e-01
-5.464066595573220386e-01
2.637858673492027295e-01
-2.146118862562265139e-01
1.585471769811312437e-01
-9.370967690832798791e-01
-7.855405906162675755e-01
-6.163008311151340068e-01
-4.164940004308544941e-01
-4.897184227040309312e-01
-2.041605740282547432e-01
-1.000893448743372049e+00
-3.083835059225691899e-01
2.445305184682892152e-01
-6.376612507801147078e-01
-1.243725733848640491e+00
-9.228780091544704911e-01
-6.947609213050282007e-01
-1.265858616940515713e+00
-5.584693967636089607e-01
-6.753322600800493181e-01
-2.727294233981467642e-01
-4.227213781471728660e-01
-7.552094769800024032e-01
-5.260217208668032107e-01
-7.211471874166078821e-01
-6.412966420889149033e-01
4.049627947490879176e-01
-2.936466943495454340e-01
-4.354034046213614007e-01
-1.494750923152634137e+00
-2.046661423825509307e-01
-1.138688276427816115e+00
-2.048465760865851235e-02
-8.374511057548074122e-01
-3.012690728744894519e-01
-1.422836383607941901e-01
-5.823896283621481373e-01
-6.976949642533795126e-01
-3.043198633635167405e-01
-8.194650841049809786e-01
-5.557593143627582721e-01
-8.088959788582583688e-01
-1.716712828435250637e+00
-1.036984874163295656e+00
-7.406293555874181589e-01
-6.359024488065342373e-01
-4.437104484306765850e-01
-9.853442216885132110e-01
-6.034124586640480237e-01
-1.112849923382390971e+00
-8.865505029490291511e-01
-3.475411815238467206e-01
-4.533554258784038837e-01
-1.235824450898888704e+00
-1.879955792860243113e-01
-9.861291847573397940e-01
-5.331251484698596999e-01
-9.571773632062398063e-01
-4.669102766745346633e-01
1.206154786070469387e-01
-5.432555784274838429e-01
1.222403526403089274e-01
-7.617246239354235060e-01
-2.970077893364020949e-01
-9.735499325204290955e-01
-5.550858887711197509e-01
-1.032443458880188292e+00
-2.343667174030176492e-01
-2.468984085076927071e-01
-7.160434445405096104e-01
-9.806404299848979766e-01
-7.574727478366665157e-01
1.666476994332133366e-01
-6.425603160678998726e-01
-7.100891681583817450e-01
-4.733313309510771560e-01
-2.039424903524991728e-01
-8.466359695953976638e-01
-3.975141495321667384e-01
-8.250705158467245282e-01
-7.033029300599416000e-01
-8.428401303623285212e-01
-6.299732431213376227e-01
-2.772384030200442662e-01
-3.094845086914788657e-01
-3.500729495287186466e-01
-1.316569050156453979e+00
-3.867905337592674186e-01
-8.049371309593443824e-01
-1.362329089096081303e+00
-9.667738457016799014e-01
-1.325438566805493101e+00
-4.286847748867667757e-02
-8.581956665324250721e-01
-6.507164949630935835e-01
-4.622709006005891741e-01
-9.549202110440150326e-01
1.380578160783991759e-01
-9.409045071245423220e-01
-1.250630733400945216e+00
-1.160961516392011506e+00
-7.574942847520885758e-01
-5.140483927602016445e-01
-6.947647128904601566e-01
-6.833403501637766997e-01
-1.349473973884348088e-01
-6.095532301783371798e-01
-9.362537417517442506e-01
1.153530404995119774e-01
-1.109353682193714441e+00
-1.028909458195912174e+00
-1.464130557252395493e+00
-4.668308191406416174e-01
-3.549716900874115288e-01
7.660150832260026466e-01
-1.440494907407316116e+00
-9.218561382363207324e-01
-6.852712238805727107e-01
-1.334264220847389826e+00
1.505712275834354685e-01
-2.034395731265443985e-01
-8.335615878502571352e-01
-8.851040639873487548e-01
-3.783839305114415907e-01
-7.574816788522279465e-01
-7.488703057570639254e-01
-8.015766761776210725e-01
-6.099519190456084011e-02
-4.397677508516525391e-01
-3.110012815715727519e-01
-4.107132733844220951e-01
-6.281028282282205000e-01
-5.411153530405357071e-01
-6.257236969445867381e-01
-6.757589370078154190e-01
-8.876512714780380175e-01
-3.789541502118961569e-01
-3.915695691570392767e-01
-8.764172933420057987e-01
-9.196222488263661177e-01
1.260020992005172757e-01
-5.933801879502723642e-01
-5.095025597148353791e-01
-1.133830490599203378e+00
-8.195605130582424014e-01
3.698984490221804977e-01
-3.984287131261524117e-01
-6.567301157321832061e-01
-1.120473646397215139e+00
-1.081102161447039967e+00
-5.782771800758952363e-01
-5.065549747466727704e-01
-7.970124999535853627e-01
-2.973267160054467173e-02
-2.502434157175421059e-01
4.364279851577358427e-01
3.694466482589651712e-01
-1.594725069464850153e-01
-2.719131177697949320e-01
-8.161230461205187803e-01
-1.271980336507259196e-02
-8.849510331478892544e-01
-1.272777030150824551e+00
-7.134328003294109211e-01
-9.643064886296289773e-01
-4.656567439362024885e-01
-5.699933116823148183e-01
-9.695105252425906261e-01
-9.269922808692558913e-01
-7.835857517303224107e-01
-5.635003924687300714e-01
-4.575242612007414111e-01
-4.829836251321700247e-01
-1.831386801098674466e-01
-6.323491322899374989e-01
2.653488561440904281e-01
-9.564817476770788307e-01
-1.077412120387331917e+00
-5.601792640690272940e-01
1.862866522918063261e-01
-8.804880877584804200e-01
-5.010529944179822337e-01
5.684006589760216138e-02
-5.137553702201168582e-01
-7.453433044053539014e-01
-2.268310415982802974e-01
-5.770933075429979242e-01
-1.150702935280701222e+00
-6.135501113402039852e-01
-5.585294212223350652e-01
-8.675117697889545010e-01
-3.964558360378453439e-01
-1.215372463700207101e-01
-6.086958581343580033e-01
3.931223038249099244e-01
-1.242326408942115101e+00
-1.090303069984479123e+00
-2.919227086936239668e-01
-9.549657082462265079e-01
-7.299917240326661005e-01
-4.466825147262389883e-01
1.067700060912302705e-02
-3.217791927420575182e-01
-8.148857854001967382e-01
-2.012114874869928016e-01
-7.570771046359098255e-01
-7.314026215018162302e-01
-8.100136766264735000e-01
-1.349084182978691704e+00
-8.036738402590060115e-01
-1.055447003772481018e+00
-3.114276323854336948e-01
-9.993131529749169628e-01
-1.091687158174073247e+00
-7.286102910472715966e-01
-1.075143752503788797e+00
-1.667333989732047717e-02
-1.309716425950929741e+00
-1.307405486074771472e+00
-6.261660561477675468e-01
-1.198558189150360720e+00
-1.244674110469764727e+00
-2.170653865364464974e-01
-5.736125428395957293e-01
-4.175102492983509550e-01
-7.452866394059932675e-01
-5.927057455032892497e-01
-6.122302955208424047e-01
1.723559732105164888e-01
-9.320585631811608707e-01
-1.080937854328778647e+00
-2.640021287192736432e-01
-8.249441349170836268e-01
-5.453546256498214007e-01
-8.131270779423410699e-01
-3.826881844463460580e-01
-8.557538279438032802e-01
-1.017996724742106007e+00
-1.430156415859458463e-01
-7.758735971342145543e-01
-1.856176442144902849e-01
-4.080191413516930377e-01
-8.120339849397278931e-01
-5.875197792164008614e-01
-5.449771746302278785e-01
-8.326493864804299649e-01
-8.781029232158055198e-01
-8.895386274725047837e-02
-1.049234488806196186e+00
-4.981879578885307636e-01
-7.680785539132178874e-01
-2.204472637772856014e-01
-4.152084969015749083e-01
-7.460683887287829219e-02
3.920573768726238334e-02
-1.440605663959917848e+00
-7.922225847163424373e-01
