-7.920152766264995092e-01
-4.055381267431900083e-01
2.980612636699191409e-01
9.314453883566380099e-02
-5.114022546076708586e-01
2.782735864244048618e-01
-7.421022411278496156e-01
2.523866023003736858e-01
-7.123119705423247572e-01
-9.000016867750556529e-04
-8.374358724899410023e-01
-8.042976967520838461e-01
-3.217040668728447517e-01
-9.541733143565018782e-01
-7.080430442917047262e-01
-3.115863984496580197e-01
8.189231863119143806e-03
1.326725827262835097e-02
-5.080092596326248877e-01
-8.018676908977415696e-01
7.485672994745813137e-04
-5.240384350754206944e-01
-9.054353531798145505e-02
5.726732926854913863e-01
-1.058776950155791985e+00
-1.038878037643649943e+00
-6.950972725259448870e-01
-1.829997133528802611e-01
1.226407615424401493e-01
-9.453195186063331756e-02
-6.141928324683921803e-01
-5.961714387831125173e-01
-4.963774407808456135e-01
-8.053011397303732055e-01
-1.596966186318653724e+00
-5.625822191897583702e-01
-4.614414064598635901e-01
-8.647207783601448261e-01
-1.011601294712593857e+00
5.280304912945249507e-01
-4.422340945918905586e-01
-5.298353884024177285e-01
-5.520958675666363114e-01
-6.337406256222207768e-01
-2.018615097992801366e-02
-5.368772372655802316e-01
-4.888522213573907593e-01
-4.669302400235766926e-01
-5.567352107547738349e-01
-6.884271376080872140e-02
-5.898285018396282053e-01
4.482348947082946955e-01
3.546174879288178650e-01
3.214471078631036538e-01
-4.007930924795684302e-02
1.477897921614550469e-01
1.780320885640082965e-02
-5.923368974288685251e-01
1.287537799940756400e-01
-4.985521653423792277e-01
-4.694335446908601828e-01
-7.659683334758961015e-01
-4.845227051919794858e-01
2.123164647409513661e-01
7.049269315441891726e-01
1.028276314445230044e-01
-5.622200550896744309e-01
-5.830793714103467140e-01
-5.941135950859472992e-01
-4.101396083391867231e-01
7.657217680479815047e-02
1.689808754096112087e-01
-5.400606157835178278e-01
-7.548245188049191867e-01
-5.575828303716616752e-01
5.073674303331204838e-01
-1.163275202567609634e-02
-5.845795397043134223e-01
-9.096907763887757126e-01
-5.429482962187529571e-01
-7.349529166345765141e-01
-3.478977795241183779e-01
-4.094766695436712900e-01
-4.204181947631667748e-01
-3.960814214261799693e-01
-5.507989229127178143e-01
-8.053708120372102819e-01
2.392886184288879961e-02
-2.170146502793266208e-01
-5.978198661170908146e-01
-3.554256342317368422e-01
-1.086845090557656324e+00
3.460975480440815072e-02
-6.246204447937667714e-01
-9.034057559007504512e-01
-4.559771504514754659e-01
7.455837999833769825e-02
-4.106764769385667369e-01
-9.216148509064777672e-01
9.218864079217635454e-02
-7.680957921399873545e-01
-2.429306504288313018e-01
-6.699060659604403334e-01
-4.182999955381530577e-01
-3.681997187932927185e-01
-7.944559491698819365e-01
5.322224711817466480e-02
-1.881851254503766335e-01
-5.219830569860446357e-01
-1.151261116964605313e-01
-4.315021620346853326e-01
-7.056282066943788678e-01
2.156472699668003645e-01
-2.726562329916025207e-01
-4.559179016785785410e-01
-1.308964381445005820e+00
-9.331380013096033169e-03
-4.900448375184509042e-01
-1.004239804577235162e+00
6.221011005296902922e-03
-1.073290579001980743e-01
-3.077129734505451922e-02
-4.037726410943799360e-01
-9.904921642193481590e-02
5.650546184812451633e-01
-3.029835591045959564e-01
-8.926242835047575042e-02
-1.218527988750786717e+00
-7.602182242901351916e-01
-4.502965389744464919e-01
-4.793777664789731774e-01
2.092959483748477456e-01
-1.028588229614650462e+00
-5.968083726149904233e-01
-7.298439059762147352e-01
-6.607957501986075899e-01
-7.867778956542667013e-01
-7.912520053513975027e-01
-5.230404825331238516e-01
-4.623012326552922158e-01
-1.076323680325787180e+00
-2.769511414870804988e-01
-3.999333582047935320e-01
-8.158740464383371638e-01
2.767160856221363430e-01
-6.880663233116095512e-01
-7.273892771426994086e-01
-5.515857842017255486e-01
-6.721305012728340245e-01
-5.480715955335710987e-01
-7.566638079416455609e-01
5.195436295823843698e-02
-8.309809558407346142e-01
4.945396178902901341e-02
-5.138571123381678873e-01
-1.030212379124536559e+00
-2.362354037878971191e-01
-1.883551325370075857e-01
-1.864630644309593910e-01
-2.294800109880630878e-01
-2.216946895060149803e-02
-1.980807390632439713e-01
5.051519868897191845e-01
-3.952466903009002053e-01
-3.708582809236050659e-01
-7.616994038335141992e-01
-8.313493380004225441e-01
-6.815387395816956406e-01
3.131119751038764082e-02
7.505644155165414055e-02
-3.081451877388418636e-01
-3.800178016766770500e-02
-5.860576958056934460e-01
-3.766481907900504633e-01
-7.667820492528831799e-02
-8.934737495422180320e-01
-3.679675225590663401e-01
-1.118861850113540557e+00
-2.957870653502489566e-02
-3.494799249599979118e-01
-1.999610574264837071e-01
-7.038440735739067700e-01
-6.017204358235901385e-01
-8.824839500494522371e-01
-9.360359969334713925e-01
-1.032854071284280417e+00
3.246422697023509385e-01
-3.833822785769993025e-01
-6.013305297412354644e-01
-4.743648145571345287e-01
-2.971271367340893588e-01
-5.030545273042205112e-01
1.335315408678929561e-01
1.624248577581378916e-01
-4.750711833387522565e-01
1.697813801882581686e+00
2.593700309850910934e-01
-7.789661071990832131e-01
-1.576650646800282496e-01
-4.762942839318947130e-01
-5.659267702057285687e-01
-7.148365019121732944e-01
-8.377857567085842394e-01
8.745454490857603735e-01
-1.800405000918849086e-01
-1.839991753817462328e-01
-4.853357029702722314e-01
4.018396132521746822e-02
4.428041435585339247e-02
-1.589381385543686132e-01
1.098713175244495854e+00
-6.093679168510557353e-01
-2.095849594319124931e-01
-2.690414491963912802e-01
4.197867716747029632e-01
-1.143245547116353011e-01
-6.740871108919923270e-03
-8.736457878432961621e-01
2.382970399284881635e-01
-9.206044871395652196e-01
-4.172994054012427734e-01
-2.550513457120540672e-01
-9.704072092394164795e-01
2.355918638142384669e-01
-2.960758456720598009e-01
-9.747296059351179265e-01
-3.796867872654763332e-01
-6.993551291735478070e-01
-1.859635327225617196e-01
-5.966635594494028583e-01
-1.135085892493127302e+00
7.029655752520666545e-02
-3.974970008365559804e-01
-1.359141274497129570e-01
-9.058120810155615432e-01
-3.438908787904226272e-01
-5.226556646071262024e-01
1.346080840679343693e-01
-2.352810480534005266e-01
-8.472058702165581601e-02
7.179118476917728531e-02
-6.379022705336875321e-01
-3.309950004084393216e-01
-3.982737590599199073e-01
-7.931978915901531924e-01
-1.138603079280156583e-01
3.854049226236807568e-01
-4.298451534556431697e-01
-6.487099262651244702e-01
-8.178490865017052913e-01
-2.500981579328213633e-01
-4.567319642722075107e-02
1.104537434461244222e-01
-2.848088299321088757e-01
-2.959456613366701072e-01
-9.461189951458309766e-01
-3.587646457614982465e-01
-9.611526839845970782e-01
-1.331838136733193734e+00
2.530898027921597571e-01
-5.469012171477439328e-04
-2.389506757907895740e-01
-9.026245340363400205e-01
1.551996732780080990e-01
-7.019744329159384177e-01
-6.516314884280274278e-01
-5.767201462004267754e-01
-3.880552475732403361e-01
-8.521278929124247448e-01
-1.183899195854179354e+00
5.319903543348167285e-02
-1.136504586708366960e+00
-5.028270563128311998e-01
-4.030417595763547967e-01
-1.422873594414420517e-01
-1.032990469113775761e-01
4.188325380166300071e-01
-9.318162683112638511e-01
-1.712627488090935068e-01
-1.362255072531417754e+00
-8.369614900307817962e-01
-4.639057433914535455e-02
-3.228594906642106577e-01
-6.597539552278355313e-01
-8.355855880510042466e-01
-6.018651556650013446e-02
-5.179808054913418447e-01
-8.394559624836073208e-01
-1.330026709024130227e-01
4.471015351413784034e-01
-5.853952729530046417e-01
5.940875227623779731e-01
3.322009241697067017e-01
-2.192301969806986772e-01
3.633795707006994280e-01
-7.065948609181980089e-01
-6.862554386801390516e-01
2.530867234728954585e-01
-7.505474859792284903e-01
-3.912086812379738099e-01
2.936404934355719143e-01
-4.975003015811939044e-01
-1.132492801686045381e+00
-4.129390182505351947e-01
-6.212910070119712636e-01
-7.760100969568896057e-01
-3.373827723277651458e-01
-5.339544415914992959e-01
-9.723488792177108209e-02
-7.225185452844032907e-01
-8.569914408529368810e-01
1.640667928145797538e-01
-4.410130135736813339e-01
-8.976392128405006332e-01
-2.499012412305359476e-01
-1.108317946638836871e+00
-9.065616978008009808e-01
3.095303327346275446e-01
-3.908860865320887279e-01
-2.685518423977123481e-01
-1.211783986261799062e-01
3.989903188216788466e-01
-3.102860634861586142e-01
-6.675061932607531112e-01
-7.899724077261823796e-01
-6.838666853713226690e-01
-4.180039870847457872e-01
-9.099581181513957118e-01
-5.467670702969495977e-02
-5.172733551352406423e-01
-3.585187261793056912e-01
-3.805203730738531132e-01
-9.900912665607065621e-01
-5.653980595642822404e-01
-9.588328908825196617e-01
-5.177647085588740206e-01
2.016099250300669443e-02
-3.576777671108009593e-01
-3.702036732709326206e-01
-2.896629663197290427e-01
-6.452500127151047371e-01
-9.636168120423296291e-01
-1.953459527741304436e-01
6.440359343696459848e-02
4.190594700371011450e-01
-3.327192532751737652e-01
-2.193282508799116182e-01
-7.633098709886907418e-01
-6.418664120983267329e-01
8.659614680464150505e-02
-9.050186857918151029e-01
5.907695585111948366e-01
-1.159651727318500580e-01
-8.089805073300875282e-01
-2.885654621381267826e-01
-8.569438626015399851e-01
-4.318236078123507959e-01
-4.930465825678462810e-01
-6.483351091971758517e-01
-3.483726137857691141e-01
-6.874762866055837973e-01
1.248265850219251044e-01
-7.340911621747353566e-02
-4.021143169402816575e-01
-1.456773767579876361e-03
-1.562939362747862437e-01
-6.899769265688970865e-01
-1.631853858581041317e-01
-1.115383163378373399e-01
-3.557627981901709813e-01
-7.497064877427814800e-01
-7.339896914478972745e-01
-1.976401566355098505e-01
2.033057839434107561e-01
-4.318074074477656898e-01
-1.214884466594728929e+00
-6.786864029952046629e-01
-3.904115183469403227e-01
-1.018889376936144231e+00
-3.209537589396254664e-01
-1.087914271232529151e+00
-5.822302326234053416e-01
7.913155808755919507e-01
-1.077215559266943901e+00
3.928326746536960901e-01
-4.234908145490141607e-01
-4.114601867749921316e-01
-6.106924204703682024e-01
-8.129518213482787026e-01
4.004667101379457694e-01
-7.639694603599644918e-02
-4.875337146624156848e-01
-3.935058086165921787e-01
4.014741119447190476e-01
-1.211783946747973406e+00
-6.189611961625418601e-01
-3.848648046525285360e-01
-9.497042270872825265e-01
-8.369330667998635676e-01
-1.812095013291139811e-01
-2.948005679992665370e-02
-3.762781555282692647e-01
-3.526368068890174401e-01
3.085995223289497713e-01
3.841016020591982438e-01
-8.110673681556882508e-01
-7.446951008148784412e-01
-5.716370255815729218e-01
-6.386057093457947476e-01
1.986153750793333561e-01
-7.337047740649732530e-01
-4.982960646684882894e-02
1.595992049615563013e-01
-2.582291777139730793e-01
-8.684617107335908248e-02
-2.588643296744346234e-01
-1.090243426419412742e+00
-6.725795486107782883e-01
6.353332319694909858e-01
-1.195184266427752107e+00
-5.458948840462921615e-01
-1.028619135364219339e+00
-4.491138058507770925e-01
-5.492666008606980066e-01
4.738533938390785960e-01
9.137044967260000983e-02
-4.109753532929527053e-01
-5.949269125572177463e-01
3.169294059216763437e-01
-8.829783812790024111e-01
-2.885441423090775448e-01
-6.001282806666106140e-01
-5.590346480538158636e-01
-6.399003463699101113e-01
-3.010537242587135176e-01
-2.159723252272986171e-01
-1.340436835733138932e-01
-1.481097407611519368e-01
-2.803206810700723528e-01
-7.359949586885597972e-01
4.936848844068718045e-01
-6.290354842935714785e-01
-5.613210268239221534e-01
-9.072097061160752651e-02
6.832522300621239886e-01
-6.176501086031856991e-01
-5.884483104222849592e-01
-6.164525566848946259e-01
-7.846739129119612022e-01
1.605782801510648172e-01
-3.223103119235780634e-01
-1.775044940863063081e-01
-1.308483084098713611e+00
2.012697753816097557e-01
-1.229313816368103218e+00
-6.411786540264524659e-01
-5.836279200184442129e-01
-1.148721103570331387e-01
-3.996076794741257321e-01
-1.585883837073206182e-01
-3.119044050430332393e-01
-2.430758384889843970e-01
5.202813051038517045e-02
6.420258545732234756e-01
-1.199624402447841548e-01
3.669776060203217005e-02
-6.554663867767908103e-01
7.768094048439281793e-03
-7.969202150229220960e-01
-1.918581187989460216e-02
2.087164738679979023e-02
1.810548590053034368e-01
-1.122991594789287895e+00
-6.818485412924727429e-01
1.213677643823145476e-02
-8.032073060670487097e-01
-6.085730415084422695e-01
-1.173743688880048014e-01
5.275230929320860046e-02
-8.536371669912694582e-01
3.738025844046658497e-01
-1.267578853315675103e-01
-5.656745589332340396e-01
-1.431183187432320258e-01
-5.524905813130028820e-01
-3.340105831864986774e-01
-6.326049098495047929e-01
-1.323990381615333389e-01
1.182866941260862087e-01
-6.326524668934577766e-01
1.706067393042655020e-02
1.488661624590800203e-01
-3.840005814555446650e-01
-4.478565630225342376e-01
-6.779375186544051024e-01
6.644151120751967676e-01
-8.608150387268628245e-01
6.655131550948667485e-01
-9.624780909713764876e-02
-1.054497736108171713e-01
7.073159639116162467e-02
-3.272802754450497842e-01
-7.799613680763050061e-01
-1.995327684351085873e-01
-5.494366970812593343e-02
5.791187761032908637e-02
-2.437158240640067974e-01
-3.706544216677089554e-01
-2.434012022771440686e-01
3.375030332295636537e-01
9.844868026840163377e-01
8.948030271327507557e-02
-6.584780628758403198e-01
-8.726200901292736622e-01
-4.806397791091586158e-01
-4.455353309320121968e-01
-8.978212351280170367e-01
-6.494321083708921860e-02
-2.382030144047791662e-02
1.183017664796616186e-01
8.961676563914553473e-01
-3.959488387597424053e-01
-7.305141206769724116e-01
-8.011169832008223635e-01
4.909182426728971316e-01
-9.735223462139630524e-01
-4.490367753417772168e-01
-3.324691289616534262e-01
-8.599630278675653161e-02
-6.702118990560356204e-01
9.982986787823809605e-02
-1.658692254596010607e-01
-4.106652062716399376e-01
-9.509666853663441000e-01
-9.810388867519631573e-01
-6.577209129066518001e-01
-2.636099381242357209e-01
-1.022328784909206645e-01
-5.571065562782433478e-01
-2.209906407736789702e-01
-7.937050503370586263e-01
5.374380089473039801e-01
6.568050888855837821e-02
-9.211609412753353210e-01
-6.397824879166862377e-01
-1.358949447624732687e-01
-5.643770144936947064e-01
-2.171055692407562188e-01
-4.549782555646419424e-01
1.736137657802069301e-01
-4.218691123718185110e-01
-4.254407490835257488e-01
-7.342275420603147085e-01
-4.029110074673566411e-01
-4.041019044622104484e-01
-1.013742630554078428e+00
-5.190842135663317203e-01
-5.481636788739718130e-02
-2.578788229427152467e-01
7.041953271959604521e-01
-5.571727669313110143e-01
-4.775611375971065553e-01
-8.773012244666260340e-02
-6.193898760458057540e-01
-7.731294093769505715e-02
-4.996645113209322031e-01
-9.245303249979546223e-01
9.187555751135252635e-02
-4.239132116515142434e-01
-7.491549291103440922e-01
-6.453684425785264356e-01
-2.110212771880979332e-01
-4.147268806317886969e-01
-4.686863886412465652e-01
-1.467186790589303236e-01
3.403340254276782106e-02
-6.264362830973708718e-01
-7.446156092447885066e-02
-5.823931396499933966e-01
-8.949979866884694157e-01
-1.325782581037791452e+00
-2.407628053804505841e-01
-3.465710581534431900e-01
-2.223499661477989775e-01
-7.395972581073456675e-01
-7.712409561923159185e-01
-6.510747851263236630e-01
-9.178513736630634634e-01
-8.217585330310487324e-01
-5.885027972799314888e-01
-8.368110573437101962e-01
-8.529123948209038630e-01
-7.535866214099451454e-01
-6.811441311154387002e-01
-7.378746114067014084e-01
-1.182438553082736515e-01
-5.694810960363904107e-01
1.583338343697083539e-01
-1.111639867121563957e-01
-3.722504332103019342e-01
2.495778340696286068e-01
-6.293779936210530668e-01
-2.873956774342174003e-01
-6.973335485286920321e-02
-1.898048924518843661e-01
-6.738901210711267797e-01
-1.892449058892692049e-01
-3.229991735742858139e-01
-1.078037515049338424e+00
-2.743767051790028111e-01
-6.377286462986857529e-01
5.344460055920852160e-01
-5.437160362647392997e-01
-2.313564345500304931e-01
-6.926892731489564525e-01
-3.262644454962586038e-01
-1.414166428428146327e-01
-9.666927227028856429e-01
-2.609445465987097479e-01
-2.979156391589511954e-01
-1.778185090739286267e-01
-2.596250364698637347e-01
-9.304723095417868350e-01
-2.162061772297893536e-01
-6.597921635830819032e-01
5.449554074679976434e-01
-6.931087120401083768e-01
-6.736519106192698225e-02
-1.382754665956480999e-01
-9.536337927501299383e-01
-2.324300563509882900e-01
-9.248107240470141432e-01
1.414632533197076325e-01
-1.776056701462614199e-02
-6.314113844095495809e-01
-8.702008014882571807e-01
-5.385375037542769472e-02
-8.177796559864799475e-01
1.082719768701728841e-01
-2.609855771254570578e-01
-5.905257566977190065e-01
-1.512687249858371899e-02
-8.203707044836339168e-01
1.186787974163672210e-01
2.036452000796307518e-02
-9.944561567080211217e-01
3.081823305983382583e-02
-6.830272155562674419e-01
1.095531805834368266e-01
2.867853355956193062e-01
-8.160702282891407755e-01
-7.413873458127292482e-01
-1.381079372114202009e-01
-4.940435754557662706e-01
-1.165283563259892796e+00
1.173468299388063935e-01
-2.868198285153641391e-01
-5.226656954346907691e-01
-3.922738624892322945e-01
-1.073199031564114225e+00
-7.154251154492395903e-01
2.277017245065777670e-02
-5.453777264537077452e-01
-9.211286175581160363e-01
-1.601966224378688908e-01
-7.915296724395609607e-01
-7.704238751098577698e-01
-1.070956985442511833e+00
-4.061948582965775323e-01
-8.698125953606015148e-01
-1.221351960859786284e-01
-7.141750702592711830e-01
3.012010991219188014e-02
-8.640278361021112019e-01
-5.321644696614498127e-01
-6.199563464301106608e-01
1.365130526524818699e-01
-5.114057472804631743e-01
-1.011396027323316626e-01
-2.948259528078783220e-01
-4.516476924186483277e-01
-3.099902696275112779e-02
-6.754671988367445534e-01
-6.914481918832227070e-01
6.754375682917346246e-02
-1.164706771042207878e+00
-1.605812302141030046e-01
-1.433933318443093130e+00
-4.375186712167989933e-01
-4.262438215633975735e-01
-1.199050474614568262e+00
-5.578701891575373883e-01
-2.089959063654129867e-01
-5.520585325337602767e-02
-6.525211307059641808e-01
-7.790214743034624689e-01
-6.155009004334027756e-01
-3.798157663197653244e-01
-1.236267059058902829e-01
-2.991248416724306414e-01
-6.773010589741541854e-02
-5.096058688465469055e-01
-7.001638488739025945e-02
-3.459429376113405397e-01
-2.479854975296729436e-01
-3.949927623299583912e-01
-7.939141095619117738e-01
-7.643220795993648231e-01
5.179869384247673958e-01
-1.159114943428983385e-01
-1.000619963799491002e-01
-6.192495387854337618e-01
5.097611857684841707e-01
-7.393518449157993055e-01
-5.461857006164235750e-01
-9.063094499294215289e-01
-3.497402982405256044e-01
-4.130030303518200663e-01
-8.402098689148492783e-01
-3.564716806613195121e-01
8.373364296009691565e-02
-7.852452137825516321e-01
-6.878426363009023659e-01
-5.530892645238566496e-01
-5.014207828650496523e-02
-2.325133468499722966e-01
-4.032000363434274925e-01
-2.672028662481804595e-01
-1.371216323770880485e-01
-6.198230632707997234e-01
3.473516544212643803e-02
-9.349922613383417069e-02
-1.846868879059376245e-01
-7.655320472121993625e-01
1.028642539399764050e-01
-4.432542705367120695e-01
-6.377038581424281372e-01
-4.055310448728561834e-01
-9.068077856758682831e-01
1.816778237024792575e-01
-8.949272984672701492e-01
-4.166552442063791578e-02
-3.036976907927740332e-01
-5.950623647667550864e-02
-4.061685035855601700e-01
-6.716589315043620667e-01
-4.103060875978142286e-01
-3.695317908429621712e-01
-3.367954910446865902e-01
-1.260553954935204612e-01
-7.227434867368576210e-01
-7.791103189908237248e-01
-8.381599826074940252e-01
-4.337043366218351625e-01
-7.337821766913271704e-02
-3.866299707823306897e-01
2.292570871969611679e-01
-7.276512776444798991e-01
3.353635585923148699e-01
-1.075196868689252572e+00
7.405699677956193439e-01
-8.200032283976224079e-01
-8.901096908922373485e-01
-5.786774624690883551e-01
-1.675492006420477298e-02
-2.536070853956302606e-01
5.502231479552802673e-01
-7.300491590915845208e-01
-2.159667503471706385e-01
-5.716874007427360516e-01
-9.102003089020659077e-02
-1.455197035616939694e+00
-3.506691414258491513e-01
-6.969125419637739460e-01
-3.186482317301024825e-01
-6.386397087717891052e-01
-6.012061875037871816e-01
-1.729926723104574793e-01
-3.134271179024999410e-01
1.789053574458607243e-01
-5.451299391971456965e-01
8.785813574746818844e-02
1.688474940884261977e-01
-3.878862783537752601e-01
-4.455487088093231240e-01
-8.653709369623375780e-01
-4.919093549666317955e-01
-7.842331371243302929e-01
2.420760866694835756e-01
-4.195145999274855209e-01
-3.587867267825733952e-01
-6.580946605177306896e-01
1.121798061766779708e-01
-6.626565011156687612e-01
-1.024442314105920432e-01
-1.725661187920913830e-01
-1.003046579832835405e+00
1.615246506485026323e-01
4.557372508197701233e-01
-2.771354552619249567e-01
-3.704498683747537435e-01
-1.417399479653642658e-01
2.735743658425127123e-01
-4.937778655866987276e-01
-8.833554413184349086e-01
-9.403182842853467782e-02
-1.047496475172462471e+00
-1.025223334819934218e+00
-8.901105591365919834e-01
-3.285043014995899652e-02
-6.227426169668499600e-01
-7.180554226379454175e-01
-9.752065142865692371e-01
3.586123757939625040e-02
-1.334899122611660771e-01
4.381536493810740673e-03
-6.086024160890221024e-01
-3.047769401974225190e-01
-1.245031475149301070e-01
3.574436901123370647e-01
-6.871044768723559848e-01
-7.143903512136318135e-01
-8.959847246391461351e-01
-6.230668714140367159e-01
-8.511424216380956975e-02
-8.083079639134702621e-01
5.672187996698487694e-02
2.811275546573988593e-01
-3.481457939752731767e-01
-5.224168583744198679e-01
-3.757926879915991503e-01
2.343427170667453929e-01
-1.205134384041553069e-01
-1.629783159620710464e-01
-1.830276953828691988e-01
-6.509878825401029800e-01
1.595774360569498507e-01
-4.391670010613201169e-01
-5.807771153380747453e-01
7.680004448116338756e-01
-1.096807896287110617e+00
-7.473809423866648594e-01
-5.101877588802248287e-01
-6.617383933089729386e-02
-4.641873973443315093e-01
-5.943053150032224785e-01
4.943570315029193751e-01
-6.724849564028003712e-01
-6.278122156436864998e-01
-8.385670126943540748e-01
-3.206603436302337684e-01
2.799679403459592181e-02
2.615041020604838007e-01
-3.766645289980050659e-01
2.269936524524593380e-02
-5.650009049352544555e-01
-3.097096946508136606e-01
-7.596831571432478558e-01
-5.689971732713603458e-01
-6.325964104402697075e-01
-4.796354826575234265e-01
-1.004919372414366352e+00
-9.210325557852313549e-01
-3.355271817899699305e-01
-2.465310410428997179e-01
4.501103327126319553e-01
9.454313831855531980e-02
-6.513544239571549266e-01
-1.231316644132868093e-01
-1.129995220654454569e+00
-3.440365180655235444e-01
-7.279805916696704404e-01
-8.336428145472122297e-01
-6.054240707503549812e-01
-4.895851147754954891e-01
-2.244528676078987595e-01
3.473608476307382120e-01
-7.885216017916484299e-01
-2.182386186617851498e-01
-4.886447729437560228e-01
-1.214531435092939121e-01
-6.950543411830409912e-01
-8.011476398963327528e-01
-1.768182451729415350e-01
-5.328633955864843230e-01
-2.407946962165291860e-01
-1.597806628935413975e-01
-6.809323759028790279e-01
-1.132283211276965185e+00
2.481228986003813641e-01
-6.924374335631627853e-01
-2.130634704182071959e-01
-2.508397896672049932e-01
-8.021867763171637300e-01
1.741547571246727377e-01
-9.258409719838458507e-01
-6.136277652812294203e-01
-1.389153343570247168e-01
-2.844809034181290386e-01
1.776899817412185834e-01
1.628489059137393224e-01
-5.869662089156370000e-01
-1.722345907707321933e-01
-7.039437606434783001e-01
-2.203213657287637628e-01
-1.277703825316881814e-01
1.683401107068767388e-01
-6.114892304876817786e-01
-3.788097272052600717e-01
-7.162192179427876448e-01
-5.803896646554972116e-02
-5.988446801331177571e-01
-1.057179479253108623e+00
-2.744391163924240762e-01
-5.294552617099198555e-01
2.819062591050646716e-01
-3.941492455438986298e-01
-3.264646542110847260e-01
2.842572854394491699e-01
9.797820433596056422e-02
-4.145027535086587833e-01
-9.282649802120179761e-01
-5.312932023050723762e-01
-7.852152130498720739e-01
1.582265463415386542e-01
6.021569263156584945e-02
-3.958160388665696860e-01
-9.802868532344082009e-02
-4.672693731532333306e-02
-8.659148892018923016e-01
-3.541596680588270929e-01
-8.052635538275805249e-01
-1.106434097390992966e+00
-4.347336337966217212e-01
-5.057358886563612099e-01
-1.750510865457355070e-01
-1.242831711544470030e+00
2.129561427547912653e-02
-1.400803728168874773e+00
-4.472088686864060247e-01
-3.063123396007100263e-02
-5.714938557455198076e-01
-4.954232194624422214e-01
1.573761827970254490e-01
-6.783209028329578727e-01
-7.129654245432129334e-02
-1.383922930703133103e+00
1.020894911970379737e-01
-1.155934380783320448e+00
-2.799825638817610707e-01
-1.095477160430085917e+00
7.004545547115200721e-01
-9.271142780980571318e-01
2.794280698243914451e-01
-9.121607703423098013e-01
-5.869080523828483775e-01
-7.770495452908533496e-01
3.736975845496140480e-01
-9.763458247685594671e-01
1.361545389939730066e-01
8.145184338071215224e-01
-9.568537922668363116e-01
-4.449060507152654553e-01
-1.195978228460624626e-01
-7.003639027507649883e-01
-6.402929833518934410e-01
-6.484389494078326432e-01
-8.329889223936309817e-01
-1.443936388532044562e-02
-5.257193562061570624e-01
-5.418767728781391790e-01
-5.730698205994245731e-01
-1.407225312593416156e-01
-4.784089818948410455e-01
-8.334248945936101327e-02
-4.274085349189998828e-01
-6.257791409811500616e-01
-5.564414964910767702e-01
-9.628622340715250472e-01
-5.082146397896265544e-01
-4.852382372977936953e-01
-1.191065878616651474e+00
-3.415381438328256025e-01
-1.686594758651937809e-01
-8.430971272945556594e-01
-3.681179852506018171e-03
-2.521447019147552426e-01
-4.008652247738526131e-01
8.133428611353278603e-02
-1.780296207801190106e-02
-2.957480625561571541e-01
-2.104736027449072011e-01
-5.239703538113928971e-01
3.359670088536852450e-01
3.128598691539584142e-01
-2.656452237009671591e-01
-6.540223047363746822e-01
-8.544997200686736682e-02
-8.853610750253929629e-01
-6.147220488066402755e-01
-2.843451033007128315e-01
4.034602262123201943e-01
5.613452820122810660e-01
-7.104138627010884166e-01
-6.162703644827896010e-01
3.065295540564566307e-04
-1.911002281384502621e-01
-3.595164036593566093e-01
-2.103195544664928363e-01
-6.750115562719420925e-01
-4.808275036568538385e-01
2.770301414509279692e-01
-6.297529166268187040e-02
-7.214184196869871668e-02
-1.252127370628762559e+00
4.818514893920021747e-01
-7.034518119170969121e-03
-2.346046966111014764e-01
-3.084048624859375698e-02
-3.245900566304041335e-01
-2.562773494585099399e-01
-3.898315054895153398e-01
-9.145321810318634004e-01
-6.677328133510928021e-01
-1.501741356539043892e-01
-8.933974384336497154e-01
-4.560667578535017586e-01
-9.856336390221812627e-01
-3.037047302900776624e-01
-5.654360391041874934e-01
-1.266550103835991870e+00
-4.790706035607361080e-01
-5.616756652037659808e-02
-5.445441591522356406e-01
-1.201520167009607176e+00
4.848337695872289577e-01
-5.664214453395191029e-01
7.820331512852289890e-01
-1.351037790888541812e-01
-7.171723109259614537e-01
-2.767870288575361437e-01
-7.486724699559413887e-01
5.293803254061851815e-02
-4.483888462202126335e-01
1.737705978386912958e-02
-9.843109268426039060e-01
-2.257193763506070150e-01
-4.728930699858084341e-01
-2.376977417138884108e-01
7.933973964215632613e-01
7.875390021989271405e-01
-1.043584208856284334e+00
-4.795512475611644621e-01
-7.755505584419413179e-01
-4.935546645054068593e-01
-5.795955357498919769e-01
1.955280940050423133e-02
-4.681458347818530097e-01
-8.726636964273564168e-01
-9.403437032398300754e-01
-2.832183359404502956e-02
-3.329996727331955841e-01
-8.124090336544294022e-01
-1.062879824629544695e-01
-6.479727845787508489e-01
8.901885523699609726e-01
-9.310235290139938780e-01
2.976284489594778759e-01
3.178948319610570561e-01
-6.743645926210950492e-01
1.697701805355188442e-01
3.004909569586547979e-01
-7.554450976574199339e-02
-4.279657101440275668e-01
-4.798576452632709044e-01
2.069377714970084201e-02
-5.289633498980701454e-01
-5.321457369644712054e-01
-8.054961100496056403e-01
2.374744364180372269e-01
-3.051237965746582681e-01
-7.977771514212486093e-01
-8.648739894427852626e-01
-4.589415625498853846e-01
-4.683801804376140909e-01
-3.097495377019659490e-01
-5.091922258859060690e-01
-1.077924561534514325e+00
-6.150052710306542769e-01
-9.123770187192767334e-02
-2.358327217636441708e-01
-3.474036615362491309e-01
-7.799252794877750868e-03
-1.076315611126118954e+00
-8.486172985776065936e-01
-1.105872419030522469e+00
-1.514551158220741323e-01
-5.302224905481888184e-01
-7.419604999551189239e-01
-3.203639430421877377e-01
-7.006534157016396369e-01
-3.991171252017402526e-01
-3.935575286922197713e-01
-6.545583379619253073e-01
-1.103199276309129589e-01
4.505992517492835026e-01
-4.054586939707146009e-01
-6.279231085878457241e-01
-7.287667506951490681e-01
-1.189589393226865077e+00
-2.171049891930351139e-01
-9.265556422249906499e-01
-2.264087919657059300e-01
-2.458863208962939750e-01
-5.893573697563041502e-01
-4.434048682264906671e-01
-7.286078895303778058e-01
-3.833879679104432170e-01
-2.745405634949472651e-01
-4.209990019425132179e-01
-7.892859412615337300e-01
-8.319134848635931223e-02
-1.485194644531303010e-01
-3.378335258715904343e-01
-4.280147189628973892e-01
-1.093581871329782240e+00
-2.438363472190873404e-01
-3.981627092944187707e-01
-2.116049675040839739e-01
-8.467025542905630697e-01
-7.923089926030044694e-01
1.568652588522018998e-01
-1.017111389615037220e+00
4.891721738145731746e-01
-1.769565398570936698e-01
-4.482781140191917091e-01
-2.819011854352235780e-01
-1.053944343084695368e-01
-7.944660451306837512e-01
-1.221248405920478897e+00
1.385957227506817713e-01
-2.066181506083795416e-01
-1.193491073714983308e+00
-9.474968511849162223e-01
-2.163662674722987567e-01
-1.260211565904729492e+00
3.005513795073504468e-01
1.445016149334633626e-01
5.266902639926367841e-02
-5.462399324654952926e-01
-3.664707681173890452e-01
-1.190376348443479004e-01
-3.230848526246656305e-01
1.386008924213695537e-01
-4.680285432254834288e-01
-3.039902424367180167e-01
-5.290901784025328070e-01
-1.619342903875086448e-01
-1.019179234827269021e+00
-5.900428871814982212e-01
-6.691629807126519003e-01
-8.258861948662784558e-01
-5.009587503656920404e-01
1.710114119425235890e-01
-3.803454639419537320e-01
-1.067841993444723636e-01
-6.845070238608376156e-01
-7.124219139067724527e-01
-5.538026901274710756e-01
1.051574371573225086e-01
-1.635685756339675112e-01
-2.147012549341989207e-01
2.219584081780026918e-01
-7.567128771482395377e-01
1.924531975963765171e-02
2.060877473271280902e-01
-6.891016934132090377e-01
-6.835833553866189627e-01
5.486242492827450024e-01
-1.111403679494944230e+00
-2.190970363419908196e-01
-6.642498873552031835e-01
-5.484579869184971201e-01
-1.048684149911653263e+00
-3.468096454452066491e-01
-1.688843384672001902e-01
-7.586380241819866699e-01
-7.217180704669189373e-01
-4.533125636604087294e-01
-3.133317562552865865e-01
-8.606153461926030479e-01
-1.182634491110889918e+00
-6.119729926003847353e-01
-1.405514810358414746e-01
-6.971734539117464546e-01
-5.418028744257138429e-01
6.250216716690989438e-01
-9.244600262405840985e-01
-4.629115366863811309e-01
-1.054167903432721154e+00
-5.815139002067705176e-01
-8.951011251262562876e-03
-2.497878587846663612e-01
-5.912528067436728652e-01
-3.792222484259698545e-01
-2.492796037502762740e-01
1.971408608739629587e-01
6.080224849986913815e-01
-3.318169677251293637e-01
-8.174957783434744218e-01
4.071198486536633521e-01
-3.587968876560597709e-01
-5.330041535219671722e-01
8.133650204544621773e-03
-8.780172708565172623e-01
-7.478160810155726201e-01
-6.889044462889732934e-01
-8.513929579439449835e-01
-8.469210521603095509e-01
-7.953388543522635912e-01
-6.869549319689578493e-01
-8.544816816041772567e-01
5.393622842023427788e-01
-5.309672866867146679e-01
-2.030208927486040205e-01
-6.631059844138627035e-01
-7.431542027218794866e-01
-1.377140857518916350e+00
-9.395494771202704543e-02
-6.976945028416347006e-01
-1.281645759205903568e-01
-8.332721195511952894e-01
5.682166518289296642e-01
-6.434424415294777155e-01
-6.856691551269399332e-01
-8.798404422695649263e-01
-1.843548390581063344e-03
-3.702106936538656079e-01
-7.066444539683315318e-01
-6.043952932704625969e-01
5.495495432623068166e-02
-6.543733861945419950e-01
-4.163101289697352936e-01
-4.390155391105542426e-01
-2.980894391770178009e-01
-7.274316157749913248e-02
-1.175121353180088146e+00
2.519872403730317179e-01
-1.410405353074435097e-01
-2.125557140567715109e-01
-6.618431623686067411e-01
-1.216234278542578151e+00
4.777181471973086513e-01
-5.240363280461923789e-01
5.390043762339451483e-01
-3.484598865280217894e-01
-6.494465379284155571e-01
-6.204324951378539232e-01
-9.506727651595557604e-02
4.172541649659073926e-01
3.671378490231803071e-01
2.273241754802430015e-01
-3.563087298895580846e-01
-3.019565609031532594e-01
-7.941379493316461646e-01
-6.588903354417542380e-01
-1.168920386374033171e+00
-1.175448284006870958e+00
2.005755459115723394e+00
-5.273368357335179724e-01
-1.826517547840509348e-01
-2.832791456710141431e-01
-4.772147552655177649e-01
-1.317095189128849597e+00
-4.906190903658399494e-01
-1.942101323551005121e-01
-5.369420155714748066e-01
-7.478515908646472532e-01
-2.900512389747235686e-01
-5.357833052275589036e-01
-1.170424195207793172e-01
5.108172229355274485e-01
-1.572592589924678430e-01
1.619767004009424194e-01
-1.919634591593537276e-01
-2.017447741403525785e-01
2.339696937019760184e-02
9.081604681691797243e-01
-3.065761763640889037e-01
-4.365311923871349475e-01
-4.671437118997715521e-01
-1.512605320450564339e-01
-1.598212372973656370e-01
-8.010469616146358440e-01
-3.025218294447644049e-02
-2.939191363421989056e-01
-3.357984820531324521e-01
-9.639234601062826036e-01
-6.718864580677090803e-01
2.760926595775406445e-01
-3.350090263353410203e-01
-1.908004332637381617e-01
4.532632298721955832e-01
-2.366583876284291121e-01
-4.661351344816471731e-01
-1.141697153601806125e+00
-3.650124583780637866e-01
-3.987681508743976533e-01
2.723715705748304683e-01
-1.659776574395838977e-01
-7.504155498924948153e-01
-5.457191047321222621e-01
3.451838971312569671e-01
-7.179850028773354653e-01
-6.499926146447528863e-01
-5.036294152974840621e-01
-3.191306101759201486e-01
-1.302441473658930038e+00
-1.154009656973737918e+00
-1.150328732778343049e-01
-3.758713887098699691e-01
-1.953433670451769355e-01
-4.379168460603822810e-01
-3.095559510399031877e-01
-1.823487964157038607e-02
-8.462316916574694203e-02
-6.799361932819897314e-01
-1.206435023974719689e+00
2.188195224966258123e-01
-4.828741720880005417e-01
-3.258929181569422129e-01
-6.430576176757377693e-01
-5.171323297724114143e-01
-5.616876266777823812e-01
4.219921307205934946e-01
-1.179696182517543601e+00
-3.688107089627799540e-01
-2.903144449157063489e-01
-9.499590726414531838e-01
-1.032597679356378029e+00
-4.717892586994497650e-01
-1.144735238590509185e+00
-9.078663387189831457e-01
-3.712192652790470282e-01
-1.978597580866565675e-01
-1.249087798930415216e+00
-2.418898272132998517e-01
-1.607834796007877598e-01
-6.303566879432079273e-02
-1.972164999280722197e-01
-3.860315241324293045e-01
-1.509383563213048396e-01
-5.113066179330371108e-01
-9.293486642658400909e-02
1.048889722875952835e+00
-3.151444387641183509e-01
-6.146554643876578350e-01
2.712169580923226020e-01
1.293375796754557272e-01
-6.844623936770042327e-01
-6.911503291624985224e-01
-1.924656853743286211e-01
-6.131017831475330526e-01
-7.262333582825769573e-01
-5.158968866850770496e-01
-9.380172089974057048e-01
-7.045052000422237226e-01
-5.692130271305271411e-02
-2.416609478837233038e-01
3.136013209675158619e-01
-1.002141501619592479e+00
-1.188365656050212743e-01
-1.239003707064155815e-02
-3.923127675010345539e-01
-8.983184147665123076e-01
-2.851721632922160077e-01
-7.619656561265840677e-01
-1.366065940653053756e+00
-4.301729039194096549e-02
-7.218434416643132456e-01
-1.889874921114799156e-01
-3.705034478279929933e-01
-1.178185135398970074e+00
-1.084971632421182441e+00
-6.491594156151931916e-01
-2.679827826238442845e-01
5.139342974763740080e-02
-1.409653557081269049e-01
-6.394415230426763186e-01
-4.005873893828626464e-01
-5.068554937653709791e-01
-6.434658179224544972e-01
-2.989344023657415361e-01
-3.239650035375186699e-01
-4.901031208648197746e-01
8.753325973721854947e-01
-7.692630581567330705e-02
-9.248882798072930456e-01
-6.113789629288739480e-01
2.770077455926889809e-01
-2.985493557996437564e-01
4.185751885640712905e-02
-5.106155223537421455e-03
-3.086530124990394808e-01
3.839578053823277104e-01
-1.271241061069056322e+00
-5.767775124109638663e-01
1.196148066882778416e+00
-1.089856022163834037e+00
2.926127642761767733e-01
-4.400714587836249692e-01
-5.046218492988319149e-01
6.321319371840307400e-02
-1.394832562243335516e-01
-4.544593188537284639e-02
-9.400193999015705737e-01
-4.882366673078818997e-01
-8.816452677057619036e-01
-1.060006117431163020e+00
9.031209666853000362e-02
-2.195767314987421837e-01
-6.192487420546726601e-02
-6.448882362525725220e-01
-3.544835858965640352e-01
1.328266630795672087e+00
-7.185615716920621190e-03
-3.875596945990876785e-01
-1.047328690199337498e+00
-6.034386511806693054e-01
-7.625625305193535208e-01
-1.042394198728158417e+00
-2.236297309564927449e-01
-9.794293618934777346e-01
-1.429944335197569083e-01
-3.078319007829664056e-01
3.524851615299338103e-01
-5.371611282070897220e-01
4.571458774445543716e-01
-5.544013361855869571e-01
-4.148022249902791891e-01
1.274623603375484859e-01
-5.652031476470874560e-01
2.935254773966785025e-01
-8.142628398560192160e-01
-3.619935481951289113e-02
-5.380181526970043149e-02
-6.461196901007725257e-01
-4.083989650305742125e-01
-1.904860873580306591e-01
-7.332911294694537396e-01
3.026878781325829104e-01
1.197705094058273828e-01
-3.423787116851347290e-01
-5.002222515658139024e-02
-8.527477485887902109e-01
-6.126228077848987486e-01
-3.755429445357975071e-01
-6.399765220901886265e-01
-3.269285351913083226e-01
-7.338843509129231446e-01
-9.254594738442236679e-01
-7.783170503264962292e-01
2.946402021139659655e-01
-1.073296368238856324e-01
-8.124799748592764770e-01
-4.121315822122860184e-01
-1.057350540535528349e+00
-4.409491857792811054e-01
-2.058434420219452110e-01
-3.870076483762245334e-01
5.281959821396287058e-02
-6.367166434614498494e-01
-7.436847724998311149e-01
-1.528103114746747482e-01
-9.295650236977716085e-01
-6.639608980333454591e-01
-6.184586126289800534e-01
2.625081385027968825e-02
-1.252437216762825267e+00
-8.168417480874911041e-01
-3.442386163549427947e-01
-2.155120755599881088e-01
-5.488205367383579558e-01
2.206531542006959223e-01
-8.597859556566731509e-01
-8.485843643797481572e-01
-9.145984334540324667e-01
2.364477771856333677e-01
-7.799189311833489846e-01
-1.120051648712555720e-01
-7.318983797590954410e-01
3.100466080756031917e-01
-2.036455165239917930e-01
-9.232354425099494888e-01
-1.383195149212201214e+00
-1.789218199206075999e-01
-2.654562502967225054e-02
-1.041091316121704191e-01
2.295720702256564758e-02
-8.107626933383418333e-01
-1.746144456783358667e-01
2.072531079497685891e-01
-4.790866505454587365e-01
9.669944321836138057e-02
9.779332535212362787e-01
2.988428670760185854e-02
-4.625755376486046511e-01
1.756020372909301019e-01
-6.371340877827339488e-01
-4.998418664329273842e-01
-7.620813554937985179e-01
-7.084590858780634437e-02
9.682594883732696667e-02
-6.162921316151930701e-02
-5.838095481060489034e-01
-3.299697547526774799e-01
-2.578449328872721158e-01
-9.164409244509930108e-01
1.268220628439282738e-01
-6.572464851689351351e-01
-8.436588151549161418e-01
-6.222272590487087918e-01
-3.492980808092743805e-01
-1.033040052337045323e+00
-2.819287386820688857e-02
1.625238993926311493e-01
-1.820822141632844338e-01
5.930046716020080932e-01
-2.083749653808878444e-01
2.094846592472770705e-02
-1.812236316876023601e-01
-8.236139841969855047e-01
-4.681649721855095092e-01
-7.434418874672964472e-01
-8.843804056539368297e-01
-4.127049865008285412e-01
-8.672176527954333913e-01
-9.659713545984005556e-01
-5.150883372836426721e-01
-6.645117330529051181e-01
-1.004850510944162556e+00
-8.844015620882870188e-01
5.261907332313562648e-03
-7.739897454871930149e-01
-1.417194767328673999e+00
4.865699590367330574e-01
2.282850480465112852e-01
-5.746017544627850526e-01
9.327402792793209052e-01
-7.829622814803172126e-01
-2.992147857438132719e-01
-8.701681289075418047e-01
-9.684963065850471509e-01
-7.232417929590875816e-02
-7.406098023474877445e-01
-6.858174936565157864e-01
9.739418365073908290e-02
-5.889789172124814121e-01
-8.779459146243295820e-01
-3.210470159357559083e-01
-5.013334648437197533e-03
2.203322409763834033e-01
-6.820173119373089676e-01
1.040422026607671913e-01
2.425171024180067247e-01
-2.798591726971499938e-01
-7.474301104770961768e-01
-1.580476491066255540e-01
-2.963144840420418036e-01
-1.037820398110411269e+00
3.245799530506467967e-01
-1.881452386061907844e-01
-1.632830412892356531e-01
2.279445201448890290e-02
-4.955634111375391559e-01
6.624132467890540832e-02
-6.338051849538803850e-01
-4.055245473548398372e-01
-2.092406220831733582e-02
-5.285252843291000646e-01
-5.092084330636329620e-02
-4.847424791561295021e-01
1.564725732731517827e-01
-7.668793734282236541e-01
3.813210815066010451e-01
-2.222525554396348468e-02
-1.416111758964722966e+00
1.178772106168327061e-01
4.802341081591655625e-01
-6.644073031037449617e-01
3.048115953093853969e-01
1.307893570499339686e-01
-5.759670748368622001e-02
-1.494279701032080299e+00
-6.815050558756645671e-01
-6.505631620394403125e-01
-2.506807360201133150e-01
-7.735961243904486695e-01
2.077535454134072368e-01
-8.226353180749022831e-02
-8.221220252240452053e-01
-9.340924915717271348e-01
-6.887271021659654435e-01
3.212861027506130895e-01
-3.615111807845876046e-01
-8.353454858225917157e-01
-5.880738525348405688e-01
-3.452553142676784148e-01
1.460297114779600669e-01
3.181427190753771117e-01
6.747622453905754991e-03
-1.615978244143039672e-02
4.778091587161007459e-01
-1.512844500030382511e-01
-6.420575160188242148e-01
-7.407473295335336161e-01
-2.991722538152651878e-01
-7.881538833331864780e-01
-7.278583666537631336e-01
-9.013962189371339528e-01
-1.537942175883575124e-01
-1.693470397247850701e-01
-6.924383482425062741e-01
-3.073129043970760366e-01
-2.807656549073356267e-01
-4.541440489637035283e-01
-4.963949858519458025e-01
3.052978267360528242e-01
-1.798687637055793598e-01
-2.636049918187486352e-01
-1.198310205188616751e+00
-3.117151057161089978e-01
-9.512361488411699151e-01
-9.090837554382203978e-01
-6.092191873368412169e-01
-4.765852785077251963e-01
-3.717265887087117249e-01
2.008661073949635778e-01
-1.391741925036493466e-01
-9.358524661888556473e-01
3.825666436555367513e-03
-4.211634320647339447e-01
-5.086659651899424484e-01
-9.429323008054705246e-01
4.406508832434394840e-01
-7.521835237172522781e-01
-8.221052484199852239e-01
-1.000786269717412802e+00
-3.205576675732461078e-01
4.131731615301765803e-01
4.549231575098656999e-02
-1.012204361939487818e+00
-1.252713032950127259e+00
-7.958633886681502068e-01
9.124117312292967519e-02
-3.691294653553891525e-01
-2.065539581843984784e-01
-5.133995079042060761e-01
-2.090875703361736171e-01
-9.857416566301797634e-01
-6.696850880210138968e-01
-2.010313871771459218e-02
8.900251091841047957e-02
-3.904089063245863023e-01
-9.751620516372094816e-02
-5.943752733198650606e-01
3.028314685916891347e-02
-2.779591446603681959e-01
-7.312521853844614617e-01
-3.345571847918714092e-01
-5.537277842404603190e-01
-2.594100066320448317e-01
-1.721508494951327073e-01
-1.817272431240761488e-01
-4.737196031403378971e-01
-1.118962797905534712e-01
-9.202225037236407834e-01
-2.240225330416110994e-02
-6.473667773721164531e-01
-6.843021167212380851e-01
-8.451953933778241224e-01
-5.501019133235404146e-01
-7.717525256129638134e-01
-1.641178708693833144e-01
-7.018414622006760029e-01
-1.232742037405758495e+00
-1.192482417765065250e+00
-6.494836083522645964e-01
-8.089746839810825207e-01
-1.006179190711663285e+00
-4.970931424314518066e-01
-2.613137639737332374e-01
-2.523170945195469805e-01
-1.156584250672393621e-01
-8.730464679334209999e-01
-8.999336230023319283e-01
-3.560464693088904453e-01
3.762418581280764229e-01
-4.331337630368443659e-01
1.535051691698180176e-01
-6.492948658021929775e-01
-5.461414253588369183e-01
-1.123396142687324017e-01
-4.343115316319354213e-01
-5.933603333537576519e-02
-5.898206950999550502e-01
-5.517706925467549817e-02
-1.173386739285987801e+00
-3.008824407870917539e-01
-3.873718169226333385e-01
-3.303875589548311842e-01
1.021331366293947857e-01
1.595257296646014275e-02
-8.044122032288547608e-02
-1.010697012569514941e+00
-5.944385830981911978e-01
-4.961683511628666721e-01
-7.030527974576337158e-01
-3.066967162805844804e-01
-3.422006440676059191e-01
-8.851675966201539847e-01
-2.627281444347049355e-01
-1.014523730007533375e+00
-1.447285424829870826e-01
-2.306301690306286623e-01
5.320064292763401759e-02
-1.018374416192816323e+00
-5.641697346358511833e-01
-7.651631651918804344e-01
-3.221728629671518074e-01
-6.009077598089164196e-01
-1.300042483081819134e+00
-1.431260375886688474e-01
4.768336942074359874e-01
-6.664806403717297989e-02
-5.003995051375315084e-01
-7.525605276455118453e-01
-7.219789507320614752e-02
-4.017526571784495459e-01
-2.850152259294976842e-01
1.530330517605246188e-01
-1.216185385588155476e+00
-2.624886197520944764e-01
-2.268701337883012314e-01
-6.918247846427796333e-01
-1.372166207682238293e+00
-4.413111896910738019e-01
1.933947244619993733e-01
-5.752755561097953052e-01
-6.437662571659825694e-01
2.459159692043918766e-01
-4.286648033347968956e-01
-7.739352400278081134e-01
5.811343803642504691e-01
-2.642558474798044066e-01
-3.940203473862598504e-01
5.898584332396462210e-02
-5.833092445805957427e-01
-5.199277742494969878e-01
-1.366498217666693771e+00
-2.073662423420102527e-02
2.427667634102482694e-02
-1.388749878462471221e+00
-8.287498121158614062e-01
-4.260587861040058821e-01
-1.802531406060278174e-01
-8.031669106195971075e-01
-1.113453958922087095e+00
-5.289311158670977342e-01
-8.632945100830494711e-01
-1.078545116237262125e+00
1.610125534731989272e-01
2.395920776602170066e-01
-6.323483435831217525e-01
8.066055054813532632e-02
-1.307685355571900354e+00
-4.489965231997040951e-02
3.018271777634085606e-01
-7.190446746044406590e-01
-9.168469420226961208e-01
2.204344168662377701e-01
-2.345783052864015006e-01
-2.749946237520468073e-01
-9.778234658219706610e-01
-2.718099211072753651e-01
-6.654319459011542870e-01
-7.193970742975157595e-01
-2.987943568916894277e-01
-4.658129756659160070e-01
-1.298738719204290515e+00
-1.998297159247434118e-01
-3.213066868611230698e-01
-7.851427141413230837e-01
-3.185496528627450030e-01
-6.313468662441560353e-01
-1.525532393156202593e+00
-4.263934113082621380e-01
-1.677718804069914249e-01
-1.008969748018762713e+00
-6.379337958337029102e-01
-8.095274579035882656e-01
3.201105189896548686e-01
-1.278229617016757969e+00
-1.271445804949027814e+00
3.643794736113963317e-01
9.777620995277226668e-02
-8.416571786640404396e-01
-9.786936487235011750e-01
-5.520447848685602343e-01
-3.817763276998049071e-01
8.454180983300937924e-02
-3.354670025407561762e-01
-6.034139504062924209e-01
-4.311068487383174497e-01
4.245042902582037425e-01
6.725837354445587946e-02
-8.745500191414818936e-01
-7.666625908683069035e-01
-6.732559921119052326e-01
-1.556531304216941525e-01
-2.575180069810503736e-01
-1.233339639522169406e+00
-2.820604491314164797e-01
-6.622312186228973552e-01
1.087018917315780153e-01
-8.686565245633511845e-01
-9.570172619077371712e-01
-4.516737554834628354e-01
-5.106884055656716326e-01
-9.951977986267210308e-02
9.418195665211197554e-01
-6.695523350277441388e-01
1.872170257909188673e-01
-7.128179262277443140e-01
-2.954163496318275572e-01
-7.013399239819593234e-01
-5.941317270940068562e-01
1.097487408299479411e-01
-7.275106403457847204e-01
-3.993830581940680524e-01
-6.019173993313493148e-02
-8.804685126396294415e-01
-5.110989612140508509e-01
-6.316480067154857103e-01
-3.806788741671834897e-01
-3.784028446321378025e-01
-4.537513952379926274e-01
-7.410854746810702220e-01
-2.246615055550838513e-01
-8.664181915007147516e-01
-1.071228603965287407e+00
-1.361294008975921233e-01
-7.299059073716150925e-01
-5.110516749543737580e-01
-3.393375479744783485e-01
-1.754908239274473869e-01
-5.998343348971008071e-01
-1.048733091969098252e+00
2.212673621662078483e-01
-8.336478586338946783e-01
1.925866496795214655e-01
-2.602610780303449018e-03
5.445038025919203273e-01
-6.650572792815351297e-01
-9.749714520690836439e-01
-7.351031027004234497e-01
-3.942088329651813883e-01
-4.556171160909809892e-01
6.704733124024366345e-03
-3.372778166026886293e-01
-1.362107712963091799e-01
-2.359608602064147687e-01
-8.547774368505256515e-01
-8.243230076968346420e-01
-5.210277870151764912e-01
-6.950378185446790535e-01
-4.784866666934537438e-01
-3.958259141278372417e-01
2.437397764622565577e-01
-6.316032679038068032e-02
3.045118295037190781e-01
-7.562846221209442721e-01
-5.299874484746123215e-01
-3.233049875226183256e-01
-3.589896211010961680e-01
-8.135129782109392638e-01
-4.332356796542591870e-01
2.706360936294617200e-02
-2.406048288219226894e-01
2.479546798172420352e-01
-6.412147357212556464e-01
-1.079195891418789577e+00
-5.504601688255151837e-01
2.480137018625670417e-02
-6.664639838548331863e-01
-2.208483396316703040e-02
5.552355569543950820e-01
-5.128210779173163480e-01
-1.229121247757521962e+00
-8.194874964855365373e-01
-1.001695098481369062e+00
-6.154820851204153564e-01
-1.569943824356400952e-01
-3.562520951374867351e-01
-7.273604672610917143e-01
-9.465540634961782107e-01
-8.046240221083766908e-01
-9.909208700339066089e-01
-2.866665730816420066e-01
-6.876023806717744824e-01
-9.368891490902800934e-01
3.020131188577916403e-01
-8.121350182505220339e-01
-3.079739582146421850e-01
-9.344287181798025532e-01
-6.584768329545116483e-01
7.042798802293294136e-01
-8.569638982862145538e-01
-4.885467900647706002e-02
-7.539082361338228511e-02
3.315379185528105066e-01
-5.147837408569662099e-01
-3.207612989311939833e-01
-7.824360168046226027e-01
-5.469281209691094769e-01
-6.993391247542496414e-01
-6.310692591048879807e-01
1.068748729769762873e+00
-4.704785418324781143e-01
3.119697147393089010e-01
-2.230449874728130943e-01
-1.348553472088327709e-01
-2.572667719756333016e-01
-3.520269850604765272e-02
-9.901046851136977578e-01
-6.123080978934186680e-01
-1.082424009613375676e-01
-6.071233781353653214e-01
-7.886300431040290659e-01
-1.849230000250898509e-01
-5.779442317748699764e-01
-3.264994283803345221e-01
-3.426643721634153872e-01
1.246434805762113192e-02
-3.024494362744813147e-02
-7.077724301769832138e-01
-6.634249370828019243e-01
-1.938798350103224655e-01
-1.305339578095505049e+00
1.047058349778938746e-01
-4.458936525513665372e-01
-1.008333858288231188e-01
-8.445605818493203687e-01
-5.099440100465110204e-01
-5.263515070508124616e-01
-4.456317154458978025e-01
-1.097047068296693739e+00
1.428091281691832026e-01
3.795057274250863144e-01
-1.149747566819839806e-01
-1.465631622814733970e-01
1.623964611575364758e-01
2.594903812491003992e-01
-7.800147892987554510e-01
-4.251127464438634873e-01
-1.305648787259380272e+00
-1.113139026996540354e-01
-5.011141625325807869e-01
-1.125847049460413585e+00
-6.201378795551168999e-01
3.293641377951298521e-01
-3.639659713767655069e-01
-9.139502553577110167e-01
-8.523663003817671946e-01
-4.256774558118151530e-01
-5.104915444825971482e-01
-1.173538165652737997e-01
-3.098708869859939652e-01
-9.439510396004805459e-01
-4.134289663541586002e-01
-1.553812728928093134e-01
-5.936409516925015284e-01
1.712735720576333276e-01
-8.924814731127715950e-01
-3.715427559820514980e-01
-7.714883283286929627e-01
-7.088124146883699739e-01
-8.592144829186219024e-01
-5.299747068436070352e-01
-4.122369951140500421e-01
-8.692264986413343608e-02
-1.078690667811947002e+00
4.334364005455960678e-01
-4.343976796856140465e-01
-2.883221744762169969e-01
2.201951923075841089e-01
-9.867382941191753520e-01
-1.915698660965117484e-01
3.179117761592074598e-01
-1.399139864905971420e+00
-5.779925900490109347e-01
-5.606313713574502255e-01
-1.039507628983751930e+00
-5.155903819746574523e-01
-8.228021661183873015e-01
-5.417711204118096369e-01
-3.565973632219462952e-02
-2.314191063300731488e-01
-2.261167087657972585e-01
-1.000852483988149855e+00
3.281075935869373628e-01
-5.817439132652795220e-01
4.822885888321987169e-02
-1.563722171899121216e-01
-7.949592319891201075e-01
6.261461984956893101e-01
-9.176230715233461011e-01
-1.181496617786366832e+00
-4.232325718805598491e-01
-3.818891722324980198e-01
-4.081437149739092218e-01
-2.545772294582374640e-01
-5.029297510902133173e-01
-8.469626081449670441e-01
-4.586979644061986994e-01
-4.954735520262379955e-01
-9.057140661228809675e-01
-1.466280814153069878e+00
5.567047999161262029e-01
-2.894222166787003281e-01
-8.213830748963610873e-01
-5.620175330279705284e-01
-1.518447705971762707e+00
5.606797243266120612e-01
-3.634985329930720543e-01
-7.792686666178404165e-02
-7.695837820142003016e-01
-8.135112448971288934e-01
-1.058992786490438931e+00
2.112906644141360479e-01
-6.308126121458347557e-02
-1.202172238429286867e-02
-3.953959749581551497e-01
7.324269849117203135e-01
2.323920889363706999e-01
-1.082488312630296212e+00
9.390683268832649144e-01
-2.998551887179206066e-01
-4.594454057296236682e-01
-1.054172684740221966e+00
-5.424630650397384013e-01
-1.093039096767656621e-01
-3.430326194461499889e-01
-1.066865608036654089e+00
-2.705433393151144839e-01
-5.503882135209309245e-01
-6.648085368726979194e-01
-7.783236582439654327e-01
7.370994303218647570e-01
-3.927179254896677740e-01
-3.969935480215356360e-01
-1.290546478086173510e+00
-1.372486484699978249e+00
-3.806578632503892501e-01
-6.121959650142388965e-01
1.931145878153411599e-01
4.254562237553012882e-01
-3.496413590191363996e-01
-3.296138998404826159e-01
-8.304825902821211248e-01
-3.064260874877046126e-01
-1.953190413393297853e-01
5.278680051298488829e-01
-7.201109344205537388e-01
-9.040157116786243785e-01
2.786107654034337133e-01
-7.775865663202674062e-03
-3.259782280504982532e-01
-5.609187606425611872e-01
1.650774258421228505e-02
-8.319709625827603761e-01
-8.279743357602216136e-01
-3.972354103227602740e-01
-6.553550836175227046e-01
-2.025892532566220816e-01
8.520234903120091352e-02
-4.716731971449238114e-02
-7.115584196238607939e-01
-1.071516382662342171e+00
8.279605554290319080e-01
1.045375608441082016e-01
-6.850041745084610723e-01
-1.175613470280323147e+00
-8.763590250640334034e-01
7.775603409369055141e-01
6.224191950394222968e-03
-3.439005189233358406e-01
-2.961066671975626230e-01
-3.269204336774309549e-01
-3.695952495235865776e-01
-5.586788304842540409e-01
-5.723454746317200442e-02
-4.195065801779248038e-01
-1.203135503456104205e-01
1.253191322732144335e-02
-4.627259913986646600e-01
-4.771830437081251430e-01
-6.623734430207983692e-01
-8.765632376061971431e-02
-6.898085821655736138e-01
-1.091604260225210954e+00
-6.238802514359799156e-01
1.273210431161957701e-01
-4.386185880637563650e-01
-6.733537704897105680e-01
-1.600140293410958203e-01
4.329688116634331507e-01
-3.640327646892669439e-02
3.674302440187394159e-01
-7.650562129079810370e-02
-4.149930461769790052e-02
-1.139652996271280694e+00
2.824269333223174971e-01
-2.346502931522682356e-01
-1.107918251347652872e+00
-6.300308428153342799e-01
1.579859650537832616e-01
-2.198809678316556437e-01
-6.517060259087860408e-02
-8.707753758020890800e-01
-4.048253303164613404e-01
-9.351375637092714799e-01
-6.897109461506278905e-01
-8.273427787525751143e-01
-5.388354423063568266e-01
1.513425794487099907e-01
-4.109023846153775916e-01
-2.565434828974154091e-01
-6.713817435238990106e-01
2.023094357364579043e-01
-1.146283572012979146e+00
-1.530250381546570948e-01
-1.102843067027460711e+00
-4.269010432964019386e-01
-7.410786541546474648e-01
-9.852770576588212870e-02
9.221524825371429923e-02
-6.050051888287268920e-01
-1.064281586660748680e+00
-4.189405252487299891e-01
-2.167618707902310982e-01
-2.131937623041419427e-01
5.290697841592609807e-01
-1.891849624870190483e-01
-8.685932331864926192e-01
-2.944144869228107475e-01
-4.369164322210533635e-01
-1.607287020780991393e-01
1.110539095709435431e+00
4.165008625674711251e-03
-6.610617883018232374e-03
-5.084112047989345351e-01
-9.295225181956091598e-01
2.492325156914151560e-02
-4.283936813050785442e-01
-6.179638801230737943e-01
-7.856946927248678048e-01
-5.507216403060194443e-01
-2.667726060078954298e-01
-1.755605334231572778e-01
-2.250942738481546135e-01
-2.707183482039965394e-01
-1.164018616673988982e+00
-5.508283040026620281e-01
-4.780331021833125749e-01
-8.112323457427920159e-01
-7.003219132866572716e-01
-2.363806013408933926e-01
-6.894401542989976317e-01
-6.982445648458177612e-01
-6.690266640514280772e-01
-6.198407642241222648e-01
-8.119040178930844176e-01
-3.139373999435286500e-01
-7.195465305832714487e-01
-2.520887140394696968e-01
-4.869287760318295466e-01
8.922666522525923849e-02
-3.494671427890816418e-01
-3.525060357593698956e-01
-1.544107886014195685e+00
-1.719278187608482833e-01
5.025496392816789504e-01
-6.563358823653171470e-01
1.573525549673246149e-01
-9.915561760073878794e-01
-3.847289963483140895e-01
-3.885741691810297160e-01
-6.126805670965215223e-01
-8.479210839930317878e-01
-8.193233449574995886e-01
-6.991558835015447837e-01
-5.251132377015206298e-01
2.721948128585471305e-01
-3.770290418408697164e-01
-3.421404985843576330e-01
-1.212453344202491401e+00
-6.773615100669567735e-01
-9.794471580333417027e-01
-1.570229061933875458e-01
-4.259885631021418373e-01
1.207666852543429897e-01
-8.666891254455690030e-02
-1.481925419429380497e+00
3.119733234369170272e-01
-1.017273879659766012e+00
-8.421733878762369674e-01
-1.011935500969882495e+00
-4.012131544068693323e-01
1.244943522031626143e-01
-1.031199108050419477e+00
1.333065089508841672e-01
-5.019374982897866211e-01
-1.014858999107556059e+00
-3.735699751587193695e-01
-1.016354378755954524e-01
-6.531558082464219428e-01
2.765757385185796391e-01
-4.571307650135726375e-01
-7.329485946127121121e-01
2.004792248769821372e-01
-9.712454296244846241e-02
9.106397815368766357e-01
-5.094815828572680783e-01
-5.827680687555940597e-01
-1.893886712575348075e-01
-3.093959841354290002e-02
-8.040552742973591238e-01
-9.276249328751930978e-01
-8.756699477567463363e-01
-4.388154200151695439e-01
-7.454988078088021775e-01
-1.069442436813872632e+00
-2.968753788848304542e-01
-4.646155538928252726e-01
-1.182502633540571502e+00
5.536977985651870826e-01
-1.079091273443523631e-02
-1.080711804070472182e+00
-1.671365027998645836e-01
-7.414225952610741244e-01
5.542167348462547771e-01
-7.167077642205157417e-01
-5.882732804474327670e-01
-8.527362437969290276e-01
-1.816192194021484796e-01
-6.619113663636237987e-01
-7.999498841256840187e-01
-1.158786447463190303e-02
-2.401526944190651713e-01
-3.813363189385830521e-01
-7.899542253964885186e-01
-8.040421282765617406e-01
-2.108136883066706602e-02
-1.259011558822048737e+00
6.469294827472811260e-01
-3.666884955810754132e-01
-7.308221385999967845e-01
-4.295068864095922812e-01
-1.559727038973673929e-01
-6.585199960337595471e-01
-7.662916055867633469e-01
-1.637310357961926366e-01
-7.471647059421169246e-01
-5.904183627460004580e-01
-6.610893313807694183e-01
-6.379372840318775495e-01
1.766638427146698109e-01
2.141247709045240866e-01
-7.022237002078637325e-01
-6.456151942115052889e-02
9.787348658877369212e-02
-2.695637397470224822e-02
-7.703864561520445964e-01
-3.403022717884355286e-01
-4.852861219524076675e-01
4.612476722536625745e-02
-1.484753422998740247e-01
-4.872886908796292826e-01
-2.542315206065814404e-01
-6.068563204960844004e-01
-8.779528848264084306e-01
3.490458239716549560e-01
-4.002488696162291859e-01
-4.310825657417474699e-01
8.581921999364083842e-02
2.468822800154822639e-01
-2.882799839704682232e-01
-5.301021103608741236e-02
-1.096278217149735834e+00
1.027621121378822222e-01
-5.750972670068598136e-01
-7.403783489950337415e-01
-6.314968733872815543e-01
-3.257400673781633560e-01
3.150236439632875807e-01
1.645555489442376840e-01
-1.281899004061199721e+00
-1.000562266520236943e+00
-3.350431457323281292e-01
-8.322702584478631760e-01
-7.010139314237954222e-01
-3.855694797935093621e-01
-7.711963210183888640e-01
5.807541503214905948e-02
-1.528963279149001819e-01
-3.404635897006552114e-01
1.030803364985800191e-01
-6.630336772962951430e-01
-9.633294497720007454e-01
-5.538676121709472655e-01
-7.235224986559012361e-01
-6.016078577738247501e-01
2.834747266468586324e-01
5.709414629334193941e-02
-2.416260674847712231e-01
-4.089999625563981445e-01
-8.218401962605735855e-01
-4.869799833452089777e-01
-7.147881901207616684e-01
-2.295181647673141812e-01
-7.505284019056031042e-01
-5.502437722185234970e-01
-1.662086543921066362e-01
-3.390271940132639217e-01
-3.932578326425055226e-01
-6.457060921213005900e-01
-9.599819401147889897e-01
-6.591851740625778167e-01
-7.288139348558315689e-01
-1.233910473524623130e+00
4.099605872593407169e-02
-7.727480626374655381e-01
-1.581776558491703732e-01
-4.439799087029079883e-01
-7.847059346619081888e-01
4.915349391681420738e-02
5.419644694386152595e-02
-7.896207420620534601e-01
-2.476339413959426083e-01
3.144749186824082055e-02
-8.619861747932011653e-01
-5.449756859229512029e-01
-3.407726910135556175e-01
-2.550741648208537313e-02
-5.534510024855465726e-01
-1.994866979408399243e-01
-2.509247747028588993e-01
-7.198931744537983013e-01
-7.176181992573594792e-01
9.607251356749921256e-02
-9.762130727668502095e-01
-3.193983858040672641e-01
-2.428312598983884407e-01
-1.323770419500922335e+00
-4.639836403400006692e-01
5.003817260448009119e-01
-6.759240208951002860e-01
-1.051214809020812435e+00
-1.447859990506696615e-01
-8.101431058481325387e-01
-9.716059341274793093e-01
2.749863630156142991e-01
-1.244713973201283103e-01
-5.441432252602025343e-01
-1.111511508351572974e+00
-5.430412043342059958e-01
-6.520536368100181557e-01
-1.997496753864605457e-01
-3.306681058695330466e-01
-2.841897206247506746e-01
-8.136581275240278854e-01
-8.640463016516833905e-01
-8.564892513707514921e-01
-1.047042438853472035e+00
-7.821310598657188473e-01
-8.829471606587728783e-01
-3.819678352299146207e-01
-3.318150511806695069e-01
-9.313620868718822665e-01
-7.099383120465904140e-01
1.743417062953197746e-02
-1.888022660599223690e-01
7.888647422196665149e-01
-1.263727068832265488e+00
-1.455092792069730689e-01
-4.497209027909316870e-01
-6.179292799350407650e-01
1.034337978872719166e+00
-5.566715460667523985e-01
2.205882278573790545e-01
3.394871045879656601e-01
-3.519181781668515030e-01
1.922881839134113757e-01
-7.263036464134806081e-02
-8.973640464206752432e-01
-3.593428538335791123e-01
-1.051835997622313279e+00
-5.421007933484176533e-01
-8.416024938675199518e-01
-1.217789617841649408e+00
-3.035633220011692557e-01
-6.235312324673282225e-01
-8.921122495834226118e-01
-2.799115447798218859e-01
-6.331458257720470328e-01
-1.432979821402269593e-01
-9.011392940036635490e-01
-9.782477528283899382e-01
-8.470678189768170441e-01
-3.185710683962300616e-01
-6.864557478867393536e-01
-9.483038509266666916e-01
-6.879007687364689927e-01
-1.448290172015032906e-01
-2.548587987549669198e-01
-6.697889892629328434e-01
2.550637934820702002e-01
-3.065418993997754971e-01
1.397558401790423843e-01
-1.462359791730513947e-01
-8.198330561625142288e-01
-5.883196762348427700e-02
-9.826797814336212245e-01
-2.191681400087892584e-01
3.162315484825160561e-01
-4.369282422138127120e-01
-2.826751591051076540e-01
-8.776698392862241072e-01
-2.870189875226717979e-01
-3.852099011105122317e-01
-9.180481298390185119e-01
-3.785273008094183766e-01
4.575298347522748221e-01
1.170975866150109346e-01
1.681538754920331724e-01
-5.989661075196756057e-01
-7.607988609114400003e-01
-2.341995581671594551e-01
-2.629500237859444534e-01
4.982484720519329557e-01
-7.826448507645484831e-01
-4.753421654034415966e-01
-4.082145546719038731e-01
-4.278041607203609820e-01
-2.463366761960777140e-01
8.502357640224288138e-02
3.996315165663413271e-01
-7.171050468482909057e-01
-3.610419900689970651e-01
6.352143321458414427e-01
-4.090459366176788653e-02
-3.552319307941687043e-01
-3.721892381429194319e-01
-8.844429635230822984e-02
-5.239441717219948114e-01
3.218527969568824032e-01
-1.415771445840042997e+00
-5.222788298314230415e-01
6.125471709302745538e-01
-7.723002034926872428e-01
-4.584788073307268230e-01
-5.646720005019097988e-01
-7.890294421853097373e-02
-5.383038954453503999e-01
7.909256146984242064e-02
-2.338441823990674850e-01
-3.249191843765966148e-01
-6.507730073066743115e-01
6.995971286615896290e-01
-7.978867214746376835e-01
-8.338543752452107216e-02
-9.904710207275412293e-01
-5.623481779779976319e-01
-1.795039464921307226e-01
-5.425377900928817221e-01
1.423010548458462227e-02
-8.216468872546420776e-01
2.956438107656090830e-01
-1.028947316147471813e+00
6.553355269294858232e-01
-1.131244489189086266e+00
-1.850196124894780969e-01
4.782880149522029667e-01
-8.880038925858257937e-01
-6.912993395306236133e-01
4.834296004040167793e-01
-6.470621392529322946e-02
-4.707508434723743918e-01
-6.761665391640121481e-01
-3.198936347085283294e-01
-4.036506529186431047e-01
-1.005834981534517780e+00
2.278725077854638556e-02
-9.817645620772614823e-01
-1.334822365957866186e+00
-5.183670998716445322e-01
-7.744525863732537596e-01
-5.473590623849061698e-01
-6.266494711742098822e-01
-6.773485592481789386e-01
2.691840830798800099e-01
-9.131108888258812617e-02
-3.451372684881319763e-01
-2.989669705812495470e-01
-8.717261425097683203e-01
-8.547371906769348771e-01
-8.066108324806413321e-02
-3.440652869496697575e-01
-8.755389343086510123e-02
-5.381607679022740731e-01
-4.124802288533669370e-01
2.636537441905246748e-01
-7.976071401846123177e-01
-3.547042216026119466e-01
-2.555322348726237758e-01
-2.621921905224000593e-01
-8.208516937173669648e-02
3.962014327193102425e-01
-7.903428536415093575e-01
-2.515331642845979043e-02
-8.232520418670137285e-01
-7.185724774168297246e-01
-4.420269127826758626e-01
-1.640547550029939627e-01
-7.639622865461047629e-01
-7.051560440829183207e-01
-1.215627451906600820e+00
-8.307866369298274600e-01
-9.232434980358505960e-01
4.571035704557834811e-01
-5.872447267979488128e-01
1.507929028829711471e-01
3.826465402755524492e-01
-7.271604187612558112e-01
-7.407909516073679645e-01
-7.777795229907754626e-01
5.083902761010132831e-01
-1.177856120715558230e+00
4.565669456037141360e-01
-7.143697771926118545e-01
-1.798944496197190102e-01
-8.854197678812090189e-01
-1.518877057441194167e-01
1.834749557443436652e-01
-6.554848808547674155e-01
1.711487678553463287e-01
-5.791197728348771445e-01
-1.173394449460722494e-01
-1.821469848910914902e-01
-2.278471615753989710e-01
-7.001593057828371380e-01
-7.257646608109099562e-01
-1.001806682595812514e+00
-4.924118171365626240e-01
7.307631618639577331e-01
6.797418620442799986e-01
-4.792300081448666038e-01
-7.188164734915313270e-01
-5.049530634070388269e-01
-1.220111865426759978e+00
-5.303411587433772834e-01
-1.346445509897500337e+00
-5.416490180468404025e-01
-8.815463408476476026e-01
-3.347015110610940258e-01
-5.812831182024444931e-01
-4.994019691177458142e-01
-1.177228665007934438e+00
-4.689927582495698188e-01
2.124568099315447267e-01
1.060043583949586976e-01
-2.913291087748137165e-01
1.156480833230092653e+00
1.101854816758585931e-01
-3.966126910744030010e-01
-2.912452986819691336e-01
-7.446668643193861403e-02
2.752896484950762557e-01
3.472891090609521170e-01
-4.946100846764256431e-01
-3.235695526321356597e-01
3.233275337876578281e-01
9.293298921143078317e-02
-2.683451731342844648e-01
1.107673613557392037e-02
-5.824008585644621094e-01
-7.372951292884735164e-01
5.499513322863427423e-01
-8.403814838793370878e-01
-5.762324727758428855e-01
-1.114939334659742709e+00
-1.260470856863147526e+00
-2.543762539951731627e-01
-2.494221647180250856e-01
-1.220496595424548580e+00
-7.184522645991648915e-01
-2.628567617327323136e-01
-4.447538948167170658e-01
-7.693101773060836424e-01
-2.418714971123316071e-02
-2.965593057078825812e-01
-1.221955353848027004e+00
-7.118384240814374930e-01
-1.111678285013855794e+00
-6.127710228101869161e-01
-5.698211896038906099e-01
3.831081894334550375e-01
-5.381016562436672507e-02
-8.230891961546443758e-01
-1.353216767523673925e-01
-4.141296431985528326e-01
-3.855774530587275928e-01
-8.276269287808187824e-01
-8.108343749848400117e-01
-2.091799756468679661e-01
-4.634596083554036183e-01
3.301942426087470794e-01
-3.489047525833350871e-01
-7.062599967855247574e-01
-6.328985486285495510e-01
-6.521743698776268916e-01
-5.225233286640416086e-01
-3.845003921700786420e-01
2.012756909558759133e-01
-6.945107792967272209e-01
-1.287306703009706010e-01
-5.734060111142186278e-01
-5.264048166833553699e-01
-6.246626877484917628e-01
-6.925485327680888092e-01
-1.773052462850061572e-01
-5.384174100342816738e-01
-8.414226610278179308e-01
-5.675809387078757373e-01
-6.496182517312797389e-01
-1.227173381831187238e-01
-4.597380803320805231e-01
-8.646223806045593152e-01
-4.988191646876121155e-01
-3.002671818758509414e-01
-7.033769719537424914e-01
9.998024604418233041e-01
-3.803750649790930971e-02
-4.213508209676586902e-01
1.042494909629663874e-01
-6.403992747054823576e-02
-3.892773917820751550e-01
-3.442248537142376108e-01
1.267303450386741692e-01
-4.561126358636059530e-01
-2.287161275073623934e-01
-6.474117778538329704e-02
-5.703559436548820694e-01
-1.039546725911850433e-01
-6.535664169430537296e-01
-4.896257689630483800e-01
-4.412039415764195116e-01
-9.136377644305937462e-01
7.609238285307949878e-01
-1.639570609348511496e-02
-9.592845917727050864e-01
-5.271718245821718218e-01
-1.210339768735227528e+00
2.472411139549774706e-01
-4.181851694225444671e-01
-4.799698023524763268e-01
-5.916833839481736579e-01
-1.782530889501457438e-01
-7.770458708286682725e-01
-7.202578975154353413e-01
-7.798690043196879751e-01
-9.563518714070039506e-01
-4.651506464573993416e-01
-1.162963114584281366e+00
1.696758492261045692e-01
-6.551857988386072806e-01
-7.036508204990624682e-01
-3.770063253331378261e-01
-1.695176723999219925e-02
-2.792987853341136750e-01
-6.498788049670228828e-02
-6.391405481780368936e-01
-5.533659518017226553e-01
-7.490893958074856807e-01
-4.006874034917082827e-01
-1.088004112791530531e+00
-7.791188796342033429e-01
-6.881358336676527410e-01
2.892353891263046983e-01
-6.018253847159248382e-01
-4.414565787910939010e-01
-3.661859795403318296e-01
-2.871695785296287107e-01
-7.079675622866735685e-01
-1.305604547470598176e+00
-3.902398538945170414e-01
-2.679845965463003576e-01
-4.285621863151471422e-01
-1.711764135262578562e-02
-4.866557163756499160e-01
-6.087276502291013580e-01
-5.081067637806541137e-01
-5.054248965889799328e-01
-4.020156274402110763e-01
-2.536502972039147430e-01
-6.229383837224119480e-01
-8.826670404360850153e-01
-9.246941332843017225e-01
-4.166435622658670734e-01
4.622081883268402275e-02
-1.068542658956477487e+00
-5.169295943872310728e-01
7.082968236855109734e-02
4.213358188603994470e-01
-6.202478982923689266e-01
-2.551081589015516959e-01
-2.905964958299201428e-01
-3.355737308935272806e-02
-1.088849399092208792e+00
-6.332933604856931797e-01
-1.776734351748527341e-01
-5.565872126157146438e-01
-9.989480075617833688e-01
-8.084910118616096542e-01
1.176907971424463184e-01
4.105886580838031263e-01
-1.222176061164903293e+00
-3.022323669998220330e-01
-1.371983452770133283e-01
-2.313517000316239469e-01
-5.955179190754178453e-01
-8.555612238066624409e-01
-3.274142339615727648e-01
-6.014562378633611095e-01
-8.731093397908981091e-01
-6.410172410120456021e-01
-7.320619843568021423e-02
-1.099401423209384610e-01
-1.331662240629520599e-01
2.823418575875984507e-02
-5.592019539075614443e-01
-8.568944332784722562e-02
-1.167694608475906781e+00
-6.833764178191442662e-01
-8.039110479321908143e-01
-6.773051824828653089e-01
-1.554983416085231884e-01
-4.932527377568379778e-01
-3.675934858498650093e-01
-1.153064561291075263e+00
-1.617318110221745986e-01
1.266689254392341923e-01
-6.035867104601814193e-01
-9.735295220567953267e-01
-5.738563766338057315e-01
-1.022739139545553871e-02
-1.339194082060460200e+00
-1.691078360555404447e-01
-1.187735153431399848e-01
-5.604264734611764665e-01
-3.440408633163000857e-02
-1.045491926401084903e+00
-6.620286607353939035e-01
-1.367234948233128078e+00
-3.514486007818865554e-01
1.642926275359642141e-01
-7.925087607833457559e-01
1.271232876123869204e-01
-5.846450959985438622e-01
1.554345955880897245e-01
-6.503520985921631414e-01
9.169405865414499424e-01
-1.115365693767130129e+00
4.118795946838941791e-01
-8.952381062712688742e-01
-4.521368845573088269e-01
-5.465855632826492894e-01
-3.381102043827546311e-01
-6.676226430941447632e-01
-5.811053622487023507e-01
-5.370470363099764111e-01
-2.168428342305394052e-01
-8.969605057566507056e-02
-2.721960225343528217e-01
-2.906264403745976721e-01
-9.885931221128774204e-01
-6.497331426440263735e-01
-7.885987449935950577e-01
-2.126337705770718622e-01
-4.197051537904288865e-01
-5.272498367388044338e-01
2.255184534265211871e-01
-4.364171365943579350e-01
-2.762646355215296334e-01
-4.008451383187622286e-01
-5.884746961468485527e-01
-4.892682448635283787e-01
6.885663766536666008e-01
-1.881112571763793040e-01
-3.800941488409512736e-01
-7.727921880752708361e-01
-7.090711311215350809e-01
-5.766855839007353213e-01
-6.855797584802678646e-01
-3.916570780447297673e-01
6.134436261087513609e-01
-5.885169562539778187e-01
-9.329381060911387524e-02
-2.585237317190687278e-01
-3.577985363098223903e-01
-4.273814329730826755e-01
-1.790337872850867318e-01
4.043007193336966565e-01
-5.618484071079380415e-01
-2.368070313900234036e-01
1.737434773111045869e-02
-5.409174683485771240e-01
-7.868917191760593788e-01
-3.518097953940860917e-02
-6.961531040745508880e-01
-2.027880257609491477e-01
-6.699712123454104606e-01
7.342148927682427828e-02
-8.602645887983165762e-01
1.257681454244018227e+00
-6.463727034325617016e-01
-1.114504985829536832e+00
-3.940204009421712783e-01
1.947028618802749966e-01
3.924314204243609105e-01
-1.052745906288338716e-02
-8.753301166853871829e-01
-1.807587361864456121e-01
-6.101905242656586736e-01
5.318689549752682044e-01
-5.249358112999191750e-01
-1.343437932859288253e+00
-9.361669630756683791e-01
-6.213567385967806028e-02
-1.214350910330558586e-01
-4.667312547281707857e-01
-6.840116650600603920e-01
-8.543212921634596446e-01
-4.510795268319243156e-01
-8.792966610367167757e-01
-3.481144887638530361e-01
-5.479815745962278717e-01
-9.772038789838015660e-01
-6.012231029591099674e-01
-1.114145322576697961e+00
-9.264335982849748463e-01
-7.611690108039855795e-01
-4.295504499208563920e-01
-3.155548129029895343e-01
1.283396907206629245e-01
-6.295632256718411424e-02
-4.672427849879086659e-01
1.202076478081754995e-01
6.203467234091311622e-02
-3.305200287422446204e-01
7.199663140852977650e-01
-9.055264608570828821e-01
-1.263500098614819711e+00
-4.289362955916872222e-01
3.206842251364411256e-02
-2.337137873977680191e-01
-6.736099551097853855e-01
1.013637297187470060e-01
-1.891449045100946635e-01
-5.698914733521991405e-01
-4.372484358755591716e-01
-4.651324547242206564e-01
-4.153984928624820938e-01
-5.731884600765426580e-02
-2.337038861266444723e-01
-5.219464783603766644e-01
-5.354329078528263786e-01
-7.709043651963898292e-01
-3.834620916278772551e-01
7.244861514329794527e-01
-1.087597238040652670e+00
-1.158160014507669366e+00
6.871900324551143135e-02
-5.418374848220444129e-01
2.746518013227293720e-01
-7.020985325599204963e-01
-8.734332257902380769e-01
-7.956584260046543067e-01
-1.035170156378693029e+00
6.261107483083191982e-02
-4.682298424801031173e-02
-7.099738226457431578e-01
3.725113200611553932e-01
-6.089494110282798189e-01
-9.525861419451580048e-01
-5.570486683508926173e-01
