-5.237115220711416885e-01
-7.667427184684637576e-01
-7.237571909606113629e-02
-2.749064119857278499e-01
-5.003906490460643952e-02
6.090166940837370424e-01
1.913422202747751266e-01
-8.475857662555905669e-01
-1.909848186264118397e-01
6.368168737895699150e-02
-1.188089023219761203e-01
-7.927930070102745530e-01
-3.208474670358691938e-01
nan
-5.135693315216259824e-01
2.498573868807481835e-01
-1.260097937889666397e+00
-1.029919375882794252e+00
1.551793657069936057e-02
-3.705540820078143116e-01
-1.387620857825255793e-01
2.181052815536790312e-01
-3.467282226583393023e-01
-4.720911096948925967e-01
-1.119600422540019229e-02
-4.296717858987915695e-01
4.877230825035498984e-01
-7.051644730787340887e-01
-8.089450431705274003e-01
1.941775971126113165e-01
5.179857304051290745e-01
5.571901711062505758e-01
2.902046362420427905e-01
-9.611603288616212826e-01
-5.781258357405210518e-02
-4.350921376650236927e-01
-3.870714363146307013e-01
6.077843477687362439e-01
-9.885201442761688551e-01
-4.386648127993996726e-01
-7.507060395394955510e-01
-1.461953722949316525e-01
3.054721561081657488e-01
1.465655282875263921e-01
1.985243260591092879e-02
-1.074011338227247592e+00
nan
nan
-1.392773059915438649e-01
1.166245498110046325e-01
-2.877927516222054116e-01
-8.119823126347358588e-01
-1.281501744863845715e+00
-1.851622242307654209e-01
-7.506948613305183260e-01
9.924819040394851077e-01
4.498246304885012981e-01
-3.353518715324561028e-01
3.909865290884408373e-01
1.189778287729730821e-01
2.807139000873299928e-01
3.002235739267333225e-01
-8.295673857917733596e-01
-1.242308255508193904e+00
-4.149763182223555891e-01
7.150114790178543345e-01
5.974175160142309871e-01
-1.090234659029248654e+00
-8.378325984815220284e-01
3.575366155575873117e-01
-4.766062546731809624e-01
-5.213598580576124242e-01
-7.106559238333008954e-01
-9.213812720042171556e-01
-4.464729545084706874e-01
3.225540520010287127e-01
2.645482253609490186e-01
-1.041213582795149417e+00
-9.419332647071775311e-01
3.564057744590848342e-01
9.765552793523951669e-01
nan
-6.456159138724326674e-01
4.201897120648599021e-02
6.092732893041438724e-02
1.629648977329817561e-01
-6.408888475565734932e-01
-8.670437121236969080e-01
1.864124048092521690e-01
9.137251098245727787e-01
nan
-2.996517391773467764e-01
1.752311065230020004e-01
9.224064501246314052e-01
-5.607046315962653793e-01
1.533467339678387387e-01
-4.303505730373403115e-01
9.576229614644593546e-01
5.518120014282731217e-02
-4.574112895841306869e-01
2.202732151039845099e-01
-1.386942236627760061e-01
4.847986822835620435e-01
1.536768446176371317e+00
-8.962420237937938072e-01
-8.747343055973192394e-01
9.391217953406369792e-03
5.504006003238761657e-01
-9.296180535710079074e-01
5.238696311299635422e-01
1.584703342202580800e-01
1.701750799207016329e-01
nan
-5.513594234087835222e-01
-9.723068095758635732e-02
nan
-1.179816736650522113e+00
7.887303843968948014e-01
-7.984312980903343071e-01
-8.426838825261714350e-01
-1.725504097021574867e-01
-4.750567226196674708e-01
-5.452006667050256217e-02
5.293185861546835236e-01
nan
-5.160041599916128652e-01
-2.648473703831976667e-01
nan
6.007476864983986309e-02
-3.531299217217537256e-01
-1.882670976774254434e-01
4.871283062391671415e-01
3.056650313909075600e-01
nan
-6.615137947198020951e-01
-7.622750128520335011e-02
nan
-5.703067857131770557e-01
nan
-1.114076521568081679e+00
-3.499721441876911809e-01
nan
-4.410015901115400538e-01
1.803014652534078999e-01
1.941368673542991433e-02
4.258191586424319164e-01
4.721095699644517474e-01
-4.635324792674344052e-01
4.083627451363408545e-02
-3.688245969189515860e-01
nan
3.777121953919218567e-01
-4.077023664434525907e-01
-5.225041681482619493e-01
nan
5.094507169760911225e-01
-5.206908927517807095e-01
nan
-4.095362160888387226e-01
-3.500226561184789920e-01
-1.673704409803904170e-01
nan
-3.327972317944015712e-01
-3.272646317273287253e-01
-1.208043251904337562e-01
nan
-3.862155474781077680e-01
nan
-2.205967014104914525e-01
-3.675185003190589716e-01
1.745249333020272853e-01
-1.989204278490661892e-01
nan
-4.807798968537590478e-01
1.173545492402557622e-01
-1.152117815690915759e+00
-9.059418498683730059e-01
-2.185612636033873180e-01
-5.962344631472786816e-01
2.820192024874059178e-01
1.576517368282268627e-01
-1.149176402995812030e+00
-9.370440553720814358e-02
-5.883660402351295060e-01
2.273922973500711042e-01
-4.922231330856339793e-01
-9.827456454916552175e-01
-8.986123090215154541e-01
-5.652567950122866502e-02
-1.004839472295435687e+00
-1.062751940568376074e+00
8.038883341287164086e-01
-9.281345432326553180e-01
2.876223758029161637e-01
1.623407815946611155e-01
nan
-7.398257194669550785e-01
6.778669294236852605e-02
5.094217735281394432e-01
-1.025337718615962679e+00
-1.606406359066710754e-01
8.658240446153668834e-01
2.401048632269045524e-01
-9.344559892136727886e-01
-4.994474949181407775e-01
-4.259677349505393007e-01
2.975871203953140420e-01
-1.186325912195220100e+00
-1.649922200315089571e-01
-7.891380770125755451e-01
-2.281419215204306961e-01
-3.694780139985877065e-01
-8.885278868584597367e-01
-5.159586114505815280e-01
1.643078897792961124e+00
nan
9.018061989028128833e-01
-2.912900277765473889e-01
6.726872476050055338e-02
-4.513058938861497782e-01
8.419023676988071081e-01
nan
5.776172621057682616e-02
nan
4.859132118961914659e-01
-7.117370178651029056e-01
nan
2.887623765721948968e-02
-1.737511670312297529e-01
-1.006077048103876326e+00
5.719315192322650399e-01
4.113157616215008111e-02
-1.033847379229928087e+00
5.482624131932954947e-01
-3.011887150430210269e-01
nan
-5.674230163242849345e-01
6.713304529979597923e-01
-4.450638536048617810e-01
nan
2.873361090075960966e-01
-1.214208459085083097e-01
6.083901782101245326e-01
-1.207761332061812576e+00
nan
3.732998897490330537e-02
-1.183402728923886427e+00
nan
-4.098188545088464196e-01
-4.805447842577663664e-01
-2.801366114181272696e-02
-5.877639901979604398e-01
-4.055988326674158512e-02
-1.067056315158977142e+00
-3.703767067408179625e-01
-1.211251256254332886e-01
-9.890933810886604061e-02
nan
-1.242750848346563908e+00
-1.234826513931818470e-01
-1.768587562926597079e-01
-8.457764648261312246e-01
1.375074386807908222e-01
-6.624217705778410181e-01
-9.430884967917797512e-01
-8.944869975622721237e-01
2.940961070575686676e-01
-1.585563383379121338e-01
-1.059240860190955758e+00
9.262220088372917493e-02
nan
5.412563368039093742e-02
7.859140205313613903e-03
-9.803495883873414307e-02
3.214080824524143121e-01
3.585807708905041635e-01
-3.728851914126152939e-02
-5.006600440100377192e-01
-1.011012092337931323e+00
-2.955761148323404752e-01
nan
-3.517227373612834551e-01
-4.603498721970120666e-01
7.327770703427760601e-01
1.769327895766781567e-01
1.599895139180166487e-02
-8.155405647848145145e-01
1.535612336072754713e-01
4.235650640137666456e-01
-9.521204205919824304e-01
-1.337377090384399114e+00
7.850489500902332329e-01
-1.184202995384358026e+00
-4.579368846683021244e-01
1.070473218709303148e-01
-5.094332686414211331e-01
5.675969743732256489e-01
-4.063314351817374770e-01
3.272481035658473814e-01
-1.035115167398020564e+00
-4.657680024377542360e-01
5.905419796359077100e-01
-1.083314315340555556e+00
1.324354217701959824e+00
-3.611715277453854123e-01
9.515741125114423049e-01
1.803228287205384861e+00
-4.336558310623346291e-01
-8.494246304387740309e-01
-1.912238503307084336e-01
-8.315273876355426530e-02
-7.879837561662778045e-01
-3.010763867060853860e-01
-1.041093157607489994e+00
nan
-4.463021045375970552e-01
-7.057538074097293723e-01
4.797182761269817575e-01
6.716056477884307929e-01
-5.253786958827566522e-01
-5.885706695553892809e-01
-2.195123453619072518e-01
-1.200387792965337486e+00
-2.474115457436596444e-01
-3.943213052693099185e-01
-1.721593015345488920e-01
5.583637511418936272e-01
nan
nan
1.509995225964091969e-01
-1.170058941086964621e+00
-3.208438453788582390e-01
-1.182148968695676983e+00
-1.097478225746978620e+00
nan
7.295966450875852882e-02
-8.134053012838747820e-01
9.008434718389074503e-02
2.209078832214310117e-01
7.446699270953421879e-01
-1.024491758822959619e+00
-9.896904382121796129e-02
nan
7.003019855505391300e-01
8.242508265054936389e-01
-2.864606156724800456e-01
-3.239440866030943167e-01
1.098445012951528715e-02
-3.750747292391733989e-01
2.354767266800508185e-01
nan
-4.798702001429657749e-01
-5.786782216717969440e-01
-5.654126028981463215e-01
-3.187153368565759926e-01
nan
-9.226197453062771059e-01
-3.849420366274552419e-01
-5.823056475323832304e-01
-1.094123546572450589e+00
6.240810384823638479e-01
-6.414388308010934292e-01
-1.431005936895057840e+00
1.603294211149181692e+00
-3.095846340185904322e-01
-2.330238770120830194e-01
-3.596700311602902406e-02
8.537436117854943496e-02
-5.460736853538290525e-01
-3.995733805572745378e-01
2.932556536633509556e-02
nan
-6.140191130030975275e-01
6.189315311028060762e-01
1.765705152295540259e-01
-1.945413887356378380e-01
-1.099245289436513673e+00
-2.172469882395247631e-01
4.575184673524083090e-01
1.469792311380619665e-01
4.160439013308909750e-01
-6.661483306767912449e-01
-7.685527288681166524e-01
7.292425950156633530e-01
6.259347922731978153e-01
-4.617219472930187418e-01
1.730799264992086139e-02
-3.936044765114404820e-01
-6.511228333155473225e-01
nan
5.696178002503764493e-01
-4.127707013209315212e-01
-3.316762361249422919e-01
nan
-6.145998916750080587e-01
nan
3.934858315513416471e-01
-1.819472812772602310e-01
-3.686144107593611330e-01
1.113139023711720021e-01
7.165885079970618632e-01
-3.312054394858343076e-01
-7.716154506134248470e-01
-7.492257661296211069e-01
-5.901285788393295650e-01
9.419256645955917939e-01
-1.731688785126246910e-01
-6.454352979075556052e-01
-1.799337182848203404e-02
-4.685120387444427492e-02
-2.980135623385805066e-01
-1.052306185121305138e+00
1.492465962974195634e-02
-5.771905718528745899e-01
2.669257614758471786e-01
nan
7.661334716868281602e-02
7.592581383196977951e-01
2.566781991572455457e-01
-2.881254790261071272e-02
-2.931234370078296680e-01
-5.841045367366759500e-01
-6.814067707455706557e-01
-1.148392798471643994e+00
3.870692201958071677e-02
-3.261891403714838877e-01
6.655971499422821402e-01
nan
5.909410106562663634e-01
1.117740477805333699e+00
-7.886997998361726381e-02
-2.925206419697567659e-02
6.224841681506219082e-01
-2.256503942204279578e-01
nan
-1.207079188879146558e+00
4.070247228730516365e-01
5.150206351543203942e-01
-5.066900118418540648e-03
nan
-1.112551524936012282e+00
-7.505605326659291199e-02
1.931047733590855742e-01
3.772735221558064511e-01
-3.888602426791392674e-01
nan
nan
-5.303996984084802246e-01
-7.408823443450188728e-01
1.891021222802766077e+00
nan
4.737844476782597791e-01
-5.304739387219217228e-01
-1.378906211440595220e+00
-4.391652755054756829e-01
-9.362082155827120000e-02
-2.131091389651127918e-02
nan
-1.657754113094720705e-01
-2.366177978403496418e-01
-1.106058232454608437e+00
nan
4.463508552625087278e-01
-7.445240849831357144e-01
7.415740598262260397e-01
-9.441282714813513388e-02
-9.011625606459516824e-01
-2.398214778061094066e-01
-3.698322977207527673e-01
4.095402232217539018e-02
-6.407560867122987780e-01
-1.827333553598216864e-01
5.418243131379032462e-01
4.301295882674361915e-01
nan
1.188414361144154441e+00
-2.610810070730538168e-01
-1.989721033526953564e-01
-3.962329918025754849e-01
nan
-1.059698466300017516e+00
-9.428801536782314141e-01
-8.131309788451360765e-01
9.895257093675526722e-03
-5.051539672513227774e-01
-9.288429619337879029e-01
-8.619487258530655893e-01
-4.457653772427653260e-01
-3.938834952996251859e-01
-5.645151035710541665e-01
-1.077047321780557398e+00
nan
nan
nan
1.003865309353659252e-01
6.968688381280509214e-02
-7.771777911361277269e-01
7.126921104319748901e-01
-6.815121995828210544e-01
-6.464243026727563013e-01
6.770575370088084410e-01
-1.237774307418831432e+00
-1.318532440727763766e-01
-6.022765836136908524e-01
-5.600675958587274933e-02
1.946456340610192015e-01
2.968369250048873420e-01
nan
-1.457317801266856394e+00
-3.744674231059949565e-02
6.565747217853100670e-01
-1.161167095992776899e+00
-7.044632395450163564e-02
-2.129051239070525042e-02
-1.117436034216350738e+00
-3.346260211421216990e-01
-2.277507280654049726e-01
3.125714726544603222e-02
nan
-7.050588271727420420e-01
1.575863498227045301e-01
2.226008535037848901e-02
-1.769687102606923579e-01
1.610019088208816118e+00
-9.516728930000577513e-01
1.526318541054681455e-01
-5.734571515072743875e-01
-8.176786734078097529e-01
3.891989559738909255e-01
-1.690386563239680284e-01
-6.736229078297522044e-01
-3.875465441473867068e-01
3.052713174714146160e-01
-3.880548998234838454e-01
-2.244575537220429851e-01
-2.940064411445948434e-01
2.155409134026179674e-01
-5.372753439664325857e-03
-1.048808030831002380e+00
-8.127568305578291019e-01
nan
-1.534185768846107745e-01
-2.575641334433608765e-01
3.614627208546954407e-01
6.680609505776093082e-02
nan
-1.033607835511541007e+00
5.924224183065808225e-01
-1.143780790628062372e+00
-1.497417515026985280e-01
4.155199663471296767e-01
-7.929677199480156258e-01
-1.164666005104846969e+00
-7.532565602595239218e-01
8.653127540606060375e-01
nan
-8.886351875003000167e-01
nan
-1.933326221355989860e-01
-1.527556366965097390e-01
-4.088639679004003186e-02
6.099325856537711754e-01
-1.571342496313974657e-01
9.157320433547545824e-02
5.123082140886613400e-01
5.207031034008871018e-01
-4.928669491227621879e-01
-6.672119593903735879e-01
-3.318858470436720776e-01
3.899125119869966127e-01
-3.367345685527232679e-01
6.417870054878085373e-01
-8.655894718217381767e-01
9.675510779357628099e-02
-1.314398769451076768e-02
-4.982360533396122948e-01
6.939519171895167649e-01
-2.979182908123442775e-01
-1.048934420693256930e+00
-7.280264714158113382e-01
-9.805993081507314857e-01
1.407851279003838052e-01
nan
nan
1.284645586300797726e+00
nan
5.462078624485887657e-01
-2.049001900625801453e-01
-1.916564832137198082e-01
3.764412767487277378e-01
8.706960479220079430e-01
-5.896708814170629337e-02
nan
6.912060383816992504e-01
-8.813406372420532486e-01
-1.834177040772377310e-01
6.052074188913613151e-01
8.124383502396129719e-01
2.622090900191726415e-01
1.786928528141004946e-01
-6.888760126297324704e-02
-9.749113158279339997e-01
9.986080493378561573e-02
7.946402611839213925e-01
-1.137588954785781148e+00
3.166521310358335062e-01
1.217509172821967280e-02
-1.039952821898901814e+00
-8.450392428440580694e-01
-3.797531520770356939e-01
-2.733376953294127665e-01
nan
8.571574145813799783e-02
-5.646479743696558584e-01
nan
-1.081618597273834026e-01
-7.695591016277024687e-01
nan
-3.096271227526598557e-01
4.496553838708505779e-01
-2.305058797879098453e-01
-8.964294231151462844e-01
-1.023155268796419604e+00
-2.957908372630186356e-01
2.085704981133298941e-02
-5.020386610939592265e-01
-6.416823192442420998e-02
-4.024659620420198980e-01
4.751125612187435676e-01
3.977840478943015512e-01
-1.828607126145454231e-01
-4.550854780096583174e-01
-6.884498511611661931e-01
5.223681555295843770e-01
nan
-7.005036690921511155e-01
-6.423442419426980132e-01
-3.118229112459900212e-02
-6.328822066305557492e-02
-9.881906170882753804e-02
9.015347519201041271e-01
-8.210068288859122543e-01
-7.689303500348285692e-01
-7.629249234821400272e-02
nan
-3.553306160621608201e-01
-3.883410943746015698e-01
nan
nan
7.127142500741082687e-01
-1.038059997508528509e+00
nan
2.798119582109039882e-01
1.258132049107373307e+00
-3.951023947727264063e-01
-1.084787048507199481e-01
nan
-7.558006270809300986e-01
-2.386370863132462605e-01
1.914431672004288376e-01
-2.208490632940424969e-01
-1.097516154488149542e+00
nan
-4.508285145551041428e-01
-3.010061023738090993e-03
-6.664293244128884908e-01
-6.846263480839863691e-01
1.470835089031578280e-01
8.694446388152655691e-01
-1.035638020679507942e+00
-9.286340307819335171e-02
nan
1.090750977241020103e-01
3.105306567114829996e-01
-2.475508519434992394e-01
-1.161532753688562458e+00
1.037631126668777659e-01
4.381795206451112590e-02
nan
6.314197227929947420e-01
-1.222954277674262180e-01
-1.217504079856591703e+00
1.932191391413192738e-01
-1.086021458292337483e-01
7.915784719292687788e-01
1.047530593861266263e-01
7.898561010221490097e-02
1.632373644857806338e-01
-1.525292325686699590e-01
-2.123001816846480927e-01
-8.725849820428570602e-01
-2.392306687805406673e-01
6.912442659210673579e-01
-1.063229592158596359e+00
-3.670265597950159719e-01
1.321308579334830313e-01
-3.455854232942003335e-01
-6.861873825698775464e-01
1.022858553386484903e+00
-8.602465935589795887e-01
6.735821023244422667e-01
-5.205882487702889749e-01
-2.735998454819915660e-01
-4.570473828643374925e-01
-2.947884296129502438e-02
3.056628205808450405e-01
nan
3.783352401811094223e-01
-2.174989580818401658e-01
9.503727838665497751e-01
-1.094649194863515085e+00
-3.783277819936520237e-01
-7.779924020559767506e-01
-2.053416847623765473e-01
-9.409438678703589964e-01
-2.129005726098318618e-01
-8.879395730360238881e-01
-5.190194426233719627e-01
-4.080636602771575694e-01
5.776909310731327407e-01
-7.997837611430907989e-01
3.954168579722183718e-01
-1.236851030207812618e+00
6.969997289584465294e-01
-6.522166459634450852e-01
-9.145428096074091906e-01
-1.127617049881357580e+00
5.949877030507316755e-01
-7.112215592910390294e-01
4.667412744031309568e-01
nan
6.077630171786185809e-01
4.043625955294911922e-02
-1.125323151199441263e+00
-3.096420883224058618e-01
nan
-7.462886215013081470e-01
1.440246372743578807e-01
-1.115703730252652459e+00
nan
1.734472732164993314e-01
-5.002324138077409721e-01
1.769108801776027029e-01
nan
-4.038646355600984394e-01
7.101949276397859778e-01
-3.681028843318835952e-01
7.648695137509371467e-01
3.796821279191104348e-01
-5.182427594580856223e-01
-3.778463182520633845e-01
-1.026835923467950717e+00
-5.221276695982767224e-01
-1.483473876023367610e-01
1.133398113907282817e-01
3.330863170782840110e-01
-5.084452811768246094e-02
6.686562372485601591e-01
-2.171954398128479735e-02
-5.402414787486408132e-01
-3.740017397453817560e-01
-4.966114075749548107e-01
9.546676586239075668e-01
2.479678051615040735e-01
nan
-2.915588807204904653e-01
nan
4.630730594536995315e-01
-4.747646377191304667e-01
-7.517628219465991579e-01
nan
-2.619310101348827358e-01
-1.262401653936766621e-01
-1.014664802883802563e+00
-4.440796879122648200e-01
nan
1.054481591905999327e+00
nan
nan
nan
-9.340543674201484681e-02
5.088176539359906547e-01
-1.015337452579301969e+00
-3.129807638398178771e-01
-1.150839689479508654e-01
2.227299936017641813e-01
-6.338845039663003611e-01
nan
4.817535612786869037e-02
-1.005363189534413060e+00
1.289796302182724341e+00
-4.310926355130986765e-01
-6.295855290485134759e-02
-1.079118972147475652e+00
1.305279981013827584e+00
5.088969215503941212e-01
-8.804731960481511077e-01
-3.882039667930335392e-01
-1.021268187735190569e+00
-9.944625470098138187e-02
-1.197371667073324625e-01
-1.254163021706468928e-01
-5.796876223216876900e-01
-3.421778932369290427e-01
-1.114961078975594128e-01
5.739475746947850232e-02
-5.252736235121420183e-01
-4.309437020515027306e-01
5.251899003655884773e-02
-3.521458903346688651e-01
-1.069224187040538565e+00
6.185473470877453916e-01
-6.626110521114635388e-01
nan
-9.274406457744173438e-02
-1.117237442759469124e+00
-4.608866345923534058e-01
-6.740588450137403598e-01
-7.788209786232042076e-01
-1.894617163563712126e-01
1.844130361332116386e-01
-9.764368199641638713e-01
3.246066241564304899e-01
-8.883377857016632184e-01
3.053756588986260012e-01
-7.710294097074622544e-01
-1.060117744943616103e+00
-3.309156451495719464e-01
4.846296510974315019e-01
-2.561005682561509067e-01
-1.646161938138809497e-02
5.594191476499119631e-01
9.402590054045694146e-01
-6.939006701122085730e-02
-2.175821540105787877e-02
-9.971350906653858592e-01
nan
-2.294225149392379315e-01
-1.320046410368787448e+00
4.927178561447682209e-02
3.107683530072734984e-02
7.188652527237765488e-02
-3.929285159563397078e-01
-2.440983041328014247e-01
3.260833350211979065e-01
3.138343184432074162e-02
-4.073026573964165231e-01
nan
-7.263660325655705297e-01
-4.091255947596502685e-01
nan
1.430118018921990419e+00
-3.563797082960171170e-01
-9.909776764259707882e-01
-5.991793260603286431e-01
1.152732576480000465e-01
-1.236001939877214184e+00
5.684062769682025618e-01
-7.926639823148713404e-01
-2.041206738519891692e-02
2.306686294626938694e-01
-9.147506332948491803e-01
-9.257975645202830561e-01
-4.973988117872805148e-01
5.244139764400028714e-01
-6.519319532471679057e-01
-1.249840537148112635e-01
-4.668150729883401295e-01
1.637826293887437445e-01
1.425402516683622611e+00
-7.958776988220439552e-01
-7.564012209030959166e-01
2.477216282578112994e-01
-1.233971113835582001e+00
9.396957385450269151e-02
-1.031708680389787469e+00
-3.102318278995187528e-01
-8.667439604947253518e-01
-2.153234375673244994e-01
-5.187074987491040456e-01
4.342590292121069062e-01
4.626389566624410365e-01
-9.017643541782460748e-02
-8.944266902202059610e-02
-4.427745949219544785e-01
-1.110711056061519875e+00
1.446841673460571576e-01
-5.215288042066655860e-01
-5.617468897850236287e-01
-7.880803698054317241e-01
-9.907181957852087550e-02
-1.149966464391693893e-01
-5.534673167175931940e-01
3.316143337650326317e-01
7.246665994824451340e-02
-6.137517899999301862e-01
3.768215002778096401e-01
-8.493959941884571263e-01
-1.248840131691300037e+00
-6.938341910346976782e-01
-1.160077588606479720e-01
-1.881729267439017639e-01
-8.805546406641826529e-01
-9.428761491152362617e-02
1.269054686152478462e-01
-3.551456278301807212e-01
nan
2.015567569707600246e-02
9.970961676652304040e-02
-5.287122192681399380e-01
-5.309888654994341373e-01
-3.275055266063417458e-01
-3.776246845789996698e-01
nan
-8.093751702611021726e-01
-6.479640756518079137e-01
-1.273663322595608993e-01
-7.197277174971039582e-01
-1.726962799530386283e-01
nan
-2.405126169006931158e-02
-9.428867317042176344e-02
-3.547813599032081933e-01
-1.723518484124461070e-01
-2.112296922034808677e-01
4.060278260520480131e-01
-4.472418753819498161e-01
-6.437915488218656224e-01
-1.043139612082283202e-01
-1.204490592574828378e+00
2.291745782838710277e-01
1.193085180896233388e-01
4.030766112367615284e-01
-2.978138935727580594e-01
-5.812464621882472704e-01
-1.116934608155135900e+00
9.840704464066257762e-02
-3.024405040811257717e-01
-1.744387695463529842e-01
-8.921340666703105882e-01
-3.199074732731364556e-01
-4.319966003439899005e-01
1.676142442411495681e-01
-6.544571330152799682e-01
-1.030764219300468909e+00
-2.054467865646599223e-01
-3.651646833255088320e-01
4.200218877104424098e-01
-4.282744020255421225e-01
-8.939076732264512604e-01
-1.052809011940825795e-01
-2.704180813202846090e-01
-4.707228751900923713e-01
1.021989847861651812e+00
3.537411866243033720e-01
-3.873100457365073468e-01
-7.987331541005423530e-01
4.202359025328356035e-01
-8.002282803217866114e-01
-1.589999963863157062e-01
-9.316394691437493436e-02
-7.660673066672751830e-02
-1.018242175998197441e+00
3.603132266653684135e-01
8.619852743878537726e-01
-3.229026547275637982e-01
1.612042440358838757e-01
-6.443062836680081562e-02
-3.708923727612777888e-01
1.183449926760974935e-01
-3.356913333265734711e-01
-2.050858907656819274e-01
3.326290861641961194e-01
-5.666184140628376387e-01
-3.379693763978550147e-01
5.721050420175881612e-01
1.794463548032277089e-01
-9.342043816961039804e-01
-1.040300480091573387e+00
-5.466472628974422543e-01
1.748305856587063223e-01
-9.026613206553817381e-01
4.147943600482929538e-01
-8.187017481984961709e-01
-5.024860449723121958e-01
1.744118692804040582e-01
-4.843721503744837786e-01
-8.884514285348051044e-02
5.263694218678006687e-01
-7.000920648129158597e-01
-1.158802538335844678e+00
-2.932944153724257874e-01
-6.715065995335508520e-01
-5.324085911567336682e-01
-3.605180227155105332e-01
1.666157927418256968e-01
3.732636678659995155e-01
-1.033931895181278371e+00
-2.112940415926680970e-01
-4.631454619761007918e-02
7.550635828762004564e-01
-3.635332271989077935e-01
-2.297941855111419462e-01
-8.121343407513802459e-01
6.457030304248966013e-02
-5.085643621744415643e-01
-6.549339434986078956e-01
-4.372851783693164074e-01
7.864881611173545339e-01
-9.493402281889558036e-01
-7.213163904647400537e-01
-2.338188127379037806e-01
-8.465144692016662864e-02
-2.134445768896527373e-01
2.965692919880561496e-01
-5.464291938524531433e-01
-7.943635673866289437e-02
9.354551112724086570e-01
-4.615321599202092395e-01
2.032069024778838592e-02
4.657656125786238666e-01
4.812071405848054595e-01
-6.899699348445902380e-01
4.187369860570992475e-01
-4.771274727637561108e-01
3.622000259788286936e-02
3.664273327294057525e-01
-6.303964355115827534e-01
-5.397506686406959853e-01
4.815827698142011865e-02
-3.091520251006726339e-01
3.558638441301789079e-01
-3.840148930093372215e-01
-3.891437171278999685e-01
3.845568307934679741e-01
2.538687761275472132e-01
-4.832577069678084536e-01
-8.690328699587560601e-01
-3.484504902073042309e-01
-2.259283641354837835e-01
-4.607859340265924031e-01
-3.645023774567835995e-01
-4.878209424030868768e-01
-5.558230550132738923e-01
-9.638787126998589194e-01
-1.197353754360035438e-01
8.612177229964044223e-01
-2.377136517602523591e-01
-9.720727159639630521e-01
-4.020768983401999952e-01
-4.230610871640578252e-01
-2.786712271959490006e-01
1.474156808801549701e-01
-5.806950893133342451e-01
-6.631627169694963575e-01
-1.011603032075215902e-01
-2.349573275751652979e-01
-2.283639793054156875e-01
-4.571976203065847844e-01
-4.384918704442368198e-01
-2.203089667888905034e-01
-2.597373782818946930e-01
-3.784755212764052690e-01
1.512120108555872755e-01
-3.508843492300230960e-01
-1.019565124351280161e-01
-6.183811159469881913e-01
1.625982571962518441e-01
-4.402279373207769742e-01
-6.493762608577509088e-01
-4.690813852113925320e-01
-9.815542947047060929e-02
6.412865832127895294e-01
5.644359610370489611e-01
3.241613114373164684e-01
-8.261022026682569575e-01
-7.197544029958328204e-01
-7.207846888662611251e-01
1.097733005061643174e+00
4.734881848529245429e-01
-5.913852096492819843e-01
-8.888744588190413687e-01
-8.093672956249446937e-01
6.642109443944103075e-01
6.392157725980835981e-01
2.530556205691289473e-01
-5.211772645271932347e-02
8.571414802303273239e-01
-4.260743797099688090e-01
4.242392012725335754e-02
-1.373104322288044299e-01
-4.631809338605880066e-01
-3.049991855489270765e-01
-7.091204435429242503e-01
4.745515415586854524e-01
-6.824005598008029416e-01
-1.906446583417952811e-01
-6.040136418046394146e-02
9.098826465248640583e-01
-4.147610682726562970e-01
6.950060793810800552e-01
-1.270591697352703095e-03
-1.020518334987202902e+00
4.920382135516044864e-01
4.765943306656788003e-01
-1.402735925615042012e+00
-3.705422223198540643e-01
1.306538201847781799e+00
2.700680694182322483e-01
-7.004317907262673781e-01
-7.773082563672688572e-01
-9.788866986168497375e-01
1.070611949038246802e-01
1.559063264808588367e-01
-1.478596692843875127e-01
-9.415672762540344687e-01
-4.568086819233806994e-01
9.169650533340055476e-02
7.242615771373941969e-02
-5.723355526460127685e-01
-3.124389875724420396e-01
-2.326185350535708574e-01
1.059138517879822938e+00
5.908820723739295622e-02
-4.623514970884383679e-01
-1.157964463346806250e+00
-1.881305531230678674e-01
2.744370540985897888e-03
-1.663516860280670473e-01
-5.344440768821129284e-01
-5.813044338096772234e-01
-2.136607732833918638e-01
9.339736197070964696e-01
-7.399849052006096661e-01
-1.975084316396017170e-01
3.506160170198245173e-03
-8.474991329497780779e-01
5.478131471126236997e-04
2.991230213042898600e-01
-8.135137416208653161e-01
-2.172308106329070565e-01
-7.941664512081833549e-02
-6.704416415473891666e-01
-7.696638783816730500e-01
-1.321427944105810215e-01
-7.688745372988697868e-02
4.885088247317220800e-01
-5.805458676285912833e-02
-2.383401754359679992e-01
-4.935956729529970000e-01
-4.047457722903603505e-01
1.360867889437712419e-01
5.228815248079037303e-01
-4.108609897423389223e-01
-3.574545310632205042e-01
-4.999158222400145180e-01
6.368560028051328814e-01
1.058995913206665307e+00
3.905436857602400114e-01
-4.094331525588694731e-01
-9.327679338642612672e-01
2.041252889762410205e-01
2.163288646884981015e-02
-2.124233511039190503e-01
-6.228393699785433890e-01
-7.433147143498608500e-01
7.075073547935397666e-01
-1.226753042271934435e-01
-1.252985977298289684e-03
-2.809327869707865521e-01
-3.298464809917919793e-01
-5.490867713309123266e-01
9.264901696339653339e-03
7.686259822053174151e-01
-1.786559768334190224e-01
-1.665658506947562678e-01
-7.741945375159029474e-01
6.519017610176626176e-01
-3.523382029779323910e-01
1.330811088549778420e-01
3.846305587709116236e-01
2.576186066525880045e-02
2.735198156605231357e-01
-1.138150510875340360e-01
-5.301263510478056995e-01
-1.534188567751067489e-01
-6.955184832655689764e-01
-4.170223386199962690e-01
1.192065744077786399e-01
-2.344775470106302828e-01
1.920742661927742345e-01
2.949976083708012037e-02
-4.455313880174111008e-01
9.675979600125574065e-02
-3.943184931363302170e-01
-5.521523503377963049e-01
-1.216177897695191155e-02
-3.828929274260651772e-01
6.642385612811589901e-01
-6.622412899672729392e-01
-1.169638845733951271e-01
-7.239250828664617332e-01
-2.565088546128665992e-01
8.702528199039825940e-02
-3.051647041678456906e-01
-2.568135574929418241e-01
-8.729751786648074496e-01
-9.383844743591200910e-01
-2.225685434342480618e-01
-2.665977606530529620e-01
7.694258897055936686e-01
-4.112403613961616855e-02
4.805115001309973044e-01
-9.278932897482026210e-01
-6.587976626165146232e-01
-6.166739633302670276e-02
-9.489040554952521411e-01
-3.937787108850134277e-01
-6.118221557290710599e-01
2.895330193227261817e-01
-7.259801686498237351e-03
-2.416295554382998645e-01
-3.572876738703456012e-01
3.246785190333440624e-02
8.597979583116345248e-01
-1.876429554929271160e-01
-1.094368065752667901e-01
1.379687120963889180e-01
-3.665458713576679184e-01
-3.652107944056162681e-01
1.047285917085390844e-01
-5.338162718864108980e-01
2.268529783741062011e-01
-3.606698587864455852e-01
-1.574535459591227399e-02
-5.968683503537979274e-01
2.947769681027788413e-02
-6.242826362888137526e-01
5.228840675923239478e-03
-1.512531365499635849e-01
6.076242724222532532e-01
-5.856371732915572892e-01
-7.004174869480835897e-01
8.710095516995428055e-02
6.526300349864218031e-01
-3.292303393919288057e-01
4.485147484563560272e-01
-4.587498585810346752e-01
-1.512049842208032339e-02
-5.397610008643513035e-01
6.626752065146754300e-02
-8.556275799533968884e-01
-1.027359774282504412e-01
-1.311283129244907864e-01
4.036538099007259267e-02
-1.209361402497362431e-01
-9.005181647666518074e-01
-6.634284204606193391e-01
-2.564402831465103505e-01
-1.041759241740906283e+00
3.905049459884079588e-01
-5.044013829561270201e-01
1.171520964841297752e-01
-3.376881162746141474e-01
4.225801809113653440e-01
2.060560470459076032e-01
6.398554554823133733e-01
5.691293725751555010e-01
4.348096997494014238e-01
-1.443826417951934449e-01
3.778370075706630749e-01
-7.209584932139165292e-02
-8.242815820723358167e-01
-3.361146375080026893e-01
3.900109267700059279e-01
-2.516697699584032888e-01
1.001400863228594368e-02
1.047808451956999232e+00
-2.143455327643395761e-02
-2.005402676152188424e-01
-6.815017230028586059e-01
2.409340731026627935e-01
2.758840402288511573e-01
-3.517165090754953427e-01
-9.250094050318181937e-02
3.675407722887951145e-01
-9.800375874948639640e-03
-4.808007921575769839e-01
-1.735148679034385355e-01
-7.908436295710187247e-01
2.344496534044924752e-01
-2.792485128631256308e-01
3.311976707782371410e-01
-7.491699682699848317e-01
-3.652805961587726191e-01
-8.257743787763657251e-01
2.879063276036124275e-02
7.463314936813523204e-01
-6.212867350332625938e-01
1.564426826099195034e-01
-1.367268162012503230e-01
1.299723135634925364e-01
-4.585994876125693009e-01
-8.194625540855491330e-01
5.337909928140532889e-01
3.315482191943871192e-03
-6.693369999579771301e-01
-9.535324169982328790e-02
6.711248979911049739e-02
-6.420643034564698093e-01
7.381963439240578351e-02
4.075232484608569405e-02
1.383747847241997009e-01
-9.513817377762183725e-01
-4.963861912942597043e-01
-2.541639623067980941e-02
3.176141604322502698e-01
-3.222849367651729052e-02
-9.032508560236839068e-02
-5.458066274243221772e-01
-1.058244829774136198e-01
3.583822376958565314e-01
-1.334834103129291238e-01
-6.563745621306010802e-01
4.799845871527181895e-01
9.709976108083635538e-01
-4.621138212174334403e-01
-2.608444581729942868e-01
-8.252454812617912583e-02
-8.785834993959069916e-02
3.985411124040950659e-01
5.402390565225773274e-03
-1.037612848198103732e+00
-7.609717157076222316e-01
6.538962931372935966e-03
-5.769985069972942693e-01
-2.388677608984025313e-01
-7.690909601818203267e-01
-2.086666365903490639e-01
-4.809498141926969450e-01
-9.330039772908326201e-01
-3.965748985522113967e-01
3.807009539266539844e-02
-3.744643111714613948e-01
8.211873393341441452e-02
7.115872639148849155e-01
-6.160226883477708526e-01
5.835814752755029249e-03
6.239659656623057771e-01
-7.261474508723791965e-01
3.494778045630343444e-01
1.259355040884337362e-01
2.743563042127906693e-01
2.337348859314399702e-02
-9.261512055002274479e-02
2.037137729618733462e-01
-3.806790794957815027e-01
-6.526433071833948052e-01
-1.159151401056129557e-02
-5.946537561190625709e-01
4.989164100338334684e-01
-9.467920062632609879e-01
-8.389986608173355398e-01
-6.218574323898471423e-01
-5.245253348309272257e-01
-8.913055543765189270e-01
2.676608039912600767e-01
1.642074025325870185e-03
-4.346061657229528530e-01
-2.813155240543029345e-01
-3.448257374538476472e-01
-2.161389889064674885e-01
-2.230152742750992623e-01
-7.007367976302851520e-02
-3.053467145496252533e-01
1.637701960952350488e-01
4.609078078891463148e-01
-5.397426991146185848e-01
3.395509023871821630e-01
-7.018800649509687739e-01
-6.401111838128157316e-01
-9.501587164454300405e-02
-1.118683162802964315e+00
-8.632184398563720329e-01
-4.687142627806683559e-01
4.818987826372615746e-02
1.607294211297340680e-01
-8.421513300575499406e-01
3.812850848995186226e-01
-5.947760977633668178e-01
-5.651118750489049214e-01
2.873829074060146316e-01
1.454689775668416840e-01
-2.089650602938279700e-01
-2.081454584249352036e-01
5.917042166207458348e-02
-2.594627806477581289e-01
-1.029484421536140393e-01
-6.518105413768646716e-01
8.561920597635558350e-02
4.030350888068025272e-02
-2.100833675488938956e-01
-7.495828388649820040e-01
-3.662257775570954693e-02
-8.585181271919783974e-01
-4.837464834053824547e-01
-1.636561988194270012e-01
-3.044466496085101448e-01
6.589042909862782293e-01
-4.160829375931932583e-01
1.554414250992562085e-01
-1.970189968176454809e-01
3.179643061152913619e-01
-1.102707313943924072e+00
5.946322578790219637e-02
-6.184545359262824116e-01
2.339879960721260588e-01
-8.897334067155008297e-01
1.599956195099001277e-01
-4.801560541821618955e-01
-5.582135328958889170e-02
-5.138400809641077149e-01
1.529708126937241730e-01
6.946382626996820964e-01
-4.824036436255312310e-01
1.949880210815238546e-01
-1.122153830691304532e-01
3.079823815927405506e-01
3.943798067188301892e-02
-1.228152507417263339e-01
-6.244753311179928046e-01
6.237107703554233273e-01
-5.306468543098878943e-01
-4.841408064468463168e-01
-7.344920260294407477e-01
-6.575351849188140196e-01
-2.166730904055006734e-01
-4.988225869282119085e-01
-1.706690729033548126e-01
-1.208190370353147552e-01
-9.285673938652631021e-01
-1.452468916017169986e-01
-9.858340006617800910e-02
3.640583450552993816e-01
-5.471312047943509560e-01
-1.661780371955545177e-01
-4.789411392430393821e-01
8.833955691998107707e-01
3.142358438823684152e-01
3.457944902328846104e-01
-4.728804866460046830e-01
-8.280383273440782288e-01
-1.203135644283815697e+00
-3.984381033714927689e-01
-4.690934412335231452e-01
-6.801083664344381718e-01
-4.244587475513386665e-01
-1.997306358288674644e-01
-5.974323002253533188e-01
1.342905090788206190e-01
-3.644104476444529062e-01
-6.262580978383650576e-01
-3.732742137521308234e-01
-4.123733019635063002e-01
-3.869146527577870809e-01
-1.031701124925272911e-01
4.307037534301367820e-01
3.613377628152744103e-01
-4.440744348279347942e-01
-3.784926859350458139e-01
-2.881518713713570046e-01
-4.952353168700422970e-01
3.263259526526465226e-01
-2.710744646325409235e-01
-1.026286709498078382e-02
-4.386978124824551517e-01
5.050758792855152279e-01
-5.171447754609117542e-01
-4.863916766304448441e-02
-1.334742335395987800e-01
-4.997141440322928063e-01
-1.904520613787261812e-02
4.665026255741465122e-01
-1.104289444334047021e-01
3.289311962346212481e-01
-1.641229482772745274e-01
1.860269224228114360e-01
6.303691499573130796e-01
3.894473343381503194e-01
1.631303845569257241e-02
5.383535297179100620e-01
5.533451265860270807e-01
3.398571673114261088e-02
8.423865296450073759e-01
-3.828171611779696004e-01
1.169931116885533362e-01
7.654521563660326988e-01
-4.901328362507135772e-01
-7.683314125660879734e-02
-3.852591463165102592e-01
-6.006233896169678177e-01
-3.846100741242192700e-01
3.374667885463915329e-02
1.737603440575162250e-01
1.717158271504132805e-01
2.465253840365481952e-01
2.541202037173510564e-01
-6.752789867658693934e-01
-4.160721332672567829e-01
3.706163861013007654e-01
4.835373485363029383e-02
2.545062770935223595e-01
-4.521220606699757893e-01
-1.435998291152866535e-01
1.002570977107650058e-01
1.114096696082343962e-01
-1.653893890134078004e-01
3.160507460889803999e-02
-1.277564117266573041e-01
1.202310769743782960e-02
-8.492854630543353323e-02
-6.305010216594624239e-01
-5.266038546599960402e-01
-4.205620749872525654e-01
-3.222028496412204790e-02
-4.392017618199686169e-01
-2.565043780271735949e-02
-8.556490320183215426e-01
-5.702076402361518914e-01
2.752661856668627005e-02
-2.453587583780483111e-02
-5.205621713749818413e-01
7.352320568010806134e-02
8.449911619256452594e-03
-4.371947198539498092e-01
-7.752962744020736041e-01
-4.405565263436108658e-01
4.822738258071065376e-01
-1.589447739958557357e-02
1.926026908255187853e-02
-5.066000122439333619e-01
-1.027561945477210692e+00
2.818908755743087524e-01
-5.779186916899247128e-01
3.531646874359938293e-01
3.738538914066809049e-01
-2.505245990298761161e-01
-1.338184232072895663e-01
-6.764507569845338297e-01
-6.914795100294962582e-01
1.729083505227452799e-01
-1.834748211428968365e-02
-9.806410598727466343e-01
4.812800023102435931e-01
-7.398913245931564298e-01
-8.102796180443323781e-02
-4.118939563274910398e-01
-9.198002927779116988e-02
-2.988456165117032715e-01
-5.424166459558665832e-01
-6.071017457701535225e-01
-3.260077578565388073e-02
-7.602600355145011646e-01
-2.638642430530643151e-02
1.080259079876585843e-01
-7.596062961956849824e-01
1.850761322005274045e-01
-8.414753570147649742e-02
-4.641167804681841091e-01
-6.134228809855407638e-01
-8.855614597619212436e-01
-7.286002054754284751e-01
-2.264694213368763642e-01
4.679959577629635437e-01
-6.821347610053279942e-01
-5.462104900169896526e-02
2.734262441676170718e-01
-8.189147092755281673e-03
-9.872789077294658044e-01
-8.107584203618518615e-01
-3.083328758620788035e-01
1.031157573903398461e-01
-1.007416982865892319e+00
-7.148023722206598984e-01
3.780968320824287104e-02
2.731958827522704136e-02
-7.144550985619623207e-01
2.157426569834635655e-01
-5.170124242281751714e-01
4.108876924665546410e-03
9.117080844920594229e-01
-8.538752562230025878e-02
-8.127127465211148039e-01
7.674468017001194742e-01
-1.450369490870592748e-01
1.306381262426447865e-01
1.120932124175913758e-01
-6.657215739234810803e-01
-3.214811000743790781e-01
-4.696917714815648792e-02
-4.811789628981755218e-01
3.786004539924690548e-01
3.264705521332184612e-01
-1.018040550661025279e+00
-2.253689296286201793e-01
-4.295351282302514728e-01
-9.936846755121623298e-01
3.553475800059725798e-02
3.748701091294600052e-01
-4.329824102418227683e-01
-5.832071538061486260e-01
-4.692693720997500040e-01
1.120188175272552322e-01
-8.769175994248515904e-01
8.208693003291701595e-01
-4.118872185590172763e-01
8.191039829213807300e-02
-7.789962583206756497e-01
-5.235965500387185223e-01
-1.546668030323749832e-01
-1.277075384240477840e+00
-5.349708187052730768e-01
8.677190396267533967e-02
-1.438492840955815366e-01
-9.266924447559784506e-01
-9.898771169587143592e-02
-4.757648668213770859e-01
-3.732935331194404682e-01
-1.069959868967754968e+00
-1.557638281489315962e-02
-2.554235360686860634e-01
4.428622660456431603e-01
-2.447442138242007237e-01
3.324506478387025399e-01
-5.169010910909179746e-01
-2.410534676371093865e-01
-4.924197484227567090e-01
2.922325358220630442e-01
4.163560469695726241e-02
-3.418078973226543193e-02
-3.282520006420182046e-01
-4.568806047041330809e-02
-7.069820143154574577e-02
-6.633847628182109046e-01
-3.736128709468545250e-01
-2.443771051218546209e-01
-8.393709443265235937e-01
-6.771724528801892351e-01
2.453294812460760366e-01
-3.946236234877609217e-01
-2.132973313273219818e-01
-6.251583319341770251e-01
2.263707872658041187e-01
-2.877540781653165070e-01
7.971855404824318078e-03
3.688645614033811970e-01
-6.797639503143010353e-01
3.545551122314444248e-01
-5.851636666652558771e-01
-7.035466564825378910e-01
1.699801836087013185e-01
-1.803671824451105465e-01
-1.079447770459278644e-01
-4.713724698762031262e-02
-1.326753783572473810e-01
1.050683140755056671e-01
-5.499019782988293636e-01
-4.510008855603306333e-02
-1.521933185585792325e-01
-9.993625813200697483e-02
-1.244786313707893360e-01
-4.066572187773749292e-01
-1.223863655672173811e-01
9.263315525071273704e-02
4.768819100893502139e-01
-9.837233958148920709e-02
7.736466958637190638e-02
6.947386305785833993e-02
-6.191143546028155670e-02
-6.826056747631704669e-01
-1.141288828901237951e+00
-1.386846233233895130e-02
-5.190748761146988383e-02
-1.105682333489874436e+00
3.008565994210888883e-01
1.980147318654843502e-01
-7.765157829945891210e-01
-2.591982086871726376e-01
-8.433032233497370633e-01
7.606074393342254769e-02
5.809927291308722985e-01
-1.391571107777936356e-02
-4.990143388651800960e-01
5.419496469979020459e-01
1.044527183093425377e-01
-4.891055503749077160e-01
6.000450277624168605e-01
-2.240557549819153504e-01
-3.785678831222188956e-01
-2.781543609568454256e-01
-5.277497309389740376e-01
-8.014575976993500994e-01
-5.779917008627220160e-02
-3.069949415690855776e-01
-7.282070018540105494e-01
-4.579245886797191911e-01
-2.800694731548863947e-01
3.707268474799721991e-01
1.999085595670288262e-01
-6.700418795187063070e-01
7.584483669660904148e-01
-8.901715665824185830e-01
-9.448341175198183839e-01
-1.063503027541735230e-01
5.202294421935238500e-01
2.723710964678974222e-01
2.192822571810236765e-01
4.965461151606369583e-01
-8.835244663932073639e-02
2.149038942719012565e-02
-4.226804236609323778e-02
9.504024303852323108e-01
-2.586437221949210510e-02
-9.836149003691675441e-01
-6.159177413806543600e-01
-8.355983055534736692e-02
1.034991534428474358e-01
-4.258302097097124150e-01
-1.029422953427691523e+00
4.943762100387769642e-01
1.505015169976408329e-01
-5.342530625566733748e-01
-6.279175150857783105e-01
-3.965525924341010283e-02
-4.421627790435113114e-01
-6.667134366759865927e-01
6.847224043485070633e-01
-7.747732013469499357e-01
-6.397055582361625969e-01
2.396445187298171242e-01
-1.167358005070368021e+00
3.894652211928126273e-01
-6.869195919310389087e-01
9.760893673169161733e-02
-4.188409391169216622e-01
-3.533068832423381656e-01
-3.395070146332481720e-01
1.209580387152144443e+00
-4.753956200277679178e-01
7.585757296069606248e-01
-3.126878131849397113e-01
-5.485501038649716055e-01
-2.324107467498382762e-01
3.055033923351193059e-01
6.568513555265073078e-01
4.198116590094468359e-01
-3.049185572550972001e-01
-3.709446057836938704e-01
-5.184910197015107913e-01
-1.163297626830683135e-01
-4.175285120957240581e-01
-4.655689040191345884e-01
-4.443405542628975358e-01
-4.919990155201623416e-01
-1.552309705681379215e-01
-1.991968422724109122e-01
4.000376427749903763e-01
-4.742979632447594796e-01
-7.163458644691376165e-01
-3.731982043851485020e-01
-7.082702798769026087e-01
-6.493257590234785548e-01
-7.036334114995603795e-01
-3.259239177821937616e-01
-1.801554495631225994e-01
-5.260261164680728463e-01
-4.339502735361968622e-01
7.009206888327998430e-02
-3.374904736509948266e-01
8.819303120005703156e-02
-6.807314594277585895e-01
-2.465166011823229641e-01
-5.137014640181006842e-01
2.266707424301206142e-01
-3.706283897739350297e-01
-3.014124969139125865e-01
-4.919861630748728065e-01
-4.497780376269612523e-02
-5.239653266654943353e-01
-8.231609395888606073e-01
-2.847711323088400470e-01
9.143818929207624402e-01
-7.176540631022730876e-01
2.986493307665897823e-01
-2.707574279710973086e-01
6.635945539578053110e-01
-1.717023706458711274e-01
-6.046650154493686813e-01
-2.972352491415335418e-01
-2.379474538098262926e-01
2.740788691823327003e-02
5.127135650206201545e-01
-4.455337234050745637e-02
8.991797508339828549e-02
-5.581290582550205714e-01
-8.109670547595997370e-01
-5.704974984249518988e-01
-1.446922016882405404e-01
-3.226077824474012923e-01
-6.312941463289552246e-02
-3.718012538088342200e-01
2.064686286836387996e-01
-3.838763306533924391e-01
2.964050804746351520e-01
-4.114522121417954481e-01
-3.727409689288657679e-01
1.463079663238315564e-01
1.150128933685994753e-01
-1.885008790568804340e-02
-4.743470966532963295e-01
1.257005327225599434e+00
-5.532425841119026355e-01
1.044830657893845854e-01
7.326256600787712792e-01
-6.277646062866771848e-01
-1.191880329357713153e+00
1.931834203761504387e-01
-4.018569084918732770e-01
2.226704714929432158e-02
4.904412559068723199e-01
7.692913537881684860e-02
1.283312763278761370e-01
-8.510149404568058129e-01
-6.105136240524389191e-01
-5.992614586178657277e-01
1.410227817470253997e-01
-7.149803263638521145e-01
-1.760622572057009561e-01
-3.943150117575935920e-01
5.007442743395130735e-01
-1.423178658400854057e-01
-6.228853031590146916e-01
-9.005561313345163132e-02
1.593990315296357207e-01
3.774636719057510859e-01
-4.137610610578479342e-01
-6.199290064552200885e-01
-3.380664514023040135e-01
3.042521063013827187e-01
-1.262536181926000867e-01
4.960720594109581105e-01
-8.869938308844492469e-02
-2.065542741022473872e-01
-6.791081445370494851e-02
2.268945655541148090e-02
-5.464683435222524865e-01
-4.351033323323076352e-01
1.250987609517640042e-01
-4.724381821734338072e-01
-6.265680653039404913e-01
5.181500069527439356e-01
-1.153297888094828139e+00
-4.034470216278561727e-01
-6.096647708116488262e-01
-1.337376522685301307e-02
-1.012940861343170518e+00
8.913782162963413969e-01
-6.320779496591947266e-01
-5.646774065617302663e-01
1.467459557503837664e-01
-2.075299299911087803e-01
-2.189750397699397888e-01
-4.705602939164163501e-01
-9.562660951631449247e-02
6.979325009429295790e-01
-7.037199367481790091e-01
-9.710795361186813635e-01
-4.325116755343622610e-01
-5.981021247992253098e-01
8.804045322949602750e-03
-4.892391833547057312e-01
3.663608005640647813e-02
-1.798385440960559856e-01
2.014677570075851590e-02
-5.838641097574036321e-02
-6.033339813174568717e-02
4.124368056734644128e-01
-3.643212481264053171e-01
1.409005366734440712e-01
5.291145613876691717e-02
-6.017456422436606722e-01
-4.118473031888102154e-02
-5.211111628237112825e-01
-2.465397276997170414e-02
1.181943576319088585e-01
-5.506148697539682280e-01
5.774039244108989527e-02
-7.393026443728652197e-02
-4.927054283647042121e-01
-1.167447867535219425e-01
-7.908929431220381723e-01
3.175659862237535658e-03
-5.315817871575894138e-01
6.564347049850052240e-01
-3.164389658217008350e-01
-3.588458269170752279e-01
4.616169555004069336e-01
5.091851875847636100e-01
2.240907746300269399e-01
-7.425563300766768737e-01
-4.113010300063369429e-01
5.431047551968452014e-01
-2.772995991612826616e-01
-2.330591286969844189e-01
3.749585196608654081e-01
2.695395272062581227e-01
-1.275163501804654209e-01
6.293940822711554528e-01
-2.164478372753747548e-02
-4.030919354578986202e-01
-8.450129356854966245e-01
-2.054692976638496094e-01
7.339101098840740411e-02
-4.390214342315041929e-01
-9.132933987493704886e-02
-3.923677864474293675e-01
-5.418151622230537034e-01
-2.683260159574582526e-01
6.989769885009919142e-04
3.055394079983346778e-01
-8.570267979518713108e-01
2.691731505078353015e-01
1.020927925720397922e-01
-6.744999282263639540e-01
5.429669632108442140e-02
9.759996454994553094e-02
-4.730072665110038321e-01
-6.077967351621930137e-01
-4.849978109347742317e-01
-1.166043979713788648e-01
3.237761048692047727e-01
-8.786637847156324177e-02
5.005891726869282632e-02
-8.118058027666105181e-01
-4.862474895431732891e-02
2.570029865616582643e-01
6.750187456153994292e-02
-3.706692712610731855e-01
1.799791282585164187e-01
-2.776203120671004746e-04
3.195023739898742443e-01
-1.229076035261824767e-01
-2.002725017524084883e-01
-3.508249055630169866e-01
-1.628741252200171519e-01
-3.661245254795129078e-01
-6.135494985947202995e-01
-2.813767490581154940e-01
6.892017512917311128e-01
8.906545016303087092e-02
-1.405070853768356220e-01
-8.951026142083948201e-02
-2.801060514439357441e-01
4.614349901101858636e-02
-3.600042297342601616e-01
-2.836261866845394275e-01
-1.466103430487263395e-02
5.367375505822635784e-01
-3.593848386344716817e-01
6.505528032815716122e-02
4.426785056720196065e-01
3.473362353573409278e-01
-8.937552143771596014e-02
4.831669605861568240e-01
-8.732801366434694845e-01
-1.173600680958228198e-01
5.693815457397125579e-01
4.028854297930787864e-01
-5.241417708154678667e-01
-6.982531075875414439e-02
-1.130067394629578753e-01
1.132506929103184318e-01
-8.719472626676625371e-01
-7.099698557482170269e-01
-3.724881950624774340e-01
1.368616019672922943e-02
3.962998210337763116e-01
1.854373729771396362e-01
-3.594938529565008256e-01
-1.774011762638891265e-01
-6.842811540944522264e-01
-1.378951977097416237e-01
1.920674373336057061e-01
-3.716824439532105950e-01
3.616644303460312959e-01
-2.896396518122167918e-01
-3.371952701520877782e-01
8.528418011382517261e-02
-4.968459323615718737e-01
-9.402597494957679602e-01
1.223982923889483099e-01
1.208709227343331083e+00
-4.170427196717197971e-01
2.072499789358903666e-01
1.754987105129652836e-01
-1.447742649388442937e-01
4.204985318352955082e-01
3.061002294853645278e-01
-1.963025846494883264e-01
1.173860076866717339e-01
-6.219226581709605961e-01
-1.026804514832494047e-01
-5.650794333501696354e-01
-1.052517203075126861e+00
-7.268413668153219653e-01
3.874616462173305353e-02
9.051632800288058689e-04
-6.464033902847722279e-01
-6.713701459533269467e-02
-4.629065484283011456e-01
2.401439662578559731e-02
-4.628069838128837099e-01
-2.061342209758454946e-01
-2.419523213890733410e-02
-1.239737285587612647e-01
-2.324521483024207802e-01
3.500141873634534107e-01
4.378167236827096298e-01
6.463034875009016078e-02
6.652425961928822851e-01
-7.203526084238361937e-01
7.951268436808507645e-02
8.404494274536637721e-02
-2.010847800290958137e-02
-1.822017646808548885e-01
2.675037926152754597e-01
4.112794950273393479e-02
9.993214305023494226e-02
5.840140775569592213e-01
1.980518288783618408e-01
6.256515142666081719e-02
-3.298366574024702014e-01
-6.171254170214593993e-01
3.590764015890925420e-01
-1.119696909874185048e-01
-1.108341604190518304e+00
-8.603377690980301695e-02
4.761554334733477112e-01
-1.153130906013951767e-01
-2.291666979801878223e-01
2.194304031197902294e-01
7.101563725563629914e-01
2.672455484024293879e-02
-4.984842087285313861e-01
3.517264529119180742e-03
-9.224956356111450040e-01
2.403089936540804550e-02
-1.187189161241647972e-01
-2.171426634637212971e-01
-6.125392690034721088e-01
9.596981639807861120e-01
-2.198932471367725239e-01
3.056604083050780685e-01
-3.703860540402224566e-01
-6.428261841734079773e-01
2.761267677659012820e-01
-2.605257311651413832e-01
-3.940103954981290235e-02
-4.661656430623681291e-02
-7.140698004012766553e-01
-4.546648923366127248e-01
-7.675040332000730992e-01
-3.784634958161586238e-01
-3.451916102483438276e-01
-6.133036353219255554e-01
4.166817076220636490e-02
-7.554784701421102255e-01
-6.324991456694464276e-01
-1.005519402346968533e-03
8.179874932329360415e-02
-4.960489152199503704e-01
-2.724657202035003500e-01
-8.407978783678921042e-01
6.233880868142301079e-02
-1.427875058631137839e-01
-8.371721467065428024e-02
-6.582372644153314800e-01
-7.599357246514814035e-01
-1.821654975303481083e-01
-7.055057078693591777e-01
1.305615897369360456e-01
5.926667205310378606e-01
6.538336274197527054e-01
-1.085868993439191188e+00
4.622303107275109180e-01
-3.594770789129407285e-01
-4.953841997355558358e-02
-7.699748288039351962e-01
-3.897575882756750265e-01
5.472377545814470778e-01
4.370403603109259683e-01
-3.412487516764474427e-02
-1.748297396449175478e-01
-6.558294123112597962e-01
-2.367094784450715084e-01
-4.334917495702582113e-01
-1.104376584239517012e+00
-4.705136161072537848e-01
-3.422420555201193815e-01
-5.011484145640589943e-02
3.194219668096304754e-01
-4.059950629356841312e-02
-5.893986626365456116e-01
4.543808683120240111e-01
5.772035370791432918e-01
3.884908329188085929e-01
-1.859057831252401705e-01
-6.947845202960678535e-01
1.875923397906104628e-01
-8.540495552880212893e-01
-7.777468327475842158e-02
4.965999207686330741e-01
4.781953919856951063e-01
-2.486486625717355126e-01
4.341459544676556925e-01
nan
nan
1.463878868101262942e-01
-5.718385529139542039e-02
1.459302502048025717e-02
nan
-1.119289070101421979e+00
4.419012535200973479e-01
7.402701266806614999e-01
-1.021487852752168468e+00
1.127950224031604026e-01
-2.354912782118207815e-01
-1.123788203771739713e+00
-9.578589348947561533e-01
-3.309203674816725838e-01
-5.413236564609416046e-01
-3.385360274700620342e-02
-3.193485174879188981e-02
-1.253872310812532920e+00
-6.603278848437037496e-01
9.810506274110901426e-02
-1.151888579642604382e+00
-1.331070468876091872e-01
-3.211499254505552070e-01
5.523425549873471896e-01
9.888569758857059799e-01
-2.005801639418364202e-01
-3.576572250363293515e-01
-7.595513761719274726e-01
-4.062609570756497424e-01
-1.273025879955187456e-01
7.986026452071972592e-01
1.625335336122702756e+00
-5.290206377777094682e-01
-2.031950307201869366e-01
-1.134632859685932305e+00
4.006524684223382038e-01
-3.946229335683223982e-02
-8.282651656101156501e-01
1.971394580686450515e-01
-1.356900860452996183e+00
7.195143216723011159e-01
-5.254213931637606860e-01
5.657399807212630805e-01
-1.107695876330731632e+00
1.049764449556861878e+00
-6.133708185228776283e-02
2.037159531227752951e-01
-8.626137315106563452e-02
-3.864669658607713942e-01
-5.697439030940558702e-01
7.900374748550279547e-01
-1.169665547832775099e+00
6.826336908436628215e-02
2.767848239771563135e-01
-8.699326071219382062e-01
-4.135823822205489386e-01
nan
-1.029528148113309394e+00
3.988625053745279980e-01
5.243958497978238320e-01
3.344853430433696873e-01
-3.005794622104385749e-01
5.730541178138177649e-01
nan
2.288230355822049311e-01
2.529242814591022848e-01
-5.446134027355258311e-01
-6.851033966735365910e-01
2.277444734195166465e-01
1.765000653408387576e-01
-6.202142957366963971e-01
4.134038861277679611e-01
-2.165216127395632739e-01
2.409015388754428277e-01
5.779531423475317009e-01
1.537706515129184381e-01
nan
1.294256176162288940e-01
-5.193609904151907930e-02
-8.163792777039392545e-01
1.318905805143164578e-01
-1.105648365845368630e-01
6.745986838122796092e-01
-1.001478728961600284e+00
-6.289165171827848511e-01
-1.019897311908889576e-01
2.481568249863828346e-01
-1.691817754551382391e-01
-7.519759737478447226e-02
-1.216124355334673307e-01
nan
9.931536045653336364e-01
-8.861566986671474133e-01
-5.287304111660766637e-01
nan
1.950670292460377486e-01
-1.271043176166177513e-01
1.214723975691053059e+00
-2.706713193014565477e-01
-5.132367401015470731e-01
-1.035809340344801655e+00
-7.144875525919045511e-01
-9.348773289264432629e-01
-7.730830601081337683e-01
1.800788890322539082e+00
nan
-4.307119081038111585e-01
-4.249074292150221699e-01
nan
-9.470217795827258200e-01
7.358860036031962260e-01
-1.623590606140002113e-01
9.124295639543592018e-02
-4.227506846507265992e-02
nan
-3.348382723996338323e-02
-1.110593029628921702e+00
4.237425414410450619e-01
-2.775523369952799801e-01
2.656375938430173833e-01
1.624004756743642475e-01
-1.189257077567482224e+00
-1.823177053238989320e-01
2.150476154063032663e-01
3.423144047223803527e-02
-2.353513196451302580e-02
3.792993312411909734e-01
-4.104247634318956006e-01
-9.946483122894963502e-01
1.388073675903495285e+00
-9.627051571668052699e-01
-5.926878083437469025e-01
-6.278738631637006407e-01
-1.125811782143119499e+00
-1.130203125259660712e+00
-1.571625471805582763e-01
-9.797762575883350866e-01
-4.313585557662118486e-01
-2.449967798399348418e-01
nan
-1.216733613132538749e-01
-7.031413449226359136e-02
-1.049223017842350725e+00
-4.017394336181948633e-01
-9.323593642507121970e-03
7.966670584958084333e-01
-5.602277444721138755e-01
5.006047146944477000e-02
-4.538275012819871224e-01
-5.770974416922702854e-01
nan
2.870848225998847147e-01
3.472699481296955271e-01
nan
-1.311376510802622908e-01
-1.046970153920326219e+00
3.596203019351352226e-01
4.894179591275701902e-01
-3.768152002277295326e-02
1.027570502658688323e+00
-3.547428982881969950e-01
-1.097051024273274639e-01
2.988135789294540934e-01
-4.238834445217189995e-01
-2.020519545966813491e-01
1.564375023795836483e-01
-7.507696067173728061e-01
-4.755024095737038770e-01
-5.437922154967925747e-01
nan
-5.896849178470868758e-01
-1.960073743702885063e-01
4.063233302023557675e-02
-3.235303468188542864e-01
-1.216612478902495020e+00
-1.257634863491176924e+00
nan
1.149296702788266539e-01
-4.107439678465418798e-01
-9.106159422238924162e-01
-1.076263851238517116e-01
-2.248347651040798478e-01
2.067328319311743066e-03
-2.735330410536979673e-01
-5.512016007815659924e-01
-1.143795665120308946e+00
nan
2.714426533438286104e-01
1.084516868788092114e-01
-1.262387259405374218e+00
8.027477964511298136e-01
-1.106755058169377026e+00
1.096288758442501843e+00
1.238160605304641781e-01
-1.177046188893071221e+00
7.054840001002098404e-01
-1.080794372804434023e+00
3.985850511961425147e-02
4.227529090162461256e-01
nan
-4.318401973686178397e-01
-7.844854946036349252e-01
nan
-5.270700022397852846e-01
-1.524278647917112484e-01
nan
-7.171065848368990414e-01
-7.962199891074103753e-02
-1.015864266351489409e+00
3.308430148319539965e-01
-5.308521809606420172e-01
1.682162562964387847e-02
6.241326396195905069e-02
nan
-1.052418114598115739e+00
-1.326437390291836493e+00
-9.608612116271495474e-01
-8.492275411483257708e-01
-1.171348058793582281e+00
-8.390781910729030457e-01
-1.415399795591342491e-01
-4.585807263265531675e-01
-4.541640142884724174e-01
4.901032871565856874e-01
nan
-1.377567938048020801e+00
-8.021055505284174769e-01
-4.546667382664054680e-02
-4.529797222492401021e-01
-2.809312336006588029e-01
-5.877332083569860449e-02
1.112837687760432681e+00
nan
2.398985687463238980e-01
-3.847595807500114318e-01
-1.691731198522677670e-01
-4.115805886191751389e-02
1.705110848072559915e-01
-1.585040585079167397e-01
1.156557184861151943e-01
nan
-1.153522093286680095e+00
-4.609213597802716555e-01
-4.185690002563894341e-01
1.131240705590770501e+00
-6.041760059734729849e-01
-5.216051269269236235e-01
-5.661278810905491232e-01
1.234878512226713632e+00
-1.288250855957885910e-01
-2.447649827490407937e-01
-5.288405871206411923e-01
7.265781585940478404e-01
-1.218097717455306483e+00
3.914398595726811259e-01
-3.747160736798990088e-01
-1.025918744389913817e+00
nan
1.127564886364091912e+00
2.876427211986949395e-01
1.090475223309807784e-01
-1.143485173957862644e+00
-7.443762662502325655e-01
8.122488511416285917e-01
-1.170890600459586706e+00
-3.756997990052115544e-01
nan
1.013571377457814053e-02
-4.229317397403946788e-04
nan
-4.995241498654697798e-01
-7.821711824065790131e-01
3.504384352291588234e-02
nan
-1.361993447497951149e-01
-1.213478734990367292e+00
-1.540505201417570635e+00
-2.014470498866486603e-01
-2.452526329954199391e-01
-8.535791483082222353e-01
2.168978076791302778e-01
-6.133481491558429033e-02
-5.328561348307020440e-01
-1.146905805087461649e+00
-9.302852698760080141e-01
3.976804282085270592e-01
-2.514266314145175429e-01
6.922323154486077490e-01
nan
2.645089814175399789e-01
-8.020173090230146851e-02
-2.024321583610178554e-01
1.719602850957410833e+00
6.156851087461508998e-01
1.371249977055947422e+00
1.159001405431201726e-01
4.447803284185193884e-01
-8.764337104847063076e-01
1.813727121723539837e-01
-1.851057059147569461e-01
-2.520165019576992571e-01
-9.654876526336788611e-01
-7.023646479298328860e-01
-4.830479913601988806e-01
1.337921830079344676e-01
-5.101746107688949206e-01
1.966982087864073414e-01
-4.506319316899951577e-01
-1.221171109044922737e-01
nan
-2.750631532424484549e-01
-9.831481896945206689e-01
1.686298687061135393e+00
-7.651652346515952496e-01
1.114139572760743269e+00
4.419512652169452910e-02
-9.905240997819860782e-01
7.262097507907971927e-01
2.672364133188430135e-01
2.705841146344998283e-01
-7.707176709747891596e-01
4.246360954886003736e-01
-6.981890165035710138e-01
2.464110762412053124e-01
-8.763065451420548602e-01
3.534862259244992561e-02
-3.479667255768408851e-01
-3.553697603577263830e-01
1.001726373645089874e+00
-2.622853888713659876e-01
-4.705281125585876745e-01
-8.255960308201838460e-01
8.228116724691421080e-01
-7.305502955578270230e-01
-9.911440328864170798e-03
-9.877743587679450599e-01
9.170149767206485780e-01
nan
-3.378361299988440897e-02
-2.223980907162040055e-01
2.013130748621378557e-02
2.851569729903610795e-01
7.793740496069231360e-01
5.287252988206655457e-01
-7.819125040754836276e-01
-2.838098597093636002e-02
-1.271998217533135134e-01
-7.005732081918891740e-01
3.695138114632415816e-01
-2.657082850240017335e-01
6.049596664829510750e-01
1.953994631085419487e-01
-5.217356349633717194e-01
5.815734265379293166e-01
nan
-8.096579769932872317e-01
5.860500617981375671e-01
-7.209066489668767286e-01
-1.505347666839483289e-01
-1.123391912412575466e-01
1.124825486264046173e-02
3.318626277884405007e-01
-3.190132027151638683e-01
2.194850681159000449e-01
nan
-3.970583235281557877e-02
1.047030798517889771e-01
4.211461249442636223e-01
-8.882376564154781384e-01
6.008294713064178394e-01
-6.959885692441220018e-02
-4.824511807378493167e-01
5.554073056857393720e-01
nan
1.242651467570876411e+00
1.897355566556897799e-01
-1.179974018635000649e-01
-1.180256955581678868e+00
1.010873579601442307e+00
1.171270359703887182e-01
5.109008720249538088e-02
-9.939528438425138113e-01
-4.645455196084579130e-01
nan
-6.613309322762054299e-01
-2.559171678020224494e-01
-6.510014104590809980e-01
-7.000409926556150353e-01
nan
-7.833914805973465345e-01
-4.265447925415215558e-01
-9.808490740480279024e-01
-3.579388557970741847e-01
-3.044611057393574738e-01
-7.325716946791640538e-01
-5.108160264295145137e-01
1.308799048824416777e+00
-5.376644018515926993e-01
3.366653077554676576e-01
-1.027269881328974233e+00
-4.196068250083569151e-02
-6.996035477704021233e-01
1.809162175602639089e-01
-1.053068769662708126e+00
9.232253441968710783e-01
-1.036268229932668428e+00
nan
nan
-5.221087020088162056e-01
1.162530672218293759e+00
1.632771404670842363e+00
-9.489463240044322401e-01
8.238039724999440816e-01
9.018680148637506222e-02
6.173216404113057720e-01
1.073835767380647788e+00
-5.191874172560028144e-01
-7.330926259174476156e-01
-8.243714752359407316e-02
-9.638151942462457322e-01
3.076666826276033828e-01
1.067997347151373067e+00
-7.591481766203633796e-01
-3.869751924032204249e-01
4.269353133985376303e-01
-2.052938169317562178e-01
5.732147173700947729e-01
-8.309318616092751242e-01
-1.255348456663880619e+00
-8.131765727187558745e-01
-6.340495559357498534e-01
-4.906450971072588985e-01
1.847309434231823866e-01
-8.309782082202875619e-01
3.804448351594701405e-01
-7.908222815880064926e-01
-6.340321533594910353e-01
7.780368064535794215e-01
