4.568043932457228617e-01
-2.777355518991500571e-02
1.447325877836207697e+00
1.253061376365333768e+00
6.296285987130553763e-02
6.519488966754451997e-01
7.276441384498018028e-01
-1.065785660502086563e-01
-3.049269547338572806e-01
-1.932450434708903042e-02
1.478539570698279848e-01
3.348731207921825520e-02
1.752549949506203020e-01
1.100317181210376388e-01
-7.655719825876944329e-02
-2.347520196620680455e-01
-1.962715584776822120e-01
2.235138711783968002e-01
-7.699945321047195479e-02
4.923603015973450625e-01
7.004523844443173441e-01
1.009640741503545325e+00
2.453095881873765538e-01
-1.084107615531869906e-01
2.510350624393674623e-01
7.473096559795187888e-02
-5.741185590903148672e-02
1.891790656204961618e-01
5.298907402593457938e-01
-2.414282843026617775e-01
1.025900972844517867e-01
-2.868930654757359533e-01
2.427221674822715169e-01
3.821517417970971553e-01
-1.180871333206321393e-02
1.274373696014247624e-02
6.490442089126504666e-01
nan
-1.421563679251733880e-01
3.600094106689037954e-01
8.808341997793635025e-01
4.567276907672896957e-01
nan
1.195117599764112248e-01
6.714933944139918065e-01
-2.685528753290990500e-01
1.294357225894445518e-01
1.019936984471088159e+00
-6.639166404725063697e-02
1.870818225927149969e-01
6.759729877991864644e-01
1.088911599202581293e+00
-2.983862659261480310e-01
-6.447548371375826370e-01
-5.101892205782652956e-02
3.695835384603251006e-01
6.287606787272567721e-02
-2.839770833742632505e-01
-5.221838954136592825e-01
5.636814430268723974e-01
-3.441151774916225703e-01
4.320288448710422613e-01
4.866400179751895205e-01
7.686564578236356748e-01
-6.966435710821071714e-01
-2.575572327217055535e-01
-3.525630096388744361e-01
2.417876050495826878e-01
5.507114658312599609e-01
-2.681929843687390069e-01
4.312024980254769435e-01
-3.939770520187159120e-01
-2.563245279818954225e-02
8.315796580181610276e-01
9.974727748320073861e-02
6.129906648200724728e-01
-2.544904412111679282e-01
3.324162482298413379e-01
4.384715162597180305e-01
-8.295592461298519904e-01
8.895054468257098668e-01
-6.562817067496095058e-01
1.900758218935763855e-01
2.456350137368937536e-01
-4.590407151412971842e-01
-1.231000500970647060e-01
-2.722450765497937963e-01
5.051559535860341565e-01
-3.377056743879967571e-01
1.038147070320200260e+00
1.739261896769414673e+00
3.582090177889247773e-01
1.863606778817592513e-01
3.870851944002666467e-02
1.379111193315239181e-01
1.557091997846456188e-01
4.181400525610874941e-01
7.200964694863937199e-02
-2.965945808537741590e-01
2.504135260292661980e-01
1.134579079547909652e-01
-3.426575220280628775e-01
1.057606235979945186e+00
1.718514486996996493e-01
5.691080534407625402e-01
3.352075174878575425e-01
5.584538131823197915e-01
5.551137426075030135e-01
8.815965879376570502e-01
1.491616376660873100e-01
-5.323361290642229793e-02
nan
4.384059818795461028e-01
-4.432398942647780005e-01
4.097703662869345842e-01
-9.457704390733666366e-02
9.118778935130393837e-01
6.165408085267627403e-01
1.870423137563238525e-01
5.521336441094008007e-01
2.980401164440775741e-01
-1.151585813214985182e-01
-3.602828566560528079e-01
2.090725206391405577e-01
2.467797862225841743e-01
-1.474949337882831002e-01
-4.055421057592362155e-01
5.455430501484294092e-01
2.839094825761667718e-01
7.504261898881513515e-01
2.454619348936838696e-01
-4.171258801432687902e-01
3.381065773887916015e-02
8.952283104436035976e-02
-5.257876409635315884e-01
-9.033355751996362606e-03
2.763193156716896651e-02
2.785620848684137313e-02
-2.785752445853272308e-01
-1.508209985250003604e-01
5.751079220357668831e-01
2.186362370054393267e-01
-8.712354131013512470e-02
-1.327255250306254020e-01
7.350343644043366709e-01
-3.105205784282489834e-01
5.180557517339329232e-01
-1.428043715667073332e-01
2.598294059504296927e-01
8.515742058389582647e-01
9.512438972171717577e-02
nan
1.635421714692929240e-01
9.380674181580692106e-02
-4.223366969299404555e-02
4.076156639671089099e-01
-4.091403144301213324e-01
2.678365208096404881e+00
3.935225772016648915e-01
-2.508938785641726121e-01
8.433311289644260800e-01
2.607610495251744820e-01
3.599412623965517755e-01
1.501928803031705950e+00
2.433757933231481263e-01
-3.182945728406041952e-01
6.249231797489736007e-01
1.170918394350027203e+00
-6.304006776596997319e-02
5.866468193117169161e-02
-2.740934814594005453e-01
5.228066709194498923e-02
-7.075748973731892377e-01
-2.398720016111829945e-01
5.259175453321534022e-01
8.580390953939425192e-01
nan
4.483914427201919906e-01
8.184050981445493977e-02
2.016157295747480760e-01
1.778686481418255139e-01
-9.291050201625614680e-01
-3.134302472610352996e-01
-6.076845408174579299e-01
1.864016285443185761e-01
-2.269377078265664427e-01
1.689416089984831615e+00
-4.925076074637534107e-02
-3.219784795417423573e-01
-5.109274867140218834e-01
-1.159020365570013200e-01
-3.591107156224255803e-01
-2.883176533551616294e-01
-7.787027313732332034e-01
1.101286809627770591e+00
1.132612617949905642e+00
1.498415452047509588e-01
3.541270946408754949e-01
2.024986235016049824e-02
1.226197311956875868e+00
-3.845558743643055499e-01
1.318448240938057958e-01
-4.867994057430903854e-01
-5.486389077457508312e-02
6.337467119339247335e-01
-9.367550021073087763e-01
6.415194554517774650e-01
1.412548444137959880e-01
-9.029894383670045155e-01
-1.283944693572786899e-01
1.169789016108169211e+00
nan
-5.338233925758325560e-01
-2.208426463684239338e-01
-2.416205272380502200e-01
-1.121404129934487015e+00
-3.671576145449731987e-01
8.005479261139015756e-01
-5.567502183016030948e-01
-5.807915431940656736e-01
-2.563378018656115032e-01
3.461241631062285107e-01
6.165731058137915999e-02
1.610251318886379179e+00
4.426928775151804385e-01
8.526695782678400670e-02
1.629239592642018231e+00
1.042115722566348546e-01
1.035961929684934724e+00
-6.227715499242620911e-01
-8.131195514585651818e-01
8.171250084671998204e-01
8.910001940421199973e-02
-5.675287140729606827e-01
-3.875083193552594785e-01
2.676739791398420332e-01
1.298832928958509603e-01
-1.661054887630320775e-01
-7.749145237523324958e-01
1.691099780983343903e-01
-5.280559390016127397e-01
3.038973204810351825e-01
1.166961938028558271e-01
-1.804827864754447383e-02
-4.212678015269114007e-01
1.015534354027452402e+00
-1.463259867269414427e-01
-2.622680178504593340e-01
nan
-9.044297168043963220e-01
4.638331690502713323e-01
7.253910312678516492e-01
5.335911401346241645e-01
4.412259612916443752e-01
-7.106989719100449410e-01
5.836320561669312568e-01
1.004208251468845670e-03
-2.896123902622584900e-01
4.375228457347581923e-01
1.404235167650236260e+00
-6.914800886285442649e-01
1.880857639941213230e-02
-4.101046367192443670e-02
4.445460583709374275e-02
-2.125873692490145017e-01
5.845361995901124375e-02
4.724500756945908542e-01
2.180705309371865075e-01
6.433281520217325467e-01
-7.509565544696149564e-01
5.901214869197319857e-01
-1.648773442286922408e-01
-2.504079329535777165e-01
6.094760135864578376e-02
-3.440037536919785532e-01
-3.683458031429668877e-01
1.550645391684804530e-01
8.322465439663120912e-02
-2.173119300070604776e-01
1.136668866983838871e-01
6.324672776830470022e-01
2.176592703934367157e-01
1.541968603956130002e+00
-3.676523975803437927e-01
4.799432354551327329e-01
4.197497820103369692e-01
-1.074214767496189937e+00
-1.462219719572605547e-01
1.737677930144894967e-01
2.603397195097575251e-02
7.784751462327277327e-01
1.127694145810603371e-01
4.791538829875548466e-01
3.621219049070449891e-01
-1.393592415451617716e-01
-3.331643062815982659e-01
3.802532759207511437e-01
3.822639846368642846e-01
-4.173996675271070961e-02
-2.573659689808917017e-01
6.071296114361319773e-01
5.392311702635427251e-01
-8.758098020865808797e-01
5.925913380577645384e-01
6.105271488591106355e-01
nan
-6.937837066865566449e-01
3.691150022967714661e-01
-6.448372873813926209e-02
8.893546092309068118e-01
-9.923179590170763120e-01
5.084800170893272186e-01
-2.475123484466083268e-01
8.490565546755735049e-01
-1.323240829864557634e-02
-3.541693894848787494e-01
4.142607019367357951e-02
5.089303893233760867e-01
-1.253496810693039698e-01
4.079945991471041755e-01
1.213858707172150275e+00
-1.741735929847184616e-01
-1.851257172116731742e-01
5.467770807624678514e-02
4.699026854691970567e-01
8.304928395878612424e-01
4.733406935925816850e-01
4.364391166472581518e-01
7.696502650782872934e-02
2.111720037678372353e-01
-3.911092518670777202e-02
3.981822513297424426e-01
-8.721811555842465813e-01
-1.368860803525230874e-01
-1.503980892602081454e-01
1.360436320926144971e+00
-3.495456305928428264e-01
6.100695503130291325e-02
-7.117684444177868608e-02
-4.182719169154061056e-01
1.569183559715039977e-01
-3.573435523479239206e-01
1.798692792221485037e+00
-2.403767518246409385e-01
6.716154866036948556e-01
9.827492863492329755e-01
1.168628278815332822e+00
-1.413322209404957973e-02
4.283824789100793007e-01
-6.903678535270024730e-01
5.857578759346699498e-02
-1.027997964376583973e+00
-3.073081073968441101e-01
-2.675270294361388190e-01
1.630218184286905125e-01
-2.764107834637349881e-01
-1.336804260217932805e-01
4.623524595485898336e-01
5.335669184574876045e-01
-2.107467715827566479e-01
1.579967607032232157e-01
4.197590421762952828e-01
8.799935064009797303e-01
1.694136806139680262e-01
1.755185714801097863e+00
-1.436812729998441784e-01
3.846023938010433019e-02
5.314241674842824503e-01
1.162093042442188473e+00
6.737517661116620982e-01
-5.623940409145756769e-01
5.037640581575255627e-01
5.718939847773368834e-01
1.539996023250907176e-01
1.286126835842567595e-01
6.545827438082476579e-01
1.204715913305601932e-01
-1.174730737587011409e-01
3.133825029106164228e-01
3.114681370043542175e-01
1.491441165945845693e-01
1.523581950094150816e-01
5.118696339188698596e-01
4.078378154036655934e-01
3.938325870727264061e-02
8.623614966381079050e-01
-9.839168014535968343e-01
4.523029311477628212e-01
9.441426713629764989e-02
3.186355575668139983e-01
2.283879393376676836e-01
6.147346585772647254e-01
3.221470395341777260e-01
1.638537638535020047e-01
8.735537328822879921e-01
-8.849295391403358968e-01
9.297269630145484909e-01
1.840756011588712271e-01
1.544414408696521412e-01
-5.235983036850476724e-01
9.657494676237325659e-02
4.786916881791539735e-01
1.426505247924343411e+00
1.391279008615861290e+00
4.881298272528855065e-01
1.188223392761926234e-01
nan
1.867824702426143790e-01
3.093853451550641620e-01
-1.525234665355040473e-02
-1.566273780528397164e-01
1.346197456266436665e-01
6.856855363943559212e-01
-6.255591333022081368e-01
-4.396377187157514688e-01
8.392206759438444186e-01
6.575937063034539287e-01
3.220606196235279994e-01
-2.776095691331726956e-01
2.017275646233515352e-01
-2.095245838685552420e-01
-1.150460314066960033e-01
5.708871781178135457e-02
4.995833305610287711e-01
-8.931444364360233146e-02
3.804031121009627259e-01
-2.800323941763384061e-01
1.527419278438397754e-01
-1.200339817608859633e-01
-3.758525491645436922e-01
1.064588534231526440e+00
1.401037845366993884e-01
3.921436696667771060e-02
5.385324406355856963e-01
nan
-4.518582690012600267e-01
-3.572450398763448495e-03
-2.232198154211870178e-01
1.652054638733033709e-01
5.408772752035629905e-01
2.416051977936075831e-02
4.151035238813099437e-01
1.521707067308054884e-01
-8.733706230094900880e-02
-2.299229500885690558e-01
-2.188883594353014383e-01
nan
9.585245053552999828e-01
-6.586658944763720269e-01
3.274549824509349616e-01
-2.234466425972847226e-01
-1.465130235131597569e-01
3.108261704131917158e-01
6.324974312146744992e-01
nan
-6.841223167546478523e-01
7.203550727396501596e-01
-9.074146956966332167e-02
1.311097633804678031e+00
6.288695695807078323e-01
-3.339061764484221873e-01
-1.867124216771194611e-01
4.226918613112678469e-01
3.905123739805293481e-01
-2.730009772517487110e-01
1.635717722308774602e-01
-8.169302335536296478e-02
2.311930830152962024e-01
6.611875682653115538e-01
-1.441401488627438721e-01
-3.354098447121086485e-02
-3.069219061857278441e-01
-2.131100414002209398e-01
9.491048427812326382e-01
8.701268248664641991e-01
8.004591932804623333e-01
2.691138097810342189e-01
-4.700441564770803660e-01
4.851018784324337974e-01
-1.033915138770354902e+00
5.864717314874131615e-01
-1.327943373225605184e-01
-6.035448926268591197e-02
3.923047615960208179e-02
5.956694274283813595e-01
-2.027729137372371315e-01
-3.471189197080329358e-02
1.731442890875619367e-01
-6.106606690057990727e-01
-4.359095911774764076e-01
-1.260559381605592943e-01
-1.158867525029882856e-01
1.592971336704291641e-01
-7.407704564242842959e-01
-9.155122074593149972e-02
-2.640227395368878183e-01
-7.932756509676252010e-01
-7.795052544096694458e-01
-3.278726361191758309e-02
4.473015254651381278e-01
5.936073807884155729e-01
4.825010708169002321e-02
4.587362302894895660e-01
1.643521118743037357e-01
1.254538102417796619e+00
3.586208642043731687e-01
-7.702299237605144677e-01
-4.070072447136365845e-01
6.294820473384635795e-01
-6.673716475679496440e-01
1.210468599724091598e+00
-1.208937348989023830e+00
-7.144239469508709139e-02
1.914296517596422997e-01
-1.318028255699401630e-01
-6.775758835434749772e-01
6.596855499761161701e-01
3.849710295037606644e-01
1.397693223342507951e-01
6.266811721774285804e-01
nan
3.056819243159114574e-01
6.133181493471330514e-02
-5.960610680727297384e-01
4.093371940477512072e-01
-3.899806584275914978e-01
4.390398047489371680e-01
-9.947180587857230583e-01
3.500439338393428468e-01
-7.714622023702626397e-01
2.779816579483561090e-01
1.581748635675515602e-01
4.904395256318577756e-01
2.280377288458049212e-02
-5.483491153588243572e-01
-2.583718889521661177e-01
5.141264210584438610e-01
8.491892096425447678e-02
nan
-5.047343522355486334e-01
7.884366553078799855e-01
-6.855909154930884819e-01
7.135790408928516237e-02
1.468656278969910911e+00
1.224163896384886235e-01
9.084750119795813317e-02
-4.225447763843069859e-01
-1.954825401614408986e-01
5.283991440871584899e-01
-2.532350832217635794e-01
1.847797035482020844e-01
1.675566983320408709e-01
-1.046545951859572526e-01
-2.152601181989862167e-01
-2.115260276896116232e-01
-5.821184294263399561e-01
1.780926178771189861e+00
-1.598143187773513885e-01
5.102146690829079123e-01
4.057476678400409043e-01
8.014836516632939389e-02
5.255044894288416479e-01
-1.802391586866279038e-01
2.075570871697464126e-01
5.923320367702306077e-02
9.090435772735355746e-02
-5.768724046815023598e-01
-1.793372665142628497e-02
-1.799610457941517583e-01
-3.085208979008396413e-01
1.037348367905790159e-01
9.769621867939416449e-01
-8.228854068473914207e-01
1.085308473826861742e-01
4.254218016298266097e-02
-8.481954196606157625e-02
4.485837360020283326e-01
-3.599864724904957569e-01
-5.630460815993790780e-01
3.680591325333418262e-01
-3.024484298600445542e-01
4.387331977925550408e-01
2.215767354577376225e-01
3.692328728049609765e-01
1.834822243402728648e-01
4.117860537231297080e-01
-1.009208551677478749e-01
nan
-3.299107505457575806e-01
-1.070617104075926862e-01
-4.291542986654648360e-03
-3.577528320963023201e-01
4.408387758229683623e-02
4.770325957245562520e-01
-5.958075220828010776e-01
nan
-5.383352480309047672e-02
2.844495483763216925e-01
-6.668952405030587061e-02
2.580485086098313285e+00
-2.454358331880776012e-01
2.196100586461383619e-01
-3.401053456323103741e-01
1.036332214599329227e+00
-8.149161883838913489e-01
-4.582981480605826108e-01
5.961406003975863177e-01
2.557139541783363113e-01
-6.560287308593893210e-03
-4.881875322729789524e-01
5.280596573043537800e-01
-8.035363919270576138e-01
1.851523750982665417e-01
1.425171767404119494e-01
nan
3.525084648624588479e-01
-7.918012761661043231e-02
-5.318455900711008821e-01
7.030294031806848531e-01
4.528164393822094180e-02
-3.346953489315979136e-01
3.588718736638391582e-01
2.739347398780550003e-01
1.355293681587552423e-01
1.211902252559658555e+00
9.828889405658861600e-01
nan
4.413310442173833947e-01
7.356788267533145298e-01
-6.750843142780690864e-02
-2.588601315959055404e-01
2.385035671791599643e-01
-3.190242450488022796e-01
1.189619086341766829e+00
1.368740206716117624e+00
-4.771213606360258375e-01
4.113438597379077133e-01
7.666551080596470946e-01
-2.971665017546143428e-01
1.327210923963151323e+00
-7.763914670972033027e-01
3.303105460893919210e-01
-2.804853153443443436e-01
5.675880433141641118e-02
6.115364546231348217e-03
8.064205820182543394e-02
4.446127824985430244e-01
-4.926241007930106108e-01
-4.897816065031355137e-01
-2.583148602382638326e-01
2.950799077703369216e-02
9.247208149492283091e-01
1.302037847951808824e-01
3.715560798502355322e-01
9.278336043559529678e-01
4.985241875487624874e-01
-4.348530725328469959e-01
7.320499819715935441e-01
-4.596812406138593987e-01
8.232116592485676232e-02
8.546955495084452847e-01
-9.837700443111705439e-01
7.060127791183153922e-01
1.758479521843225313e-01
-4.083198130713874829e-01
-6.360998791897528593e-01
1.270965633983696330e+00
3.510939024561576804e-01
-2.578389059573938380e-01
1.798800409726175331e-01
nan
-2.242273422528946181e-01
1.101940542960951452e+00
2.557629426751361068e-01
8.104653197953145538e-01
-4.202615213182787635e-01
nan
-2.569983475391389716e-01
2.913025181540336295e-01
-6.088794546166975685e-02
3.469216659868402663e-01
-2.020009077634951633e-01
-5.440002012854613378e-01
7.835658603199222583e-01
6.844188964163133715e-01
-1.003790096156774281e+00
-2.365331887177688219e-01
-3.127679118815766546e-01
4.196241821751522383e-01
2.993974923348475814e-01
-1.465566388902970474e-01
5.353211667117707684e-01
-2.062442085694373151e-01
-6.558835918797731313e-02
-3.566091929359065937e-01
-3.730417693382538924e-01
-5.037433546316063548e-01
4.377291207553390961e-01
-2.166333915815074895e-01
1.487977581956914319e+00
1.373151720069843706e-01
1.748329231787382754e-01
3.537102892419086153e-01
-3.015451794002183550e-01
-3.806082097610567483e-01
2.750359468349275471e-01
-1.004175984426837420e+00
-6.791269708873338695e-01
-3.954141535293093090e-01
5.650293080661249884e-02
1.202102341528531737e-01
8.181045901074850135e-02
-1.647515895179008094e-01
4.517121243792030505e-01
1.214137250509649046e+00
1.379598683422692262e-01
5.076089516390013268e-01
-6.675447055693776166e-01
-1.338747401500237633e-01
7.281806252305025318e-01
-4.958376138265122579e-01
7.605974006352460570e-01
-3.994309215453113460e-01
8.356626087110748946e-01
5.510011583863565487e-01
-3.529836200728797002e-01
-1.074784893221385207e-01
-2.210284123007731361e-01
6.201498483442879212e-02
-2.568893604331604075e-01
-6.844104452734335320e-01
4.525079779155539161e-01
3.005928897983113912e-01
9.057692120525462354e-02
-5.458789976847241432e-01
5.758694985349176454e-01
-3.589673857282104502e-02
1.770910182767247154e-01
-1.803548231072416019e-01
5.460398898369967641e-02
3.763518438106502884e-01
2.475924528927858914e-01
-6.065580134178570892e-01
2.052939949847981449e+00
3.374586973039621629e-01
3.269299289265921726e-01
-2.805731462094987472e-02
-7.439984807175288595e-02
nan
9.857744994009372264e-02
9.054817977128244433e-01
6.073648819164680773e-02
3.038290501464692150e-01
6.441729204300474798e-01
6.234890645956855243e-02
-5.326008506433408396e-01
-7.381161388777874865e-01
-4.443642965935116207e-01
-2.347568940854103392e-01
-2.069530043047559942e-01
-7.101536214902437472e-01
-5.780882227748984636e-01
-6.156462924930292679e-01
1.432118406544740929e-01
-7.743624203726084954e-01
-1.889887334660647900e-01
-3.718159008724887804e-01
nan
2.963790119824165070e-01
4.662774435064809264e-01
-1.757971986974666556e-01
-5.012645835674894856e-01
3.670025985131371016e-01
-3.286629595410142102e-01
4.154751204900274386e-01
1.303267241267953791e+00
2.955185702674922310e-01
5.384374738064613003e-02
1.621677209402816455e+00
5.830810565457129613e-01
1.166415659579453701e+00
-1.888557131143029921e-01
5.396384062273000826e-01
-4.278134464367065459e-01
5.916074346867329359e-01
9.002375038717268518e-01
5.882512757596670694e-01
2.335786271858273089e-01
1.047623795925387430e-01
-2.266430011272992651e-01
-2.222500890017103659e-01
7.104824134200035113e-01
3.681782917872178373e-01
-8.218764638059592453e-01
1.309748089975863339e+00
2.454300249498587161e-01
-7.024042155201938586e-02
-8.661625655956387004e-02
-1.083925926714842669e+00
2.209555790315150536e-01
nan
2.689636790967463997e-01
4.894454810278595774e-02
-3.540106932557711694e-01
-4.319522468026619211e-01
-2.232624779062228060e-01
9.861548519577208877e-03
-5.547892427004103011e-01
-3.177234337213643012e-01
5.276685682388382315e-01
-1.196656847525180978e-01
1.310815256985200961e+00
9.705170222791471568e-01
4.144259711908021560e-01
5.497630316347408286e-01
3.050896790926889701e-01
3.630677901680362529e-02
nan
1.019726745869264262e+00
9.767826032072831621e-01
-2.375828988933158248e-01
1.285340188376198567e+00
2.026860703876239289e-01
-1.722858971833638453e-01
9.307606504492477173e-02
4.722616674028903283e-01
8.610440959080054579e-01
2.075253001875863035e-01
1.466783393285290060e+00
-5.523672251144934320e-01
2.575615740931773145e-01
7.645555497266030009e-01
-4.312149796442435457e-01
1.967295061378120657e-01
-3.907985737262667514e-01
-4.592130387647497952e-02
-2.922079293068259864e-01
9.587152046533409244e-02
1.055839930518755576e+00
-2.321938933125055615e-01
9.232306458200109089e-01
9.387524590155829074e-01
4.451047958346109890e-01
-7.369722580728250705e-01
6.442256816054950930e-01
-6.915376745222605315e-02
-2.417841884783622497e-01
-2.372435194338061437e-01
9.268033108779525353e-01
-1.849278727206703776e-01
3.482496250243604652e-01
-6.845381592359113532e-02
-9.177297839397954848e-02
8.154314246342624362e-01
9.842072430339621203e-01
nan
-2.073127634302251721e-01
-2.144012082564412947e-01
7.842022794215918191e-01
6.854304486743709734e-01
-2.204595326218822260e-02
2.443754346355869189e-01
-5.794295243385489541e-02
3.838987902486441089e-02
-1.333604050947963526e-01
-9.121977044256456002e-02
-1.057904945742157432e+00
6.312682855479327948e-01
9.297813657267501863e-01
2.576316621306750099e-01
1.060520471180428775e-01
-6.613813132530012018e-01
-2.421401843371196599e-02
5.641820743581814623e-01
6.799938052685747802e-01
-3.979025153397331427e-01
-5.294838846566108925e-01
5.605433166997849659e-01
4.966744965745888418e-01
-1.476077456616816663e-01
1.321573282313958930e-01
4.285419868752584072e-01
-8.700969329628447380e-01
-1.132544387422233052e-03
-6.185098111784134156e-01
5.172753956697114797e-01
1.365291569105440139e-01
-4.968700756007853880e-01
6.675547956887112333e-01
2.717340741889885392e-01
-3.626886006651047212e-01
5.982827917646257321e-01
-6.787235530639211811e-01
9.859724050455922484e-01
9.357161020166915311e-01
7.651945180971151533e-03
-2.975615065500470946e-01
-2.607367692779720691e-01
2.983511457431233249e-01
1.202845077480369174e+00
5.869593764342279779e-02
6.589138965743601695e-01
8.600551709194900196e-01
-1.597101448532836088e-01
-5.127673470660418786e-01
nan
-1.672927183276446128e-01
1.630450653109306314e-01
6.057325647911494526e-01
-1.789386980175416142e-01
1.432220388027553581e-01
-5.150455362051025165e-01
6.739130715312297015e-01
1.286709778225530454e-01
6.885700181146334753e-01
3.097701266267576248e-01
2.592635177400626212e-02
9.830231596495597746e-01
-2.743328984073865606e-01
1.771704972513052090e-01
9.324295602140970640e-01
4.108005764984836161e-01
1.179959847104198101e+00
5.848330111051325275e-01
4.565336712018574356e-02
7.410570543317516190e-01
3.695336104414685685e-02
-4.474231270306054942e-01
-2.684935800228839195e-02
-8.979976053776425049e-01
6.722741978558236520e-01
1.235680383798164195e-02
-6.564945369668820918e-01
6.477612967938173316e-01
3.572590025290522942e-01
7.372096239016050490e-01
-3.937943031780862801e-01
4.599369536970127764e-02
-6.789177807538296916e-01
1.066354227950817579e+00
4.549754494905421942e-01
1.378402243918270598e+00
-1.890146360299062994e-02
1.313366299060362286e-01
3.268443161702595523e-01
nan
1.175994295779803772e-01
-4.998948837303006099e-01
-5.072240348848411351e-01
-3.790104339695192226e-01
5.573670290784935588e-01
1.091886839290724165e+00
7.107007539531391693e-02
-9.051943224814167355e-01
-4.768825909765223581e-01
1.372215183680582651e-01
-7.243688052863085647e-02
-1.699962977833409661e-01
1.069176624077955579e-01
-1.229658219718494372e-01
-1.604221823597575258e-01
2.373402663987955463e-01
1.286993409947880321e-02
-4.303594705421046607e-01
-5.363958414700474575e-02
4.946887676198269412e-01
3.504294927354259515e-01
1.892039390990409020e-02
-7.027791570529893228e-01
7.231743811468784866e-01
2.545480129544934744e-01
-5.235622645050148627e-01
9.614997530951532312e-01
-8.215166941575907655e-01
1.415313663451074622e-01
1.260432841807621385e+00
1.050691694798986109e-01
5.091746847910765261e-01
3.734694195881282375e-01
3.998410659337991307e-02
-2.030170940846614397e-02
1.862764100835636594e-01
-1.101886952731664593e+00
-4.179728386740031443e-01
4.010617912146307584e-01
2.544200089484137672e-01
3.609943562714782589e-02
1.480288849068517598e-01
2.341667677270874992e-01
-8.930975630943083221e-01
-3.857847186711328424e-01
-5.048392156623178195e-01
1.241607424831752821e-01
-1.475417383135073368e-01
3.655212500670036724e-02
1.895101909596422218e-01
-1.904225267956801970e-01
-3.717947939458934870e-01
-1.714069188521485376e-01
1.523378424715928214e-01
4.101087365658498407e-01
5.738724244944984898e-01
4.928629896180977132e-01
1.798685792166795361e+00
-2.183173029800712737e-03
1.776304507573345792e-01
6.540309388361880139e-01
2.037482576457002592e-01
9.099534041117020300e-02
-2.186520459192352883e-01
-2.605666247985960471e-01
1.611678481332827484e-01
6.389966540250879845e-01
-3.286663662646584494e-01
-1.188481042926984588e-01
1.255540418613609044e-01
1.344669472445154945e-01
-3.497659741584392412e-01
-2.561288086474788339e-01
-2.507737838241979461e-02
-6.754320785603861177e-01
5.190326704179176742e-01
-2.598214317793231740e-02
4.034755844815371972e-01
1.091740966042253902e+00
7.204489549432380180e-01
-1.895760258264751752e-01
6.287989085466046124e-02
-3.260046946641658172e-01
1.650791827159546199e-01
8.122685182099794593e-03
1.191268388562569225e+00
-1.017384237024462568e+00
-2.078554668645434811e-01
5.967995688777282259e-01
-2.347869870745790122e-01
8.212674712415281297e-02
-6.357030028101530450e-02
-6.301138937459396794e-02
-1.136271250457910054e-01
5.967495926047866606e-01
9.610312260585146538e-01
6.198194225676175728e-01
-6.129386167022975868e-03
9.017048695245399870e-01
2.301496488266043527e-01
5.478374251351310065e-01
-1.675421458863191881e-01
1.067314338457786782e+00
-6.035289610442833297e-01
4.000172365474572445e-01
1.022252382010343963e+00
-2.497693945654511360e-01
6.676003648415054781e-02
-2.487592665145950122e-01
1.039733952823255425e+00
-6.468866218531019174e-02
-2.834764321849729263e-01
2.711495862073444174e-01
1.280776563575435345e+00
-1.042456472484102559e+00
1.006926895228425378e+00
-3.621916021433391197e-01
5.149043853905520274e-02
-9.917522819690922919e-02
2.048737183877274159e-01
8.414232601134068457e-01
-3.522107616314423123e-02
9.697953734155938532e-01
-5.520141656882083386e-02
6.624686016225903584e-01
-3.140064245260355547e-01
1.496368958079892508e-01
-5.020009998550198915e-01
nan
7.047007612659641484e-01
2.780233178232745239e-02
4.600208379820619475e-01
-2.653489259024268687e-01
5.660104326631548721e-01
5.151658399970495683e-01
8.596964566312181866e-02
5.623372185549257996e-01
-5.895633045069768180e-02
-1.598637401654358359e-02
-2.718620147752806582e-01
-1.336061177018862178e+00
6.180340651150617592e-02
-6.145771530677053285e-01
1.999830582320116512e-01
1.220154647405193638e+00
-6.992662671506391092e-01
8.868928123782068296e-01
5.351241747681693139e-01
-1.056351096929179612e+00
3.584121353992107406e-01
7.446151009123236353e-02
9.433822196079454381e-01
5.879567713202371593e-01
1.236019808451176205e+00
-4.945264863597820248e-01
-4.886584189105265819e-01
-2.783201814530474327e-01
5.434156901826112662e-01
-7.344426852372299974e-01
1.015307916494496629e-02
1.348793894712960739e+00
-2.195155217856877283e-01
6.827666476693143860e-01
1.023257654206460587e-01
-1.324244902950476310e-01
4.584512589633002455e-01
-3.182605742517995440e-01
1.405596827174763752e-01
2.367053652233833960e-01
-9.681108995356912938e-02
-7.115841512734162322e-01
1.882967789264970160e-01
-2.801718603443331124e-01
3.336951195012509142e-01
-3.999476396482610774e-01
-4.630252436770940783e-01
nan
2.582027734057394941e-01
4.089889569387717416e-01
1.019065103103765857e+00
9.338992756221478064e-01
-2.154533896032291562e-01
-5.047794989313671987e-01
4.699948490627514630e-01
-3.393537503411028777e-01
1.500752680556308449e-01
1.275683446925633957e-01
6.990723985175634203e-01
-1.528228672777353359e-01
3.990052435673194231e-01
-5.620390662175996088e-02
1.280049411191117592e+00
1.190824795767654876e-01
1.197608944766245243e-01
-5.044487572261386887e-01
1.030418461346849085e-01
3.993513897220367648e-01
4.080006774112857060e-01
2.327015683615181185e-01
1.883735872335305095e-01
5.834301228111945514e-01
2.194726299382510348e-01
-1.766429004497750352e-02
-6.613192091579608300e-01
1.262707501251251641e+00
-5.142954232939938031e-01
2.730728013247740171e-01
-7.872952990444053167e-01
-5.249190395534333309e-01
4.288735327525166063e-01
6.172715898444391253e-02
2.930006210594598426e-01
-4.194007279971813107e-01
7.390801515435434510e-01
-2.454019903193501162e-01
-4.177506178536012915e-01
6.489723181288543641e-01
-4.117123486125576770e-01
5.053610570946075464e-01
5.506662754799586112e-01
-4.451668880186940985e-02
3.392461449437150223e-01
-1.873174330819905864e-01
-1.171283832176888418e-01
-1.196142176139745883e-01
6.553811380280051280e-01
-7.106506013937942123e-01
6.593388511115837458e-01
1.858112622019572613e-01
1.236751619082758075e-01
nan
6.657629584847696291e-01
1.506732888066956599e+00
-5.058233319942530976e-02
-2.286887407724149390e-01
4.420883352250935538e-01
-5.460847486165076869e-01
1.331040205719584979e-01
-2.257259490342161390e-01
5.056856857387270754e-01
7.517233442755846262e-01
-9.917489724990441458e-02
-5.474856394935458948e-01
6.443640418808371795e-02
-1.791185795808659109e-01
nan
7.844231843248199443e-01
-2.810385568481234553e-01
-5.126715699627708567e-01
8.985377713902478192e-01
-6.429956807990284684e-01
nan
2.737856042445731553e-01
3.825506880635432538e-01
nan
4.230638956611632584e-01
1.335840934891946219e+00
6.481027531560485944e-01
6.191531124600054836e-01
1.107550685347104213e+00
nan
4.020357556932388499e-01
-6.044245327775109589e-01
3.288669900582364969e-01
1.114193917859798599e+00
7.027193762663008769e-01
4.996755398675585269e-01
4.004399152025549524e-01
2.747001959245982672e-01
5.965465980593247231e-02
nan
-5.085334489130286517e-01
2.156302975217204709e-01
nan
9.692994412179639641e-02
-2.286184933821281406e-01
3.764664839612434921e-01
-6.395328320107049880e-01
-1.206796826168522463e-01
1.066646128895485796e-01
3.462472191172085711e-01
-2.812881501653106131e-01
9.196073833113310725e-02
-4.988613072544946792e-01
1.294381341055900192e-01
-1.634487395630836726e-01
3.511068793762608387e-01
2.320383149184649177e-02
-4.249645236514908442e-01
1.156453900426390291e+00
-4.190917000090657596e-01
2.322777606452636479e-01
3.538840917077629156e-01
4.222367385507012627e-01
-4.023530907874346974e-01
-8.604133818248420607e-01
-4.389378421001822184e-01
1.028697451908073685e-01
2.462005843931911464e-01
6.001295882438448803e-01
-2.588637435416652477e-01
-2.027113993720901230e-02
-3.483076348590383176e-01
9.718773005795173781e-01
4.575298279216655772e-01
-7.853935432199399269e-01
2.077228632062677049e-01
5.020367974797282917e-01
4.460249905002353632e-01
-2.956330966685517536e-01
2.027060964972461077e-01
-2.390490775217410380e-01
7.025278664249814398e-01
6.792539458565656219e-01
-8.824296728406988075e-03
2.350891069588902926e-01
-1.762088500760420062e-01
3.212135887405897366e-02
4.682989097957342417e-01
-1.032334972839744486e-01
-2.127162798015711787e-01
9.033974314922178506e-01
-8.883212286055411355e-02
1.980938066457638702e-01
1.463596642335272230e-05
-9.041684339490128064e-01
-4.399495209004566920e-01
5.523661726272920403e-01
-6.561693007552706070e-02
5.507833388052978396e-01
4.280101866616484174e-01
9.223707941698231494e-01
2.070110834764956609e-01
-1.722883102153682788e-02
4.682424152419970564e-01
-1.074705033906173668e+00
-6.584127846461338418e-01
4.387390390220475278e-01
4.163778991402576346e-01
-9.850608849587735860e-02
-8.763351069892730272e-02
8.325632199696441083e-01
7.033702904011368551e-01
9.636197146658037269e-03
4.355987678966048438e-01
2.453268631608593597e-01
2.824103164571200586e-01
4.203998924322636666e-01
4.919246436620767354e-02
1.282514192684739152e-01
-4.759231310522794578e-01
4.932005567422367287e-01
1.591519858370709847e-02
9.983579846155589133e-01
-6.127074303831716584e-01
5.996119236208171666e-01
2.487025597958859580e-01
-1.088983496939822215e+00
1.121051219381164199e-01
-1.640221669425636908e-01
6.829125882382081070e-01
-3.796882679939058702e-01
2.946153057370246575e-01
3.070316675545221516e-02
3.188178885196319423e-01
-4.894685748345576903e-01
3.380690521689735384e-01
7.169786516497032025e-01
-1.693255469908445388e-01
-6.106517997388002383e-01
2.231795305170256150e+00
5.995871922268468379e-02
-5.752585604332118852e-01
-8.538271398357158426e-02
-2.256021391503184037e-01
5.983925130987575169e-01
6.722555593739885926e-02
3.115603895453846750e-01
6.566321530943938223e-01
2.421249194196565813e-01
1.621579651695002622e-01
-7.440973692081470636e-01
4.819568723867952431e-01
6.232733556039410372e-01
-2.781756726396205082e-01
-8.644094233395649418e-02
-4.629586889511107528e-01
nan
1.167285913811951792e+00
nan
1.914910520769528279e-01
-4.486514306447900169e-01
-5.008424905881770917e-01
-5.329566728827646038e-01
5.772404018653800595e-01
1.222334651526573612e+00
2.211970968822371195e-02
5.602787270810153375e-01
3.761594067713773804e-01
-3.975156659020052108e-01
-2.236082708101530259e-01
-5.515555152800729610e-01
6.986744702013464314e-02
6.974187304390815356e-01
1.023321187767606721e+00
5.124326130875813679e-01
-2.723582943752960728e-01
-6.910158146407452406e-02
1.365573808142425349e+00
3.090321786137085192e-01
8.311174743507779850e-01
-6.981094812479379241e-01
-4.112675511784568694e-01
1.137353663495962230e+00
-9.383767603920116773e-01
-3.494654113500159087e-02
1.185278481479537183e+00
4.637348980502302154e-01
3.688286482966396385e-01
1.444005727668080885e+00
2.997662373846232686e-01
-2.493862909786209447e-01
7.420058236012341268e-01
-2.138490128228477949e-01
-4.676435971300533234e-01
3.765863835813029747e-01
nan
3.812421292257286987e-01
1.317756503984008010e+00
-1.227589830003210092e-01
1.139703940335314997e-01
nan
4.496311768279780963e-01
-1.237034344880491993e-01
1.112008385573488578e-01
nan
1.577308491494393561e-01
-5.395752794284511822e-01
2.891918186093815346e-01
-2.467823920533337156e-01
-3.929084580346574596e-01
6.529785486847716758e-01
1.058429000355862876e-02
-2.331108709228887910e-01
3.727436459023710236e-01
-3.753413856023518624e-01
-6.043319956696977663e-02
-6.050983912131989717e-01
1.867049984574977450e-01
-2.670234639564843526e-01
7.695772295126747098e-01
2.467543031655367036e-01
-3.124730320236020487e-01
9.978543113443083534e-01
-4.718945242650465777e-01
5.590338007019489686e-01
-1.511483649217733871e-01
-1.942522208296427466e-01
5.633799444503267972e-01
-5.629164132717727753e-01
4.113471369132760680e-01
-1.087531710675933433e-01
8.126858914033189274e-01
2.623396711987303065e-01
-5.060011097769292476e-01
-4.394775170928806318e-01
6.471898285253639971e-01
-2.909837258115930969e-01
1.587994765612692760e-01
3.250313562516466415e-01
-6.277523120008060564e-01
-1.593640847625342194e-01
-5.377549593456001920e-02
-4.313057563469859801e-01
4.717717430949412427e-01
2.287241597579847685e-01
-5.864072838590435044e-01
1.170191680581998739e+00
2.483248539165351307e-02
5.806735565597098692e-01
-1.008402132325755707e+00
-2.672984007369874071e-01
nan
7.538870348971146718e-02
4.967431696309523859e-02
-3.755749401208763327e-02
-3.631068006933935166e-01
-5.436497557834884392e-02
8.292261734949805119e-01
7.825833788463852914e-01
7.457700148749483171e-01
2.910809932785296539e-01
2.471819989030632214e-01
4.912665150855506924e-01
4.038193103995850741e-01
-6.119996064385028189e-01
-1.306837822804807481e-01
-3.366431201775229032e-01
-8.224772943179763096e-02
-2.505442834387736628e-01
3.297417367050222703e-01
-5.668967817497584383e-01
3.818658516991214058e-01
-4.095853390584413556e-01
1.057465181418661526e+00
6.757204252565853775e-01
1.063809870539412644e-01
3.004147046331744342e-01
6.884144867017515379e-01
-8.405441023725940264e-02
7.566608801512832994e-01
1.486895016503366196e-01
-2.026895154017027689e-01
7.889735810363897039e-01
3.898241614388074372e-01
-4.964116822754721658e-01
5.515727375271112232e-02
7.469396997954863560e-01
-2.349962574114356773e-01
5.744752549574345668e-01
-7.683504880494628209e-01
3.230396694112082634e-01
-2.845315302533683033e-01
1.437477238259798062e-01
-1.093005332196670190e-02
-7.958034875558419596e-01
-3.354686947733329094e-02
8.578027561401030399e-02
3.443243733870975931e-01
-1.508616103279789844e-01
6.799464778626305161e-01
-4.784047971787628445e-02
1.032409770676073479e-01
4.674298705510800955e-01
6.715383196132352905e-01
6.198828515379279924e-01
3.470355504710620487e-01
8.860001963589660967e-01
-1.092545023349468791e-01
-5.584345520595064283e-01
-2.685740008036069937e-01
-2.175882745466249935e-01
-4.166196237375972000e-01
-2.609543484877722697e-01
7.306495557782399786e-02
5.234563389088660035e-01
4.958759618168106509e-01
-8.754062351706971556e-01
1.628795919911954770e-01
4.512930345697594436e-01
9.407672105211786207e-01
6.427725216393512797e-01
-8.316921152933879346e-01
-2.889780383761016980e-01
7.561010313108512682e-02
-1.331580364410062389e-01
-4.490378010322811364e-01
-8.363558354097137826e-02
-4.737310044687333965e-01
-1.314064653430786767e-01
3.796601392848589773e-01
-3.751275576259252009e-01
-9.109441164690383896e-01
nan
-1.750669544826086166e-01
6.442397272596394053e-01
-1.146972408592307480e-01
1.175915928642546682e+00
4.401209265574202584e-02
3.549730273221298749e-01
1.179848699254465449e-01
-7.726296009404087783e-01
4.043053204676990697e-01
6.597138790905842098e-01
2.718226871408431777e-01
-2.096388002930536509e-01
1.369638151712074259e-01
7.170005819964412330e-01
1.391536963194549781e+00
-4.210758536073303526e-01
nan
5.364821324100632616e-01
1.112006176887664566e+00
-1.095432999589350948e-01
5.670007050134349136e-01
1.626975171437297918e-01
1.737228591705199110e-01
1.331552180229047533e+00
1.387302871487492151e-01
4.680642014580431165e-01
8.786342095786553452e-01
1.042101745832129556e+00
-4.375714139582764783e-01
3.385094315022360023e-01
-8.166078954492467235e-01
8.872324642867760458e-01
-5.497931900000581074e-01
7.547967425049666446e-01
1.775478099560937051e-01
-9.661934098917326352e-01
1.115317034734133461e+00
5.893644100345366565e-01
1.714849658296591361e-01
-1.851158876565760572e-02
5.661481653954592019e-02
-3.710182198971462980e-02
2.204947846805494494e-01
-7.275513956643095970e-01
-3.478927815230142828e-01
-5.304441338732757832e-02
-2.777925504568797832e-01
1.039258395585619527e-01
4.324507096601682976e-01
3.224824430562494570e-01
4.496884906120081071e-01
-1.670022153139492649e-01
-2.053416607698588525e-01
1.741889979551992651e-01
-3.269414416305004845e-01
2.049885969406959330e-01
-1.855243250189754500e-01
-2.553563866870351973e-01
5.339326979673170159e-01
6.525388138239939240e-01
-3.403063415380665480e-01
1.357053046795096973e-01
-9.898000854857231801e-01
2.066922490613508634e-01
6.150219374424203966e-01
-1.486463451409283376e-01
7.297839205623635195e-02
-2.521167951331260149e-01
1.503245333571570086e-01
-4.491402688595182990e-01
4.626305306793551120e-01
3.345700187093296751e-01
4.626366309669924237e-01
3.020869566028414610e-01
-1.047565379813506364e-01
-7.132692932896774751e-01
4.737237214173528610e-01
-5.204696554231594829e-01
9.060240255829707379e-02
2.544950166860517338e-01
1.001836184362518312e+00
1.408823801038320833e-01
3.287415550881641058e-01
2.526661533826232708e-01
-3.952229587183443416e-01
-4.838559824491497907e-01
5.928290824534238057e-01
2.818405236057108798e-01
-1.008123934083851175e-01
1.075389137170663922e-01
-1.484246006581434740e-01
1.229355035982159228e-01
1.984979480202838931e-01
7.953014441174041105e-01
5.636628765933912044e-01
-3.931686116532960296e-01
1.824510386352642261e-02
1.283955714581941576e+00
-2.735522308451556750e-01
8.955214404659962713e-02
8.564982820115176754e-01
3.536142875717085965e-01
-1.641532715778865337e-01
-4.078620714612559151e-01
4.861867475449021397e-02
-2.738608235723484219e-01
-4.984800512013794482e-01
-4.148498477356714065e-01
6.318009418759575890e-01
1.019675196418075691e+00
-8.400929324270614007e-01
-8.487718723462750470e-01
1.172751455755402406e+00
-1.628436793003275318e-01
2.250105919089608331e-01
6.031831099187948686e-01
8.587009888716008454e-01
-8.662037719533983993e-02
9.109178677980691585e-01
6.230612321507568163e-01
-1.866751641615967683e-01
8.285517645704246759e-01
5.800039714586999740e-01
-6.266347916530990991e-01
8.125434682597140190e-01
-2.134548283977774907e-01
-2.791226841057056068e-02
-2.415876483464514668e-01
-2.195398105644983180e-02
3.349437700887610281e-01
8.038145315107901867e-01
-8.608512494510417445e-01
1.261132160837641521e-02
9.772122994781891336e-02
4.458796879397330382e-01
-7.469109693714021114e-01
-3.700024995283711371e-02
-1.680767616545303100e-01
1.691636689686440986e-01
-1.983232172648204950e-01
2.515987332439755253e-01
2.041303642977214828e-03
1.497809267351893625e-01
8.537556766250092855e-02
-2.320409570594190313e-02
5.521918592867630649e-01
-7.259323781990224822e-02
2.902916222838088367e-01
-5.630110271018546886e-01
4.741443063670634506e-01
1.283419619585090543e-01
6.202140210296339662e-01
7.115730627910628672e-03
6.448135018840862598e-01
8.157098905942108402e-01
-3.733135860460551347e-01
4.771508925581448013e-01
-5.140575696407482242e-01
-5.476516758813296804e-01
9.374960893979864540e-01
6.148544314512323083e-01
4.311105249684847318e-01
-9.569967610859091145e-02
3.732575538268054216e-01
4.064063136764187179e-01
1.437230143348220690e-01
3.816968451595784684e-01
4.621049041510144062e-01
-5.325464307974148159e-01
-4.097541335106236193e-01
3.360923303799756567e-01
6.346000618577525565e-02
1.396135057512439270e-01
2.717617002247501579e-01
6.272761072819502681e-01
3.827449817062197890e-01
-6.444368722672327854e-01
1.701379766089851087e-01
1.020909947516965177e+00
-9.813747935388970889e-02
3.934140726711385372e-01
7.540543907324591677e-01
-4.300449450592349065e-01
-9.346053693420976194e-02
3.912566332994611984e-01
8.385860927298779410e-01
-6.923271290740182771e-01
1.079782161972746124e+00
-2.787354141097594384e-01
8.345874779836602586e-02
5.351811046605693400e-01
2.849691037545560857e-01
-6.800662005247744002e-01
-3.087194095961557916e-01
1.075834381523736560e+00
-4.218970595896481823e-01
1.509515251812905967e-01
1.298962189180772608e-01
2.391482595789439780e-01
-7.571604548791343037e-01
2.828431294800636264e-01
-3.764221867507905883e-01
3.773983514748867063e-01
1.843501660743775139e-01
-3.188974984582421124e-01
6.014277814904681607e-01
-1.710817143717859590e-01
2.417455469105353749e-01
7.999008184528434706e-02
-6.465576228152192240e-01
1.914225692254757638e-01
-6.838714411635653523e-01
-9.845577703528005098e-02
-3.868639824227759760e-01
-5.510516525045657810e-01
6.774755018136379148e-01
-9.143270653649628044e-02
7.002100473968985161e-01
-2.065149518819465180e-01
-5.394944787083968407e-01
3.400602617207418854e-01
-4.367865326707180973e-01
nan
1.113100461855912604e+00
8.054057734174737693e-01
5.778926370097179355e-01
-5.450576941565379308e-01
-1.938918300369118219e-01
3.816087587163480843e-01
-2.564317471934466353e-01
3.825283439721866574e-01
-7.208532227267604453e-01
7.519662971498419779e-03
8.015917372655111395e-01
-5.643601392635742009e-01
9.701986303724392802e-02
3.469351781814676294e-01
-2.101771480948972093e-01
-4.841467663426064494e-01
7.125871842360037567e-01
-1.528451459721712757e-01
nan
1.538902249404821287e-01
4.635396345988343492e-01
-1.442811754703100247e-01
-8.692489101643238181e-01
-4.957213747152877104e-01
3.729213881217300491e-02
9.027506624319153739e-01
-4.499044592747667992e-01
5.974209146609453791e-01
3.804575938325462925e-01
9.078780290826637955e-01
-5.600910733376969208e-01
2.863398681303514492e-01
-5.027534784998222150e-01
4.674122475680269062e-01
2.373149451112493147e-01
6.593387245551682874e-01
9.712481343572709758e-02
-1.045309243505220670e-01
1.164195917017225440e-01
1.181958472971782019e-02
3.544983119579969144e-01
-4.451677415663440884e-02
2.117341352274125788e-01
2.763247033599438574e-01
2.332572346636385598e-03
3.600818992039807598e-01
3.319808975041028121e-01
-1.638212577034990625e-01
7.100017646118875203e-02
5.283484305081593418e-02
-4.079269778034324001e-01
1.355209014140857648e-01
3.351242177885229157e-01
-1.211148060462002157e-01
-4.655122764027686544e-01
3.331051652790029127e-02
-3.774944921829624378e-01
8.794524757285472338e-01
-1.151153760312815799e-01
-6.594586162068091784e-02
1.034990829640443533e+00
-1.350024395382135312e-01
8.767628465897978063e-02
1.808718132437928672e-01
-1.456546654292109957e-02
7.575122187114597949e-01
-2.295506304499763672e-01
-1.475973638101061025e-01
-4.568721218779358412e-02
6.776639516583325973e-01
-2.848596734026743738e-01
1.077551381853336432e+00
1.590930160451246508e-02
-1.296400104874498305e-01
1.564141929648788398e+00
-2.931916004095501127e-01
6.621936640423127240e-01
9.938177031025866026e-02
-3.023501386014036396e-01
3.259509951994382648e-01
1.796917615504327881e-01
-5.149683571871560561e-01
-2.207578493046974399e-02
2.174027259624397856e-01
1.130981186699523723e-02
-1.356287472253844273e-01
2.585818715903704934e-01
-3.818778122963122912e-01
-1.772712417485802772e-01
-3.588275171769686467e-01
8.503738963656394256e-01
1.284912678084623172e-01
1.494407868148476926e+00
2.118593650351927593e-01
5.069586127909472134e-02
2.156732236902004218e-01
4.007905025230988350e-01
2.814943564055699676e-01
nan
8.025508176086506573e-01
1.688372169165070824e+00
-2.755552382627884933e-01
3.953096768972771402e-01
-7.802117353683091228e-02
-1.058585369240635926e-01
7.070987386241445183e-01
4.473158866578120230e-01
-4.915830699003627124e-01
-2.158622180354207165e-01
-7.683925603096143364e-01
-1.647103898832129598e-01
-4.417461712732302925e-01
2.621389363694307528e-01
6.253279978851473686e-01
-6.974948283003564731e-01
-1.147354361870010497e-01
-3.961684058293424293e-01
-3.451449131967344597e-01
-3.748760031550842919e-01
9.942207787158917620e-01
-2.142465526277242682e-01
8.692208715799684127e-01
3.287183218976013066e-01
-2.078321182534326184e-01
1.654677839016394758e+00
-4.953868749319414316e-02
-4.462282547423830903e-01
1.983961422362028604e-01
5.793162587362158389e-01
9.436353431449386875e-01
9.717071856344706993e-02
-1.939400161020699287e-01
4.550352447953407986e-01
5.192530005449831343e-01
1.032701083819213439e+00
-4.248480909599618438e-01
1.747278324151411710e-01
3.671182844432718112e-02
1.832301483755226501e-01
-9.146163250619195051e-02
9.918351532202747123e-01
-4.578900765753414204e-01
6.143255182978979434e-01
1.495253982719805530e-01
-3.534829070493946124e-01
4.964911211368270849e-01
7.237102622273721142e-01
-8.965700250092994983e-02
3.295778098459154620e-02
-5.495940946533645066e-02
3.409251656335515746e-01
6.843761357466542072e-02
1.274872352649750962e+00
-5.614292764053651075e-01
4.870408996846584682e-01
-1.247635593517953667e-01
-2.487363150794947853e-01
-5.419051663577026945e-01
-3.845641057086708336e-01
3.209363486624226547e-01
1.090777271715852814e+00
-3.533047433822372185e-01
3.925090829740933152e-01
1.489104616030547390e-01
4.888212006939430809e-01
2.686586959054720891e-01
-8.134006926659991255e-01
2.508437987479500975e-01
-1.108912268235764803e-01
-7.409651902720039152e-01
7.862992133891716362e-02
1.882028454731194400e-01
-4.588680406300752468e-01
-4.047259320909577518e-01
-8.571269527619236562e-04
-1.251901045628072695e-01
2.649123196921981394e-01
-1.084989249464817923e-01
2.478798004573077862e-01
-6.307736963807181185e-01
1.039405054070309475e+00
2.472047382205955768e-01
5.212627255764041845e-01
6.753362880016082759e-01
1.879512230753056512e-01
-2.083356779175067619e-01
3.333764806298510908e-01
-8.988828271993093422e-01
3.546078896525707291e-01
3.230847959634890465e-01
-5.315778915679456908e-03
2.734725077000761395e-01
-8.480133582667903624e-02
-6.695902829391302269e-02
-4.034433898126328910e-01
-5.621524556571182510e-03
-5.394955244680990081e-01
5.183755216096567198e-01
-1.896836238937332497e-01
-2.462063843769521088e-01
9.036308613984816995e-01
5.528723453160780954e-01
-5.077545558045502838e-02
-5.092592043140166114e-01
-4.525258810207130611e-02
-6.418909099351918779e-02
-5.830365255473166641e-01
5.487555217351851589e-01
1.392930555537311044e+00
7.001427979312362382e-01
1.891735904678205071e-01
1.781413173655491122e-02
1.190859357043479339e+00
-8.534244724696752327e-01
2.919750999157152971e-01
nan
9.919238885203010003e-01
4.821005711114697556e-01
-1.874849832024463314e-01
-1.575303024771742763e-02
-5.043139262343133700e-01
7.987914972087700738e-01
-7.138842931378541756e-01
7.451163417605686234e-01
-6.274335699705043679e-01
2.292861503507002685e-01
-3.262377027122047579e-01
4.632758969335434851e-02
-1.724977904070492118e-01
6.872094235633186173e-03
-1.089272295651594197e-01
-4.716703434451546273e-01
1.828245477262169238e-01
2.195548029258497236e-01
4.784510153085533984e-02
-1.955093640122570753e-01
-1.080225376898833467e-01
-5.000821732246518714e-01
9.933736692220354048e-01
-3.016828186437311432e-01
1.761482569148794752e+00
2.534941837986679491e-01
-1.100669902201062145e-01
-3.444104119321327317e-01
-1.342228680937613827e-01
-1.727968875097408707e-01
-1.345980176417960472e-01
9.480882563211107117e-01
-1.641444804965608859e-03
-3.176606163498361113e-01
2.204158811842687193e-01
-2.823758763501303948e-01
-2.774459455121363605e-01
2.133388323896142913e-01
-4.624557404869997224e-01
-2.304605602111986160e-02
-1.104767720627249039e+00
1.004623803815525296e-01
6.366938597434681490e-01
2.959212639102088982e-01
-1.749389521290254379e-01
-2.031708380722311025e-01
9.878797522638611828e-02
7.223754147608751897e-01
2.267424266326624749e-01
3.105253911079292051e-01
1.213402139073040287e+00
6.019619620880110045e-01
1.261427942161555737e+00
2.028569167071758161e-01
-6.300589085695696978e-01
-1.955597133219457440e-01
7.867386688091206892e-01
5.266129832132713240e-01
6.970471481590061469e-01
6.096060405598988097e-02
-5.300153532689249047e-01
1.365810748216607973e+00
nan
1.117628377593850864e-01
1.913971607855803614e-01
-8.145968548385312813e-01
8.094040233765548153e-01
2.364993598676574937e-01
-3.136047173896672757e-01
-1.612660314427094566e-02
-2.972491566084231041e-01
1.881022107082650028e-03
-6.331131351725423073e-01
-6.743817402475210665e-01
1.059600393218699532e-01
-8.439529299339399993e-01
7.790972530633893944e-02
-1.050470437118085743e+00
5.686671506346956811e-02
6.450629268265440919e-01
-6.777245626825197933e-01
6.953782712092131391e-01
5.819964771621039153e-03
4.252546746960895185e-01
4.417082683148473854e-01
3.132035361692750430e-01
9.773952863719036488e-01
4.528325299973450790e-01
1.611960494140219469e+00
8.701920719144386196e-02
-6.720753469172586758e-01
3.002177648872381699e-01
-1.413865207732256934e-01
6.174415654754226157e-01
5.115491831278137225e-01
-6.567712187134444601e-01
-1.830120151947588203e-01
-8.573427799443536501e-02
-1.369977081108494921e-01
-1.730962198608596014e-01
-1.062332517582295077e-01
1.275178909598476240e+00
-5.591699961192777568e-01
-2.783939113855989911e-01
4.146023298804118150e-03
2.532730169560189482e-01
1.896009319977260132e-01
8.594550013452220694e-02
1.367724816701898494e+00
1.916483145564794321e-01
-4.124880246101848003e-01
8.853619446593029574e-01
2.662997661483131884e-01
-4.891175432946934937e-02
3.117280083511628219e-01
-2.296213040175600628e-01
-4.138081162827503823e-01
-1.055088538284990884e-01
-1.147175903912053263e-01
1.280630023292465836e-01
6.279707574560409178e-01
5.570082909782547720e-01
1.478911483773199365e+00
3.322063177301323028e-02
8.652465839628032951e-01
6.719016718694404977e-01
6.761789272137317397e-01
-2.290090046124678910e-02
-1.250287383361701476e-01
-2.510240305102111047e-01
-1.270310160809466626e-01
-1.362440381207383755e-01
-4.280808083205746017e-01
nan
-8.439144380279911539e-02
-5.185867892136727386e-01
-2.843957585004550093e-01
2.186697381013645858e-01
5.180894751715049429e-01
-5.713223671420981642e-01
-5.878068399900180513e-02
1.856951501811922589e-01
-1.503261450839600000e-01
4.134581194505299734e-02
1.136628651518403421e+00
3.869424430398420434e-01
3.337089153698320487e-01
3.173775334654493907e-01
1.102457408123229232e+00
-2.154590109046840840e-01
-4.082931317777903080e-01
3.779548534100486967e-01
-6.654431975739478755e-01
-9.054992769340382275e-02
2.539837081304743283e-01
3.051363129113559558e-01
3.869751920953224539e-02
6.576801721960512381e-02
-9.793889762664820253e-01
7.652620975823917204e-01
6.793884602290577446e-01
3.948926470034763159e-01
-3.467464335395031589e-03
2.040527938606641334e-01
6.517817735456296058e-01
-2.957904649307281919e-01
-1.108961731834511716e-01
2.007766376769431205e-01
-5.402716757405475745e-01
-1.692198383890012869e-01
1.098912188157881609e+00
1.083753268257195090e+00
2.272612232802058985e-01
5.264064593039848722e-02
1.318776600896447992e-01
-1.221354344624496352e-01
3.407388266129031673e-01
-2.639120961919867378e-02
-4.327819649236665511e-01
-5.078854507684329445e-01
1.966542301635146317e-01
7.690361204660820515e-01
-4.781774138399524920e-01
1.711387507856576840e-01
-4.086127997334886852e-01
-6.603345692187325700e-01
5.854423656475192805e-01
-1.496128704188057768e-01
1.564630626016468629e+00
5.607885472928801907e-01
nan
-5.189134827918888693e-01
2.208806858739478796e-01
-5.977170237619561233e-01
-1.181287509872097907e-01
-1.808338319867583421e-01
nan
4.552272903960168926e-01
7.811637051265908627e-02
nan
-7.073167301644909255e-01
1.859209542447337327e-01
nan
-4.095204820204736418e-01
8.038428579850664946e-01
nan
-1.649034014086436239e-01
nan
1.327304684989360495e-01
7.018581324762384055e-01
-4.483002001121773050e-01
-5.005164324862075853e-01
-4.888318889591335981e-01
nan
2.644875130955399167e-01
-6.988762045048291238e-01
7.948130067576577584e-01
9.414046351017160141e-01
nan
3.178467117154324395e-01
2.808509277617565747e-02
nan
4.399547444184276346e-02
-8.628649373531546152e-01
-3.844358440783773867e-02
-7.244479838987326614e-01
nan
1.497692253563462361e-01
1.620597009324947213e-01
1.522544157027752310e-01
1.167437395008168455e+00
6.731125923914944575e-01
nan
3.559012040173945568e-01
9.464229920345574865e-01
-6.574498333342327916e-01
nan
1.081060767186157491e-02
1.130368486498809055e+00
nan
-3.479096175450828721e-01
6.662931006090330177e-01
8.165417213807427688e-01
nan
-2.067431987692175677e-01
nan
nan
9.876649577261646940e-01
-1.011886230653599450e-01
nan
3.863482507953528988e-01
nan
4.078643711179321674e-01
5.339530344582118365e-03
-2.115306493177632474e-01
9.565267647689832398e-01
-2.554471858320966349e-01
-1.971110235855929038e-01
3.172482564211564493e-01
3.174710214238881667e-01
-6.620448432152541418e-01
5.108615045244006003e-01
3.710558051001999758e-01
1.458754279395548248e-01
2.889281864537117106e-01
nan
3.660158168372139031e-01
5.613124759024431393e-02
6.209816806476938789e-01
9.802335777592485755e-01
8.236596852992157380e-01
-1.512489817849508866e-01
5.635286911346516492e-01
-1.149920862305985558e+00
4.010215780939598712e-02
-7.644361079725377206e-02
1.606783817919170132e-01
6.543466386187651862e-01
-5.039233066842736114e-02
8.798450800227832769e-01
5.250161487571040064e-01
7.557632277802968090e-01
7.122020236933541970e-02
1.920195901502267932e-01
3.924262701904503992e-01
-5.393803926371324442e-01
5.692380896617407204e-01
1.406507601520761985e-01
1.611985362097272945e-01
-2.573472318400752967e-01
1.370707395113087701e-01
8.573404502306235520e-01
2.542343726622041111e-01
4.993029635357907892e-01
-4.389085052192209235e-01
1.329125960593962874e-01
2.889404052291112412e-01
9.141745469742622587e-01
-2.328593292176091567e-01
7.210508368285035719e-01
-4.897744975701201486e-01
1.384710593705972936e+00
1.649920646184319106e-01
1.090769015265876885e+00
3.800755608865670210e-01
6.644007113482389704e-01
4.358783765101058028e-01
2.482006285479497198e-01
6.638610623515233122e-01
4.562852407666123655e-01
-1.634764732061271819e-01
8.618468774308841729e-01
-2.975749451832281900e-01
-1.903659321673206173e-01
1.386615090321477450e-01
-1.870926065140386951e-01
1.493199075507272225e-02
7.106237660138539081e-01
8.093198642598575798e-01
7.941247514015278286e-01
7.000794656071159805e-01
-1.571375091646451047e-02
9.680412066182361719e-02
4.689054416965406369e-01
4.297083354997527360e-01
-4.805260554284761926e-02
7.835381057862963461e-01
4.985284465185149116e-01
5.763067992915456017e-01
-3.544633972436893044e-01
-2.099303384007016049e-01
1.256317686395887478e-01
1.076573263597993213e+00
-3.892377420747593630e-01
1.551302428365900932e+00
-2.951744556562708316e-02
5.278252049397749029e-02
6.394955562284281303e-01
3.336631451542748650e-01
-4.928984400682834277e-02
1.729626929569031552e-02
6.685046643043622838e-01
-6.550445925515960832e-01
7.914870382043061037e-01
-5.922208896008374079e-01
8.461427118735989072e-01
1.834338790080619064e-01
-5.356192228894612883e-01
-5.095364600032917801e-01
-1.763333318368894009e-01
1.522960455363581989e-01
1.989459337848306641e-01
-2.968365124447137626e-01
4.835088632463221403e-01
4.439102251898632834e-01
8.251726300432813410e-01
2.317355871988728000e-01
-3.808635461130842614e-01
1.245358205214224384e-01
1.186408348364585419e-01
3.177150622559574318e-03
-1.640757144427249514e-01
9.519440959482888820e-01
-2.464817501085175000e-01
6.090493735105547701e-01
1.667878327835726482e-01
-8.640617556343911654e-02
-5.031426688241778106e-02
1.029665702992686782e+00
-7.014393813947585044e-02
9.040451557372539138e-02
-2.315744702230897456e-01
1.438322324649962680e-01
-7.498534936249912075e-02
8.511852527875555241e-01
-1.389659743044260043e-01
4.095134617762510310e-01
1.069055814312260683e-02
1.094587533904529897e+00
8.023907491704006523e-01
-3.651711826608053379e-01
9.916860732848965798e-02
-3.676597404241404021e-01
-2.042520880136973471e-02
2.179258655892755969e-01
-6.820987524503584198e-02
3.341144871684946782e-01
3.050252769277457254e-01
-2.035823299331555869e-01
5.331817409316255141e-01
5.258912750645653444e-01
2.279634454002662514e-01
9.625506299407224908e-01
-4.179993018619836825e-02
-1.249710690229337423e-01
2.945163948525562070e-01
1.028326136404564550e-01
3.308281568366862602e-01
1.520764746879810447e+00
5.240407067018088005e-01
5.571816843280981146e-01
4.828345644803365699e-01
-1.706454974180844353e-01
-2.037634912015063859e-01
1.748972202560153122e-01
7.654303521538782240e-01
8.686853414811777085e-01
1.048786329838621301e+00
4.337763832135337061e-02
6.681981959979503838e-01
6.457334754582846337e-01
1.360527305924747132e+00
1.878662078885225128e-02
3.134209079618467952e-01
1.743945378345466424e-01
4.835243028470466164e-01
6.303022536990120495e-01
3.291322490875447926e-01
-3.516278040795394189e-01
-6.637073646867952537e-02
-2.216773140634150374e-01
5.132436150626027427e-01
3.530209176912331159e-01
2.233874521998696905e-01
1.425752963790509531e+00
-4.491895485609037619e-01
7.363614578229839280e-02
1.484063334775397314e-01
7.019951034776106269e-02
-3.828316839237335123e-01
1.751850931949496815e-01
5.425334578110363459e-01
2.060336834794282979e-01
-5.917395097471221943e-01
-7.247046032768710289e-01
-5.469034482622726623e-01
2.696875407742546082e-01
9.508153512577603994e-01
1.547232239484353511e-01
3.977189276138208274e-01
-4.524041601764821618e-01
-1.374739475897926964e-02
3.456904238383684547e-01
4.682643407014600717e-02
2.974142143843083175e-01
-8.538085392788687111e-02
7.236247357886724796e-01
1.556089282668265961e-01
-6.028787728842255333e-01
9.134149305613585845e-01
-1.545760748462053635e-01
2.133437755410262093e-01
1.583893521981244001e+00
-1.347618081985235347e-02
4.921235188797049021e-01
-2.469228739961457642e-01
5.821939474565369643e-01
5.703076628526621006e-01
1.721078989680207283e-01
8.826921834792866850e-02
2.148232983458812084e-01
8.780527915709024356e-02
2.332104604957265792e-01
-1.831705547257485647e-02
8.028445455250636797e-01
7.640300311864241245e-02
-1.866389922210747176e-01
-7.053831184183337322e-02
-3.515225423888996836e-01
6.515913501843420552e-02
4.658105125770160004e-01
1.038028167303631122e+00
-1.260529646443759311e-01
-2.590075161278699301e-01
2.033688959333359025e-01
5.691955074736773645e-02
-7.915029499997099094e-02
-1.847533583619844211e-01
5.833700951325823114e-01
-4.814296668355370068e-01
1.290116186210190197e+00
6.802425810359714609e-01
1.295966080596000491e-01
1.282634889994976046e-01
7.596058336088923335e-02
-3.940965881418979078e-01
-1.412845026771297231e-02
-1.798011419433971636e-01
1.488912118486916125e-01
6.776798681934818047e-01
-2.719539331336980337e-01
-5.141530153367537270e-01
1.680173735876521746e-01
5.846738977978009899e-01
1.901196507286381232e-01
2.454209597719455016e-01
-1.547284674274057581e-02
6.470366103521162371e-01
4.934552554523117252e-01
-1.385065330611196244e-01
1.061941177104772094e-01
4.975830151272972457e-02
-1.355789685667442290e-01
-8.077700538421005161e-02
8.902688639586057162e-01
-2.408639038547053801e-01
3.609394734085992762e-01
-8.282381196227366071e-02
-2.096057685142674043e-01
1.804960821173147156e-01
-3.609625054843373926e-01
6.125416328818795997e-02
-2.926865366122098355e-01
-2.406076749641996859e-01
6.629570429137889853e-01
8.141173401467617365e-01
-4.377014078663314933e-01
-1.503085458309402767e-01
7.398689228789455674e-01
5.901443668457500014e-01
3.206702001015963588e-01
1.097616960964891419e-01
7.153064302373271510e-02
1.522272382267106927e-01
5.865910299422362195e-01
2.939035498878263541e-01
5.650450629967738170e-01
-1.872758216968211931e-01
3.483792054360039803e-01
-8.413545720302181286e-01
8.872670948641329103e-01
9.713893016846972817e-01
8.908872257378385937e-03
7.698697840954646932e-01
1.083135228116332227e+00
6.002011259549744349e-01
3.447345905686075018e-01
9.047720572308692866e-01
2.271019729105635265e-01
1.531486200180434354e+00
2.422429484681719661e-02
6.372624615469750786e-01
2.716302325126788708e-01
-3.346447701371758204e-02
4.186493767919189923e-01
-2.681541012845187755e-01
1.000342505716891539e+00
4.845196534896669682e-01
-3.201281244191953035e-01
2.432223808947112931e-01
9.374397240397028819e-01
3.987941414269632334e-01
4.861579744115835933e-01
1.610534996591624080e-01
1.332110783091272843e+00
2.903198378466297913e-01
3.724802842315040885e-01
1.862280349117837908e+00
-3.154831745754006489e-01
-5.104489742064474145e-01
6.219290531857625259e-01
-3.159737029819335019e-01
-3.027895620637008900e-01
-4.153886097185788273e-01
3.174110967475288758e-01
6.680225457131093725e-01
1.431616645943107335e-01
8.515662993787387336e-01
8.761230664241401733e-01
5.092891031888163722e-01
-1.881707100595895743e-01
-8.717558938881697639e-01
1.077375546909730038e-02
1.447720821008505521e+00
4.016504010247839429e-01
5.078932254565312471e-02
2.730992926579390301e-01
-1.467743479460398986e-02
9.907861521890776180e-01
6.579992840269648091e-02
1.281064061721865766e-01
-1.018892005757333907e-01
7.244405413918755254e-01
1.206762815927909377e-01
-5.403143909725671712e-01
1.682499959720363258e-01
8.022652816016465072e-02
8.312795445990209808e-01
3.439995684299806955e-01
1.390783161971629878e-01
6.998089717190253412e-01
4.328937303283341698e-01
-1.005756018448817013e+00
-5.744497268407775525e-01
-4.057774670321645516e-02
4.574688367551161261e-01
5.430679272882757980e-01
-7.300739239297676653e-01
1.792868897460006550e-01
4.535835340924653791e-01
-6.565861923083380347e-01
6.387706971325586291e-01
-9.002349429955229798e-01
7.544840182717081900e-01
-2.375327899111440155e-01
7.136281955386224174e-02
9.069632540214497274e-01
-1.526725648817294501e-01
5.422339684652756342e-02
-8.588472654298059394e-01
-2.253084449026152847e-01
7.716590986332960700e-01
8.565844002657546641e-01
-1.235788515179705865e-01
5.880410479285906877e-01
-6.037687742315025474e-01
8.821988509757255903e-01
-1.123913148479205870e-01
-2.925822105336751133e-01
7.410512036423572146e-02
1.063006247950674110e-01
-6.108925015186267987e-02
3.566077916579317719e-01
1.317750171238661894e-01
8.476330354046893722e-01
1.187481039877638089e-01
4.291472280794785266e-01
-4.344272737922944549e-01
6.589496865081581056e-01
7.533522635171249204e-01
7.940058012366257856e-01
4.804044070570482883e-01
-2.905443285514147100e-01
-2.509174682477749441e-01
2.630481642455221869e-01
-2.552721902362322867e-02
1.442049735300844904e-01
-7.655990583039018471e-01
-1.009077873495734856e+00
6.030163835694037910e-01
-4.966925869506428892e-01
-1.408340779819750310e-01
-2.125228792613752249e-01
6.608945178462424241e-01
nan
1.135767784814980974e+00
1.360066359497418831e-01
-2.269131291634677028e-01
1.625110887821311634e-01
9.089485892486226862e-03
-7.811080887020821484e-01
5.802992160718964954e-01
-1.505127700574813709e-01
-4.119118083899708238e-01
-2.671664223892956658e-01
6.804838558626252754e-02
-3.760164902378900220e-01
-1.864110544717646062e-02
3.409966568043167889e-01
3.895964241508960146e-01
-2.701255336943226282e-01
5.019513480101633895e-01
2.898184435182027952e-01
1.113260106859068399e+00
2.587466281600033779e-01
-1.495777836086750190e-01
-3.192727096953982824e-01
-2.172283188179225943e-01
3.159583317365700916e-02
-1.049842214162506476e-01
9.792415268420874286e-01
-2.111063603021770818e-01
-4.222828987447666549e-01
4.023371599520724762e-01
9.068126014996104045e-01
-3.952967308452510764e-01
-6.642247933277589667e-01
2.457477974567240930e-01
4.779655024100084026e-01
6.425774731981143129e-01
1.225139681192071450e-01
6.816140538430479623e-01
-7.280182745953248658e-01
7.786923096744045869e-02
1.033190408761264889e+00
3.022688932866279821e-01
-8.534693586795875919e-02
4.071498450715413941e-01
5.522914846485150742e-01
1.146853901439458312e+00
4.771127102594496794e-01
4.698394883067302102e-02
-3.307670943614901549e-01
-8.898651176232055260e-01
2.125608308428400262e-01
-2.814353431274405626e-01
-1.598776123149345529e-01
6.350656734965126615e-01
6.491680212580299703e-01
1.939823825725037754e-01
4.652718586309219084e-01
6.248814052260689422e-01
-4.182384228736529264e-01
1.587912335350835646e-01
9.154731704837697215e-02
6.273642427989105652e-01
5.272609729767706588e-01
8.455829536323232476e-02
8.157461435900167368e-01
2.235369131017168887e-02
3.308711358503382827e-02
1.381222289845157047e-01
5.244574529645642524e-01
-1.861846589921133388e-01
-3.366555678588341038e-01
-4.489409840367829529e-01
1.569022432915714166e-02
-1.318541236238878478e-01
2.961591060275292620e-01
5.112583130362009787e-02
8.511565148546727799e-02
1.159012722699132025e-01
5.689249833819320923e-01
-1.132833552925697346e-01
1.549355569378050523e+00
9.664518608296832625e-01
-2.665972707516448548e-01
8.566714205037613203e-03
2.911591460169193346e-01
7.522515819380307667e-01
-8.303458933729032654e-02
-6.304543284417061244e-01
5.932742302610913981e-02
2.424472868429217998e-01
2.813377197278075781e-01
5.915978653830007428e-01
-4.627383183148428003e-01
-3.551438668834231982e-01
2.660159759749284869e-01
-6.236334632599770805e-02
-4.004017002576862327e-01
1.358694829492073930e-01
-6.299504810248867104e-01
-3.737998926028410773e-01
2.401401098478576912e-01
2.801816806540823324e-01
-3.554936442546129394e-01
-1.687471905377421477e-01
2.810519483669083884e-01
5.387430191480035990e-01
-4.880247032395785833e-01
4.804419118458631843e-02
-1.629949775786330435e-01
-3.312400140001215965e-01
3.391604310116400622e-01
7.448327321717544969e-01
-1.044131618297811509e-01
1.437562419894110377e+00
2.098857018747545544e-01
-1.014305083154727616e-01
-1.999114450096898810e-01
2.229637094794921504e-01
2.872258693361442409e-03
-6.492274936380197925e-01
5.330895966734137265e-02
5.494203993605795144e-01
-4.860975528634359777e-01
1.033580692952852514e-01
-2.309429763833177052e-01
-1.326900769796533763e-01
4.535314050214831472e-01
7.320510773801881532e-01
-7.758564302087559428e-01
3.985029722829196985e-01
-5.909814083601924173e-01
-1.016395042816774286e+00
3.939700732635162406e-01
-2.925916697221270790e-01
3.507425974133392410e-01
3.252897108886266264e-01
4.894203426854036865e-01
4.948203623566216902e-01
5.288320141188186385e-01
-3.672998815214285062e-01
-3.187043494989150183e-02
1.594832951395876441e-01
4.757187867584479202e-01
5.487131786883666651e-01
-4.424060628195565503e-02
-1.008107415358140135e-01
7.284461926470111592e-01
4.113488888996830739e-01
nan
-4.586211444583876973e-01
6.442334684680733892e-01
1.949766872138681759e-02
8.951021847710793899e-01
4.570048871830936776e-01
2.112825115514016250e-01
3.731975023816118675e-01
3.993566722368293020e-01
3.697716504768366885e-01
-3.411668207313289236e-01
-4.841828916049867870e-01
2.079349137830187877e-01
-1.299138510484766917e-01
5.212704802451746389e-01
-1.358083880007467659e-01
-9.671119967670997741e-02
4.427272643214538173e-01
-5.865702733509022826e-01
1.293991344336915983e+00
-5.393786305556430571e-01
-2.142700528099103219e-01
2.183195474087238075e-01
7.690114736484816582e-01
-9.047661449377819576e-02
-1.206287622224768291e-01
5.379968195213141735e-01
2.239576750865954757e-01
1.807484471594127395e-01
-5.516269134552136411e-01
-1.110040165235417708e+00
-2.785154206019514467e-01
-2.917509492318370173e-02
2.647582697329313173e-01
-8.622572570604186692e-02
4.734112006288991314e-01
5.162882542943981745e-01
4.240749575339976540e-01
4.539922997482442879e-01
nan
-1.496683887585950889e-01
5.897875600905186366e-02
6.971286388787814592e-02
2.720339764566866991e-01
9.382035879194424721e-01
5.798122851125359078e-01
5.296125729020991768e-01
-5.713212245517793608e-01
3.640375560034365687e-01
6.671997067933755909e-01
-1.223642074864427637e-01
1.835804397817073275e+00
7.333271522711645174e-01
-4.774077604034080990e-01
-8.557608348897877137e-02
-1.231473421739891355e-01
5.833078438008286737e-01
3.504191647786716879e-01
-1.365023638092017766e-01
1.079061480248082017e+00
4.905688496362244910e-01
nan
-1.417375968447157630e-01
4.926906780314827539e-01
4.546979016760206438e-01
2.357840431545979443e-01
-2.588877111081568788e-02
5.064552931736677754e-01
-3.497664285264836526e-01
nan
-7.520653460480577479e-01
5.421563761013123983e-01
-2.545203249615416996e-01
1.900814478775693095e-01
2.517556698358228706e-01
2.680671060895990498e-01
-5.943528374027301497e-01
6.325408409225160566e-01
1.062518346781385625e-01
-3.676101646489000618e-01
-6.160920388619742782e-01
3.830976876828938726e-01
5.816322039305121816e-01
-1.269671647344291499e-01
-5.064164416358727383e-01
-2.142192263290604304e-01
1.770511289480570238e-01
-4.070284733720546527e-02
8.009585532156302534e-01
8.713109130948832881e-01
-2.601839322769596285e-01
6.052010009908489335e-02
7.740138498429875724e-02
1.533714248697572780e+00
-5.209324940369945978e-01
4.290592712053500901e-01
7.195352648387079997e-01
-2.657540957692360872e-01
6.973794564084363767e-02
4.299442329945590835e-02
2.166414183672954463e-01
9.864399554314767782e-01
1.977152070058900424e-01
2.617900940717802216e-01
-1.232109624399816972e-01
8.130836063658790705e-03
2.318086250856654373e-01
-1.711098871079594907e-01
-5.439677506379818617e-01
8.955941061698942107e-01
4.078596675667915950e-01
3.877374344681355084e-02
-6.825361830271363672e-01
-3.953183164902138863e-02
-1.774985019712912917e-03
1.450282063522344289e-01
6.929086515074611707e-01
3.000749466032929802e-01
-1.036585397567746231e-01
-5.799894415632410594e-01
-3.769258113658027209e-01
8.631017385311018364e-02
1.237968148785887124e+00
-2.092269910205453443e-01
-5.988680454288719535e-01
-1.488869187848790021e-01
7.515088385830678286e-01
-3.549518578695866344e-02
4.818058970050119287e-03
-1.766736619559652333e-01
-6.055386293769161599e-01
5.798983613724052466e-01
1.478655949217273502e-01
2.923849906583849689e-01
1.665648635750144879e-01
1.273035015170034256e+00
8.159830673358331454e-01
6.251875997612627023e-01
-1.328702281831154186e-01
8.617086867876015965e-01
3.934073901675103624e-01
1.320375793223084737e-01
-5.835594877089608085e-02
-8.481507703454159441e-02
3.380564243050573903e-01
6.866460506882068326e-01
8.484215969235778254e-02
-1.209910508812910290e-01
-2.530558199079231962e-01
-4.444577763540313309e-01
4.462707184423719275e-01
-3.548425115728470192e-01
2.031508840381676395e-01
-2.430728156023659603e-01
-2.790779660010031527e-01
-9.418327321101109817e-01
-2.519091746502522544e-01
-4.149436218711515661e-02
1.411143004439185389e-01
-5.426054015174646139e-01
-5.333548742128157993e-01
-4.112444428198415158e-01
-2.840679218989260457e-01
6.481542608507430414e-02
-5.124460696093606771e-01
-1.334014310216996013e-01
7.101565688700993695e-01
5.303534978782421527e-01
-6.597938063985491208e-01
2.645895709845538790e-01
5.061936219043137175e-01
4.762435489386936810e-02
4.443085614350068546e-01
4.453555529286291614e-01
4.519328947317714507e-01
2.823572214171670702e-01
1.385651906309431358e-01
-6.495680739899989398e-01
5.647398893572675993e-01
3.919894551887615486e-01
7.202739456137396967e-01
1.300085745302913320e+00
2.892558477107464721e-01
1.705165625750407754e-01
6.659069541000181003e-01
7.224079788360107113e-01
-2.745184571968146969e-02
2.004480757835277738e-01
1.969999803683839812e-01
6.318869129150833652e-01
-1.919556461666511171e-01
-1.401375799962524260e-01
1.317675867130223111e+00
3.408618337568201928e-02
8.979348204158852376e-01
5.783375215939266095e-02
1.115101158375205515e+00
3.703997686690129743e-01
2.706598006147006297e-01
7.035799985545562740e-02
3.944259543561201564e-01
-5.085797626521384451e-01
4.342953859868829980e-01
1.576558576064634176e-01
-1.052736952062030829e-01
1.299976046927858286e+00
-4.066984980152412721e-01
5.271953167507092974e-01
3.069440823730156254e-01
-4.170918719273514208e-01
-1.296169065351965577e-01
2.562542947145990402e-01
-4.013453546844921171e-01
-3.257482414540244786e-01
2.554072567940682270e-01
2.080815314952716710e-01
-4.291864391498655396e-01
-2.075500929967555308e-01
5.250863363841193898e-01
4.179666357850642666e-01
2.538358876041770795e-01
nan
1.013734722716925996e+00
1.223884120262703323e+00
7.688117999644665801e-01
-1.867889114763938430e-01
2.961827574180308509e-01
-1.685368100059668195e-01
-2.067001805524925837e-02
-3.301828386154808115e-01
-5.961976499169590049e-01
5.169835919572219884e-01
-5.896837039851191564e-01
-4.507443910796718294e-03
7.712822847092195566e-01
1.176294205277329114e-01
-7.220856770118838641e-01
4.850594396851184986e-02
-5.295138243347161655e-01
1.018133743510126442e-02
5.543020957383001379e-01
-8.838379693713185326e-01
-1.064576187050370465e-01
1.687408370419700779e-02
3.768861307195919275e-01
1.876007786596797788e-01
4.115713589878781664e-01
4.623207914080404990e-01
-7.090620979273091207e-01
5.354677314118843068e-01
2.379468258767291899e-01
-3.612005835076886329e-01
1.426718364398171790e-01
-4.103496390190411458e-01
8.185859578626517030e-02
-4.105301072452232081e-01
2.628938952323187639e-01
4.356711108170944202e-01
-5.520009362096399697e-01
1.690748884294764331e-01
1.893360775597203018e-04
-6.136007831993709472e-01
-2.070667341507453074e-01
7.131309826158600540e-01
-1.628404594706550357e-01
-1.513911112870517939e-01
6.224387319087518744e-01
-2.218259594941273671e-01
-8.390821297803313650e-01
5.944957542128366246e-01
-1.805476516677886334e-01
5.061094884194971000e-01
1.692397752428369175e-03
8.846492973494826106e-01
-6.624778300334882575e-02
7.178444412673462560e-01
-5.162887323038650722e-01
5.412007508268731337e-01
-1.412478949264644457e-01
2.809818719747164129e-01
8.904068122687588405e-01
3.772839987084647406e-01
-6.675921676302404295e-01
-1.219859319488224014e-01
9.089408943188872492e-01
-1.876801161535394391e-01
5.342183307673590287e-01
3.089254913524319135e-01
3.799914780225963074e-01
3.202355577731753056e-01
9.275653994414623238e-01
1.184615382132564870e-01
-6.064986653423373175e-01
-5.490820720698921242e-01
9.168151494566283144e-02
-3.335126799326391250e-02
2.410178980032016416e-01
8.957072078963910222e-01
-1.096192080644637357e-01
1.619413465382786924e-02
-3.190101077402797136e-01
-1.648999442980678826e-02
-2.915912174657971923e-01
1.495210874026069447e-01
-6.277919957752506885e-01
2.640568927994219606e-01
-3.228013440336313100e-01
7.922244701351486285e-01
-5.215205109816315465e-01
-3.235577279230404391e-01
1.712022202077386479e-01
4.005997628349466932e-01
8.048274258910348422e-02
-4.714522011309234539e-01
4.948929059494888705e-02
-1.002489731997426414e+00
3.710506166827532981e-01
2.053822107943095610e+00
-4.897952497910364467e-01
2.779141569378038024e-01
3.044749259240036587e-01
4.332138045874073806e-01
-5.235985719925527748e-01
-3.272327519552755137e-01
7.749038030576671510e-01
4.781213149983013638e-02
-6.488197269255554511e-01
3.634003831273420193e-01
2.334882829511445573e-02
-5.008215499455042075e-01
-4.696221521088833062e-01
3.421753788970774979e-01
3.884829382010354659e-01
8.160763353749306281e-01
3.148971363518716648e-01
-6.476934419186907155e-01
-9.705825746056498393e-02
5.663068332279842521e-01
-1.104120379402740992e-01
-3.667085819338440633e-02
6.613642295893538137e-01
7.278719731296596773e-01
8.509314810351148450e-01
3.699558447295626107e-01
4.501255156998774237e-02
5.803263325703851283e-01
-6.344975772567763850e-02
1.168200987409480363e-01
4.144643223117135955e-01
-3.901323843914198536e-02
1.249245244572974450e-01
4.642602387720601298e-01
9.492225247310950853e-02
7.004776758566617634e-01
2.417930790452049727e-01
3.162942371856148349e-01
-7.024615657024108062e-01
1.459581483246986389e-01
9.081815451996844493e-03
2.776994797924556280e-01
-3.138940532700439934e-01
-1.706619403225196341e-01
-3.832018953250341253e-01
1.878817806822237757e-01
4.718272493700494813e-02
9.447952408835168514e-01
4.216624449294973931e-01
-1.615415057396961951e-01
1.342348074251547008e-01
5.999336517855231865e-02
1.665477885233143315e-02
-2.141403759928153516e-01
1.171244072715591361e-01
2.486180595570773866e-01
-2.252754186783641477e-01
-1.583476405882549079e-02
-1.192270002754981795e-01
2.596044219843661113e-02
4.614116348332287232e-01
3.739086932324315882e-01
-2.432982579033224901e-01
5.227861670035234276e-01
1.679026572924057659e+00
3.729907534616783704e-01
1.122296720821319038e+00
-3.101845516063889696e-01
2.755288543660739942e-01
-3.386883606739702901e-01
1.182460750945792505e+00
9.627145011689370868e-01
2.441578323250371552e-01
8.469707221227652516e-01
8.229004044057396383e-01
-5.150899729588640508e-01
4.513625692195244454e-01
7.502438258497803325e-01
7.784851642833573448e-01
3.248445994072708676e-02
-5.341951717493603757e-01
-2.738086318663299767e-01
-5.266664238731026959e-01
2.619662420141361525e-01
-7.580475582349267549e-01
3.881748396189700911e-01
-1.655306930589468262e-01
-2.209022250303180335e-01
5.154719169043630034e-01
-4.036103338301675336e-01
1.332950311628240680e-01
-1.858758800492167351e-01
8.414317102174473373e-01
6.561887178395316988e-01
5.415231098994632841e-01
3.371156681333880578e-01
1.921714297397202065e-01
-2.758889193819116237e-01
7.146785345500336062e-01
-9.883407965814022811e-02
-6.651465167895398434e-02
-3.116302894055094641e-01
-6.298768990830239112e-01
3.218481022207922981e-01
3.391943995803594625e-01
9.406164204491844760e-01
8.212728337261130385e-01
1.141326659069607397e+00
3.106721211371420155e-02
-2.105518151994703602e-01
1.298659823886016751e+00
4.709680996976332856e-02
2.003251280407334634e-01
4.070012951240863375e-01
6.055827036310020839e-01
1.151644160773128700e-01
6.245958585213285952e-01
-2.502093490336567555e-02
-6.066148576044811946e-01
-5.435185698873084420e-02
3.878490879900984289e-01
3.142975561701898402e-01
6.678753714528198326e-01
4.172300922784859534e-01
-2.771988031210361747e-01
2.333033784844815439e-01
5.920720540145076732e-02
1.207899457271386812e+00
3.036023867488382710e-01
1.975291782407970903e-02
9.458379505288738720e-01
6.034517137646842585e-04
1.426531102463389100e+00
7.158990309385264705e-01
2.058535082056900112e-01
3.935202119098764051e-01
2.511635092192949781e-01
2.070782610625355735e-01
6.991691358521899824e-01
1.898528277785371587e+00
-4.686843562022330323e-01
-2.032722568835829483e-02
-1.978814732486467998e-01
3.318644396910820360e-01
-1.270440075212121711e-01
2.372915576677692706e-01
2.294320553405094221e-01
5.273721612978894691e-02
9.824604505711194424e-02
-2.628661239922430171e-01
2.083084546721681030e-01
9.158210691093916778e-02
-6.752274118140617620e-01
5.797667926012897155e-01
1.546923213022939440e-02
8.345196946396532534e-01
3.345358704851455478e-01
-1.359190477688284049e-01
-7.461787672712660857e-02
1.543229068721812536e-01
-2.620409159503105934e-01
5.958146884126336307e-01
-2.782915485030800218e-01
1.921094959599781993e-01
1.390078906115351787e-01
5.785473826021308996e-01
2.109067533763811508e-01
-1.772285117177112845e-01
5.781171241495026702e-01
4.370754955639290507e-01
-1.129614144248680452e+00
-3.809269112073071506e-02
4.473897385361298717e-02
-6.837083960053981224e-01
3.056991397694373558e-01
6.955522871078795299e-01
-5.351926647249909408e-01
8.960666924997623406e-02
-5.869061368024792724e-01
1.094636216236760939e-01
-1.834121781843088828e-01
5.747467102229992797e-01
4.659819914597408963e-01
-2.444002665770503568e-01
-4.627546392984032697e-01
8.500703378987105596e-01
1.899667645473825453e-02
5.848350043973975509e-01
-1.408451942308458771e-01
4.683852643122620174e-01
-5.732908720889877685e-01
2.223014157018950165e-01
-1.541046686364219431e-01
4.011252732810999255e-01
-5.079725536138025577e-01
5.406215323059099243e-01
3.383274789243765901e-01
1.235021023917081129e+00
8.638077727653146187e-01
-2.504250246205851904e-01
-4.178367706326144848e-01
7.436153022438776183e-01
-1.440625895047180083e-01
5.980365968134625509e-01
-2.616043089414525017e-03
4.378340443212937472e-01
-2.184908748650541965e-01
2.274795671607581296e-02
1.279016951607062913e-01
7.310217629607376200e-01
-3.718751967325362728e-01
2.016337025097749425e-01
-7.365795278372537780e-01
-4.607166531845580115e-01
3.060205421401057113e-01
7.083162358183441309e-01
2.870373814020596437e-01
5.595562932318054461e-01
-5.050660190890419177e-01
5.972610495032271150e-01
2.018456671473911057e-01
-7.427275765614171910e-01
1.879262893873249463e-01
1.632901442227305822e-01
7.418872592167532476e-01
nan
1.237374114149703414e-01
3.210989298320213736e-01
-2.493530734711794580e-02
-3.107807060489296003e-01
-1.090302959373645963e+00
-6.905341613081997232e-02
1.899799232874525290e-01
4.565381168903324682e-01
1.185028090086236885e+00
-2.312277931600336678e-01
4.401529521064325712e-01
-4.962750756597101298e-01
-2.422675403937651073e-01
2.488010435829477174e-01
-4.276145342113554237e-01
1.935994035103079658e-01
5.101388363606202958e-01
1.641230514297867260e-01
-7.049570222290904020e-01
1.261209217691527051e+00
-1.635552111988788082e-01
1.609368735548258877e-01
1.672463244930387505e-01
9.489107198108496719e-03
7.683753907485703083e-01
8.275076086157684419e-02
7.688091609680087757e-01
3.620437838586040291e-01
6.945697111446027527e-01
-7.184854766177251051e-01
1.364371161321822901e-01
8.532277738994958893e-01
1.013599288258838271e+00
1.167914881766451973e-01
1.189661764013190820e-01
3.187118640562904837e-01
5.818688043851325542e-01
-1.984230214991412333e-01
6.012088268702261429e-01
4.085214774862780396e-01
5.564633348850372974e-01
2.642114419877720777e-01
-3.639580390803758281e-01
-6.624520583250997907e-01
-1.970793284118985689e-01
-1.609413251518617416e-01
1.067718018659988388e+00
4.423687190054551022e-02
1.062395704736059709e+00
-5.088241217387942106e-01
-3.890121972741720224e-01
1.037621028763626940e+00
9.162288998920000704e-01
2.366309652621811088e-01
-1.011609884772757123e-01
-5.992922083379232934e-01
-1.544537003712751584e-03
5.517302749039552090e-01
2.950558572292669712e-01
1.915528612005234499e-01
1.414525122619257447e+00
1.167440582641540991e-01
-9.588915040456590100e-02
-3.268169266642509396e-01
-1.684009900669977411e-01
-5.621486326534217565e-02
4.003916149095664012e-02
3.874277559069082555e-01
1.017376938744687154e+00
-2.852266124582901741e-01
-2.832745144920444935e-01
7.413085923731141738e-03
8.105023211585807852e-01
2.218885578418023918e-01
-2.170364529170007994e-01
-3.517782602789412683e-01
3.609053725252636680e-01
-3.735509999357134459e-01
2.937010875262689447e-01
5.401281178378194436e-01
-1.807422614915333015e-01
-4.457989383132634487e-01
7.566392030479576203e-01
5.749298413026537879e-01
-5.150245552918693986e-02
5.250642473352644668e-01
2.256234844918294236e-01
2.136170168697011651e-01
7.718262115181048211e-01
-5.621353954703531830e-01
-1.684467962342910408e-01
-2.294300591352514962e-01
5.021562924912589265e-01
5.813716470404249881e-01
8.146911846468299911e-01
-3.917452810356144427e-02
1.706155315514668036e-02
6.751588607605597536e-01
