1.096775995555371169e-01
-5.485647689329271603e-01
1.709556008830266649e-01
-4.637490352397161675e-01
7.871023329490358655e-01
-9.481969596433453829e-02
1.658486792006483301e-01
-3.147914944109481139e-01
3.304816536860964438e-01
2.373661765901231846e-01
8.034198620123816914e-02
-2.167018193022860473e-01
-6.743979914315151314e-01
-7.125446680040027625e-02
1.800868283739933129e-01
1.601643009635854084e-02
nan
1.035159352189345405e+00
-8.966624497474288136e-01
3.597542155789478779e-01
-3.477426567228603660e-01
2.504030905509099791e-01
-2.763475707387911262e-01
7.966914246238201436e-01
nan
-2.989175503430005487e-01
2.895470246550090054e-02
-3.044777332586174889e-01
1.017921317614420174e+00
-1.888431969712001113e-01
2.388968201782079304e-01
-3.582448026484635895e-01
-8.901503330647421164e-01
-4.446878838673384848e-02
nan
-2.757045969270131014e-01
-1.463625585679155239e-01
-9.683462715678257948e-02
1.399551168457787986e-01
-2.952811134202254495e-01
-1.890335032183200759e-01
6.961311688830594813e-01
nan
4.798804845519629714e-01
-1.273748646971969989e-01
1.013915512076150466e-01
-4.425497143686776824e-01
2.247491360171742225e-01
-5.001451686052637013e-01
2.101487331487476157e-02
1.124380016847929431e+00
1.078721696118456030e+00
1.589751350659571738e+00
-3.067688606679793706e-01
2.193127160052920632e-01
-6.084625993368822927e-01
2.310685562057812059e-01
3.168256053153727936e-01
-1.664318142425908753e-01
-1.975900516311830113e-01
4.734175178065342521e-02
1.661661462512425969e-01
3.438533012480884388e-01
-1.754532021448710621e-01
5.507322653922530620e-01
-3.341723620953110374e-01
-7.376014830865518235e-02
4.190950507476034481e-01
-3.970053044510285511e-01
8.468638433397156495e-01
-4.341076224271958051e-01
1.128204265797034672e-01
5.934579370759113237e-01
-5.448985705150181935e-02
5.061220256381697702e-01
5.309410323719592206e-01
-4.031179842918111364e-03
-7.926354921639157114e-01
-3.239357844066435566e-01
-4.490739862505609414e-01
-1.641215448796101359e-02
7.807449905106166321e-01
-7.871332174121780101e-01
1.134579079547909652e-01
-2.524020575381246134e-01
3.341390215030412558e-01
1.577570985176852125e-01
3.165437863867662793e-01
4.458062805599949385e-02
6.521750936605595905e-01
6.689154749656996968e-01
-7.077972224135573032e-02
-1.037950414117476960e-01
8.745610997281657584e-01
-4.443827581385845771e-01
-7.841007786624257236e-02
-1.040715104450089419e-02
7.230090061445984539e-02
-3.144981247614772046e-01
3.848969545307213691e-01
-8.579790662769209986e-01
5.938714939550354677e-01
-5.898346909650944436e-01
-4.378313874794627358e-02
1.300313215264679245e+00
5.301148580759564022e-02
3.071653204005264093e-01
1.403834772723785151e-01
6.049945428920001644e-01
-3.003260353965837015e-01
-2.692917462936908479e-01
9.197398724382956914e-01
-6.625050489042709767e-01
-5.522605291809892097e-02
nan
-3.869376324315820237e-01
-9.985418799733722373e-02
2.783365563773662066e-01
9.286633243443263019e-01
nan
-2.563606549724943839e-01
2.127742948492152286e-01
6.303362174343174473e-01
-6.805505183504496625e-01
-4.377808478328476527e-01
-7.089046158936661290e-02
-4.985936181882423546e-02
-2.752175209335645523e-01
9.732153462445649605e-01
6.711218760671146255e-02
-1.864735804284043119e-01
5.345741675696320527e-01
5.085999708369994821e-01
-3.103781149408157414e-01
3.466365987295074724e-01
-2.505080628236434070e-01
2.755913090402494214e-01
5.626997324613286500e-01
-7.067072476952732663e-01
1.177715108518810450e+00
-1.348643805425147613e-01
-3.208938122437444140e-01
-1.098842480771958317e-03
-1.261947057121321492e-01
1.539124062322027031e-01
-1.109404076561996827e-01
4.470377040755513232e-01
2.987501725469560721e-01
-5.204603769716080741e-01
-8.313721413340835475e-02
-3.981537084963923112e-01
-1.322005422123515572e-01
3.154334578083337753e-02
-4.056655559160987634e-01
-4.779197239878081316e-01
8.624648038877249512e-01
-1.920810025397684806e-01
-9.770542678124564118e-01
8.895207773420199526e-02
2.130780936834980877e-01
-6.978914319141018563e-01
8.791550995334050655e-02
2.119656164391172382e-01
-1.610532860781966336e-01
2.721444497683650487e-01
-3.909616112160372858e-01
-7.050387016742385438e-01
2.445675295344949540e-01
-4.029032848574659598e-01
-2.098963807256338521e-01
nan
-4.136253599484391308e-01
6.133171381998394622e-01
-7.931442445347846038e-01
-4.596532267454856990e-01
-2.154247277749866407e-01
3.595256509591307492e-01
-8.581783100868866088e-01
-7.312900188385772493e-01
-5.998384356869698175e-01
-5.710723630794101169e-02
-5.405294871922043942e-01
-5.173387842557446159e-02
-2.843063429736131242e-01
3.813051121748325945e-01
1.289756502441467556e-01
8.370021008361605563e-01
-2.798349145742571875e-01
1.004725945415335886e+00
4.521980852997444789e-01
1.280513565477089388e+00
-6.056914559030434075e-01
-7.102136435904174983e-01
-1.364636271466184159e-01
-3.756997384449499711e-01
-1.165597332848059775e+00
-3.199725935058760906e-01
6.421883349763345128e-02
-1.790763088431555350e-01
7.601141606030419329e-01
3.497957765902627303e-01
1.999203763965135827e-01
1.078009680098938272e+00
-3.887295494616900826e-01
-6.064453323526137751e-01
-7.212678437845383705e-02
-5.492393283470773380e-01
-4.070191569178411295e-01
-5.787856319410759065e-01
-2.207253055132129271e-01
-1.599036479557547352e-01
-1.103539156956227646e-01
-2.958470221865130631e-02
1.127441967749093665e+00
-6.199273270209533226e-01
7.918003520367252746e-01
4.777974955544482261e-01
-3.942031761001074663e-01
2.275231102097818869e-01
-2.363591260540226224e-01
-2.287044549749559785e-01
-2.023472999351280666e-01
1.273855602754126570e+00
2.782534351323330823e-01
-6.713133670699164002e-01
-2.779923031100610675e-01
2.832854746697174853e-01
-4.623553124182424034e-01
4.747975966051070640e-01
-1.480027946218044899e-01
-5.114757888948575637e-01
5.216012018991702526e-01
-4.707944013141560774e-02
-1.422932698614359955e-03
-2.169489598441805001e-01
5.533822312601961446e-01
-3.621818507083249816e-01
1.252680581159570650e-01
7.673562687078404332e-02
-6.179469011809828327e-01
-1.247353689472426863e-01
-2.627952552203243961e-02
4.062699367564333031e-01
2.647121247690386592e-01
4.495643081162345456e-01
8.299857658234883750e-01
-3.845310555444279577e-01
3.699732695535361965e-02
5.211192987293149503e-01
-1.678350886688606547e-01
-3.193035676002372036e-01
8.951305657748639399e-01
-1.843624864885193837e-01
1.441957117654157385e-02
6.813429612977872640e-01
-9.470400053445757749e-01
3.793875968865482173e-01
-2.388100816862865489e-02
-5.700336303601761800e-01
1.155508883352162341e-01
1.163062741534884114e-04
4.033840035345477304e-01
-7.916870386240985047e-01
7.616278822597626064e-02
1.386134224010907579e+00
-1.774027992402480436e-01
nan
-9.494346512289418838e-01
1.878846182038609175e-02
2.778859206689047734e-01
-6.072153542110853008e-01
1.014038907581574334e+00
-6.959319330638061851e-01
-5.699482645810467069e-02
-3.096092776901975263e-01
1.265048033737840860e-01
-9.447741476055261656e-02
-5.518070923392361937e-01
-4.889827911092848450e-02
-4.500917269671522725e-01
-4.705964811844279838e-01
-5.494013573767657643e-01
-2.307431611215408906e-01
-6.190409060156769616e-01
-3.174830331530151817e-01
7.048949826273000208e-02
4.795472172182913551e-01
-2.132982229786716810e-01
9.145979391381374723e-01
3.194172429139370273e-01
-9.883691946622827906e-01
4.242531533197323457e-01
-4.936992661692666262e-01
-2.923192509404868855e-01
2.141376255973503340e-01
-2.601731489130681418e-01
6.633434915544557109e-01
6.487719851677986593e-01
8.475138834995689027e-03
-4.937268236670865895e-01
-8.020950830295511813e-02
4.343411665099019409e-02
-4.040553933548034493e-01
4.784031652947467461e-01
-2.157078341065744032e-01
-4.859365007838448713e-01
1.546971834889714070e-01
2.942575982116835132e-01
-5.350843267232877620e-01
nan
-3.356577003267285919e-02
-4.505885288535433353e-01
-2.994831884396533805e-01
-1.994994205951124491e-02
1.536701220214073682e-01
-5.260259208110357187e-01
-7.053771724785080632e-01
4.894658633239109546e-01
-3.766461653440792423e-01
2.786073686981263009e-01
3.657015045537423403e-01
3.373112909690847983e-01
-5.677059901031784594e-01
-4.389713634131284237e-01
-4.969446864745954984e-01
1.197205567187263453e+00
-3.037572011181435272e-01
9.456412165820601290e-01
-3.788764309022598642e-01
-6.439932136536085094e-01
7.040171933824580786e-02
-3.904686501400596588e-01
-2.943569400553145421e-01
9.657494676237325659e-02
4.557651463891095323e-01
5.817417765149403008e-01
5.323538543380379809e-03
7.681964210865912523e-01
4.275479171706880049e-02
-9.649903777986724995e-02
-4.338700178953590614e-01
7.208485933326025386e-02
nan
-1.984287594175658531e-01
-2.514422393016799706e-01
1.319726546287484092e+00
-3.105125906043263995e-01
1.061245083626868174e-01
-7.761027940882853082e-01
9.655662747789023337e-02
5.992520411213838466e-02
3.556804728865377990e-02
1.978449249714665237e-01
8.184728205835751780e-01
5.708950847365578118e-01
3.653656469360387904e-01
3.535830825653051845e-01
6.357887130487602789e-01
-9.874190723618601895e-02
2.912519252072041098e-01
-9.924498253621648336e-02
2.701677638144360794e-01
1.377269500459578966e+00
-3.573691467553583023e-01
-5.903968689901835099e-01
8.273754152999888145e-01
-6.757807080919706610e-01
-4.372609749213289543e-02
4.258455756189988284e-01
2.254561690155949261e-01
-5.340054315063352819e-01
5.695089230219644305e-01
1.536968349740850392e-01
1.421654349135645368e-01
-6.062555049189581879e-01
-1.418219267292991081e-01
4.724786430443878582e-01
-3.357584356321099417e-01
8.774753584748270496e-01
-4.452356485361708693e-01
1.957621972216256334e-01
-1.288882554114820223e-01
7.168356968572613397e-01
-2.138224516882237525e-01
-1.775437715218631529e-01
4.691754751043234473e-01
-4.500907709442407145e-01
7.981956804001889560e-01
2.423619277856798870e-01
-1.953189902292647440e-01
-3.423836461565075151e-01
4.979810286469911196e-01
-3.711523893100832638e-01
3.337963457059081041e-01
7.156755162147155902e-01
2.388467180130777745e-01
1.238877835543302358e-01
-2.355060155700685054e-01
-2.667639905483082940e-01
-7.221474685547013550e-01
-2.369928877695196556e-01
-2.262404911671727914e-01
-3.451540313274914507e-02
-1.053241879949654985e-01
4.948918521756824895e-01
-1.979617833847387709e-01
-3.742891973069300410e-02
-8.819444337555630842e-01
7.956336360909961603e-02
nan
-5.796954796300811674e-01
-7.553595533300438980e-01
1.106215915291831747e-01
4.171282515255495676e-02
4.145234880738125627e-01
6.669958190817107946e-01
-7.760452874933193579e-01
5.809090293746964617e-01
-5.915118295488468458e-01
5.294727774543044330e-01
8.251771520145871897e-01
5.529947242891466302e-02
-4.846116846869757411e-01
2.854018020541271294e-01
2.083654681132315112e+00
-5.630226840149813450e-01
-2.158174798410436857e-01
6.635103241362839688e-01
-9.629478619085767299e-01
2.989164077889451820e-01
-1.347220578713587413e-01
2.322420666328351424e-01
6.655392091519547471e-01
7.176696365689504420e-01
2.853442523160316935e-02
-1.462658387633622610e-03
-9.368296866628543773e-01
-1.078427908596571116e+00
8.575616489462292158e-01
-7.858594770161917431e-01
1.168010046774053956e-01
-4.207409257124015145e-01
-6.353225150195328068e-03
4.843617214557287554e-01
-5.398057178358527386e-01
-5.519665069507631028e-01
1.196933136790347074e+00
3.283548276594107085e-01
-4.120331968022849373e-02
6.691887138313539207e-01
-6.355361673904231790e-01
5.263498508440490609e-01
-1.944027472084051411e-01
8.172854921503611147e-02
-4.889839693342883931e-01
1.330388465122577024e+00
6.898194959701078322e-01
1.011200239786927829e-01
-3.096985877547082100e-01
-3.794167775068143511e-01
2.249030056260073185e-01
-7.626458736453483045e-01
4.677429905574102542e-01
1.324262409050878331e+00
-1.360618180880336370e-01
2.102935608979004389e-01
-5.102601862933519444e-02
-9.841625419471414227e-02
-1.002077220865122964e-01
5.432340606596957056e-01
-2.767608472513770623e-01
5.431512178001185465e-01
-2.299777343217863645e-01
-3.313360041503589648e-01
-1.972391006405198044e-01
1.347285657608814358e+00
-7.398200004526900297e-01
-2.334125612257808291e-01
-9.068604149880306331e-02
3.688482874469045658e-01
-6.597160661082704936e-01
-1.544061622404559464e-01
-5.345329110216918284e-02
3.343299114203350797e-01
2.027611205530989724e-01
-4.348650858171629885e-01
-4.236283404167202060e-01
6.926893948381558641e-02
nan
-3.299107505457575806e-01
4.572528446715040662e-01
-7.164934513276559613e-01
nan
-5.163659097610625442e-02
-6.864219405867649781e-01
-1.234080635984889512e-01
-3.416819034944349465e-01
1.981349158696392720e-01
-2.936427094655578718e-01
2.790864155661761381e-01
nan
6.195210996627780187e-01
-7.026365450863260032e-01
-4.942141663651800076e-01
4.914298805988943641e-01
5.750747127006764492e-01
2.900303111155392785e-02
-1.726901081987459452e-01
2.540028392519093348e-02
1.753993134191453585e-01
7.845166466454160936e-01
3.061045613581501179e-01
-2.162565476572781559e-02
-4.819010046550686321e-01
6.074782905825535373e-01
1.227990171159860922e-01
2.452565117314585152e-01
-5.066342464353471575e-01
2.755004603676553532e-01
1.064421511497930739e+00
1.070677807223628708e+00
4.705270398333795678e-01
5.412390501913130203e-01
-3.761612475434902292e-01
-6.821480783806020964e-01
-3.075353672653619586e-01
5.878730783127529280e-01
2.010852778671849972e+00
-2.193781651329654997e-02
-4.586564257224289287e-01
6.912527037271800623e-01
2.957814678382353346e-01
4.945352112735538208e-01
1.350505960097739822e-01
-5.541273857899619015e-01
-5.326380512749750995e-01
7.012501834019277958e-01
-2.604409108344305501e-01
1.476096483156927042e-01
-1.682093159665516147e-01
3.162650803048311365e-01
5.834488504248074303e-01
8.653504374101582686e-01
-4.233630129907757222e-01
1.044183626397050535e+00
4.246555770866482504e-01
-5.705842925732922399e-01
2.640019901016986692e-01
-1.970401416324815344e-02
6.379777173322233041e-01
2.325509251124019752e-02
2.673680443694029241e-01
2.748762601096358393e-01
-1.804732890993016869e-01
-5.887521020017358886e-01
-3.913004717575217506e-01
6.027536365711344546e-01
7.990741979958597418e-02
1.055557466397583216e-01
1.184588488436221637e-01
-7.846423034056771995e-01
5.910079113066772916e-01
-7.376763052797062625e-02
6.461832188059354366e-03
2.523259299317101023e-01
nan
-4.471378992750053155e-02
nan
-3.944783447618104844e-01
2.011907694438612726e-01
1.674489406950676884e-01
-1.043601405598249210e+00
-1.075266741057651076e-01
-2.267893992026491223e-01
-8.542549121452767957e-02
-2.114776149939186500e-01
3.732531206967087262e-02
1.166057240293341957e-01
6.167143738857920887e-01
-6.371959411036837162e-01
-5.037433546316063548e-01
3.539881853808909962e-01
1.778963403844426860e-01
-5.347782390884727594e-02
-3.071627621951622533e-01
4.267206167248204784e-01
-9.739738182513111298e-01
3.093463960099032337e-02
-5.893060726702019358e-02
nan
-7.523476214051214583e-01
4.474872908393800475e-01
-5.433289931461994238e-01
-4.011021817502106734e-01
-1.449066596650602778e-02
-6.074979038712323698e-01
5.605073886521955151e-01
6.911274068848922703e-01
1.815418110026543186e-01
3.933534397377767139e-02
-4.923390701412503345e-01
7.365955732733939221e-02
-2.209152191093255724e-01
1.309154972716742416e+00
3.151479943235860337e-01
nan
-1.342357898331750510e-01
1.428934316758153911e-01
-8.646148450300281674e-01
-4.589753587704089033e-01
7.031164974861463524e-01
-3.241601841076858226e-01
-5.865027816041794573e-01
3.723192901953492062e-01
-1.922004910591437743e-01
-2.920331909903000622e-01
2.788909529750697655e-02
-4.908492082310501048e-01
1.807647036948953345e-01
6.941935429152928938e-02
2.031753194984917688e-01
-3.159788901425815699e-01
-7.458475068110674566e-02
nan
2.137797076458569090e-01
6.079542318164639081e-01
-4.625774633896203025e-01
4.439355112775181245e-01
-4.496175620446236643e-01
-5.073844887980882845e-01
-9.605540622087797020e-01
-4.774542729007438258e-01
-6.036353879987538251e-01
-3.459511584238197934e-01
-9.953890459130634860e-02
-1.467785907730965733e-01
1.062959476654493363e-01
-8.451899042852198951e-01
-2.925841544834910657e-01
-8.621421012653135429e-01
-2.450001308997357477e-02
6.942734357539027679e-01
-1.200890611411171705e-01
-5.230863003474938155e-01
-2.088240569876728681e-02
-1.204051831425377167e-01
9.129186540015361562e-01
2.965078083434388723e-01
-8.515846860604798785e-01
1.499699372808070752e+00
4.051682394281627686e-01
2.279344671439333114e-01
2.292804793624151072e-01
-4.277519989591542782e-01
nan
1.876065855689552364e-01
2.728520311210949068e-01
-1.855026860562554725e-01
-4.856491302321669368e-01
1.363193210514894102e-02
nan
-7.328824788999064310e-01
4.221949423900878684e-01
1.215397350250363578e-01
8.779316908664704100e-02
-4.525731566197159772e-01
-2.425080105112888129e-01
1.020384564866125610e+00
1.414937887042108655e-01
-2.414703639993049378e-01
3.179084455098980799e-02
-2.303696306188937892e-01
1.004180798795244467e+00
7.114772678993754040e-02
4.149118613024150859e-01
nan
1.441429575728110812e+00
1.215252559997749976e-01
1.375455347477643198e-01
3.442152684935605444e-01
-2.597473777334248779e-01
3.105703460803828087e-01
6.957067686520755911e-01
-1.541017951225395477e-01
-5.543637585920897504e-01
-2.764500931117753191e-01
9.457028333030637057e-02
6.380068335080222308e-01
4.065652413165652401e-01
5.140558165140152180e-01
1.678868971763748663e-01
1.478262126875051541e+00
1.477094335779401968e-01
-8.255211192173245172e-01
4.984497868953822186e-01
4.304768938427373515e-01
2.187596667961088648e-01
2.200474941363360359e-01
1.050688347096100650e-01
-5.627691369063210214e-01
1.491873318258759573e+00
2.863389465436674830e-01
-3.367499350124419921e-01
-2.270434413881684821e-01
-6.371917408845200193e-01
-3.185269220762632081e-01
-1.427949131838011920e-01
6.294667815159190605e-01
-3.376323551000329215e-01
-6.255187696866282288e-01
-9.177297839397906276e-02
2.343449152505662214e-01
1.116443273523885504e-01
3.783380932702966604e-01
-4.040530588490812147e-01
8.909905323837001845e-01
-3.699563075471249407e-01
1.362266184388798151e-01
1.722255686807223907e-01
4.406124785032645291e-02
9.377490188682483310e-03
-5.736089891375886762e-02
-7.442203979639487876e-01
-5.302662972408473951e-01
-1.433698642063312633e-03
5.879791600710414512e-01
-3.434147014986965729e-01
3.126139965643056629e-01
-5.035499105350392801e-01
9.935683966956623259e-01
-6.862030796971996249e-01
3.842680564115296682e-01
-5.264544892707655882e-02
-1.879251154295646653e-01
1.834238337816206377e-01
-5.001987455690570794e-01
3.486998734509170195e-01
1.098113100394464831e-01
2.231316331535760505e-02
-1.523683339908296908e-01
3.181941848188971078e-01
1.326773793529924805e-01
-2.382334600213955045e-01
3.049745676779884798e-02
-4.130232943001809764e-01
4.098095137478892647e-01
2.004466479953380398e-01
-4.015736566483806835e-01
-2.742670320764438729e-01
-5.473991358651110195e-01
2.673687801317294332e-01
9.147778685201453097e-01
1.498233976819344782e-01
-4.545165753661709052e-01
6.838618360114516737e-01
2.347963914398287777e-01
-5.282567107391259453e-01
1.404410127424733090e-01
-1.163208622245497231e-01
-4.012929214480544515e-01
-1.479677602602902931e-01
3.048980797538342613e-01
-3.322710659630576102e-01
1.327439679354868417e-02
3.850277313284382608e-01
4.379259191760831449e-01
-4.465460918928044198e-01
1.168562652576490835e-01
5.118101399957312170e-01
6.363570843020788237e-01
-2.185518072123414091e-01
-1.952130714159275859e-01
9.681897878042605710e-02
6.247373065038570594e-01
-6.578240915342477013e-01
-7.259765025464964827e-01
2.269377867549575711e-01
-4.417177496832247474e-01
1.402788956421288535e+00
6.651631008271984280e-01
-8.043582166376186948e-02
-5.797268218989699573e-01
-6.198590906498642195e-01
-1.968077345307967796e-01
2.035243410249094331e-01
1.486445020718460963e+00
-1.144413665095980193e+00
1.908362406644681375e-01
nan
5.021279327965707528e-01
-2.549310270191481043e-01
2.939479926050385661e-01
4.788311960980834447e-01
-1.948965256032080262e-01
8.488728954378795821e-01
-7.855236045223529251e-01
2.938571596725573221e-01
-6.946790618325045241e-02
4.492619552334810029e-01
-1.700602005472461875e-01
3.669265830632381653e-02
-3.391264919066777073e-01
7.889502866498888656e-01
5.518012103764975418e-01
-2.881152736079093390e-01
-4.629741350181668103e-01
1.148762295354009755e+00
4.243532209643564590e-01
-4.779512701478900727e-01
2.126959688374513158e-01
-5.022248822700341453e-01
-1.483654774596954995e-01
nan
-3.877696000587542956e-03
8.032445296644874499e-01
6.415097658295575156e-02
1.606215865968273482e-01
9.608733050124234065e-01
-3.650455900427428402e-01
-2.879076667463961181e-01
-1.900507592568415616e-01
-1.091754201500916566e-01
1.178791174297337374e+00
-6.668445679681600513e-01
-2.612572706776159371e-03
-8.095967843560067378e-02
3.633506701351461865e-02
-4.615619174162342575e-01
-2.422027966976558755e-01
-6.198048426923107312e-01
-3.994153708323746055e-01
-3.567472495852371805e-01
-2.963218733501192248e-01
-3.081220753254829137e-01
-4.191464901448186398e-01
2.605286699250097815e-01
2.269309898313378870e-01
6.573953379448993495e-01
-1.077808614215896160e-01
7.774207858507875546e-01
4.049108963946556616e-01
7.479627819412256740e-01
5.464712361476324887e-01
-1.219842274293458373e-01
-3.778443059988833008e-01
-1.501162995992387783e-01
1.992641779207157682e-01
9.679240871601804130e-01
-4.144312218319046726e-01
-5.829788422003651105e-01
-3.628286978534574492e-01
-8.031870918928056824e-01
-8.526674830970353003e-02
6.131734045700778513e-01
-4.425486805924147560e-01
2.036730965049651676e+00
-4.167710842651037861e-01
-1.674658043070501034e-01
-5.239393997336438957e-01
-6.446087022781701314e-01
-1.528915847438512277e-01
6.556507389640180428e-01
-2.338814645224224498e-01
-2.200630798416711720e-01
5.958171084226885350e-01
6.289527078771721402e-02
-3.510041566948881447e-02
-4.929633651553615992e-01
8.170578350030595349e-02
2.090602072081200746e-01
5.915929846210873366e-01
nan
1.820024449622877349e-01
-5.003211755576145864e-02
2.221898338435400744e-01
-7.995601747750756827e-01
-7.366284505071080124e-02
-1.126926355955925468e-01
2.488441253097618266e-01
5.329986101888323224e-01
nan
-3.932445700905027874e-01
-5.696076287473336164e-01
-8.453094828484696288e-01
9.876982581178120335e-02
-4.174587017444505999e-01
4.619613073770773570e-01
-5.558203930677367566e-02
-1.472404962700403219e-01
5.175683032401336980e-01
1.916582715826403993e-01
-7.585587819528505360e-01
4.201525208693719926e-01
1.025323230786834516e+00
-5.876059822820811629e-01
6.770764262852731197e-02
-6.678093459293805711e-01
nan
8.086257209058450579e-01
5.493644165124420553e-01
-3.337632962919485635e-01
-2.043734923957782335e-02
1.233718302500878827e-01
3.664398582861389531e-01
1.475104012680184262e-01
4.318917620870534047e-03
-4.626384106193307533e-01
-7.207556490849055253e-01
-4.992467962480761634e-01
4.444896241374915458e-01
1.382325178472545713e-01
-4.462672546978423832e-02
3.493474906320349072e-01
-1.242054329874342222e-01
-5.809286668299304957e-01
1.087003593872921892e+00
1.332515376414104447e+00
5.448408770785860833e-01
2.310096742244427681e-01
5.670294578681603706e-03
-6.399653442032688933e-01
-8.905840548730218353e-01
6.474271050648280346e-01
-3.195901414091337767e-01
8.854889988272951484e-01
9.823724387063234858e-05
-2.688362977208313964e-01
-7.529396453848192783e-01
-2.412000084832657265e-01
3.764467497509793592e-01
-4.142714943728246224e-01
-5.063715770787273751e-01
-6.583941341536941882e-01
-7.992211025176737538e-01
5.090246432667008825e-02
-1.416242105225443693e-01
-3.295361482801606456e-01
-1.911461064787806363e-01
-5.799189295669542332e-01
-3.724435727211761749e-01
-5.079151751447539241e-03
-3.152334140933554796e-01
-5.105927375341774432e-01
3.150845648564906676e-01
-1.188138180688342427e+00
-2.545589752023859065e-01
4.473125464037500110e-01
-2.709312937425369106e-02
1.214217294796244628e+00
nan
5.381224687232449844e-01
-3.437429623506840781e-01
-2.936022523128026251e-01
-6.175145888787395565e-01
6.769289667917275377e-01
nan
-5.940442794276270533e-01
5.390389716980625856e-01
1.196148367619962183e-01
-4.843665194107972249e-01
-4.068947926165505380e-01
3.717481820125122516e-01
-1.682507897817333842e-01
9.034414781777869163e-02
-2.137481994932442786e-01
-4.536045547785891863e-01
7.406563935924560804e-02
2.553359656027683888e-01
-3.726020029006463230e-01
2.775577933631364624e-01
-2.412584041193547857e-01
8.542131528519070205e-01
9.333345132307404590e-01
1.363464823336875409e-01
1.298097643639583909e+00
3.700457226578289238e-01
6.094846665944221309e-01
-1.276451607359325446e-01
-7.555030159322783101e-01
6.285422003241293298e-01
-4.902674505376585223e-01
1.518675757008964844e-01
1.236751619082758075e-01
1.160692702343337324e+00
nan
1.221187095950230228e+00
-4.418952422786733281e-01
6.830986526496121147e-01
-5.194470775126560635e-01
5.709594097522574518e-02
-6.493705261383176941e-01
2.001104003053920111e-01
1.545414527796074300e-01
3.210972319193725055e-01
-4.565688649684588873e-01
-2.880117386066705087e-01
nan
1.893811567064692530e-02
6.058908590518220783e-02
-1.011264728562509679e-01
-5.643378534473900698e-01
nan
6.436660240828623314e-01
4.140234409212803501e-01
1.112316680240495348e+00
-4.195735052938525667e-01
1.524062970268050543e-01
1.499568939295163883e+00
2.800956409557752713e-01
-1.775052332757472429e-01
-2.711830913028525636e-01
3.335094336732747355e-01
1.863359342808518504e-01
2.483354224470914473e-01
3.809637692006829224e-01
-1.588886584946293534e-01
3.877719407501978854e-01
-4.631656766674767667e-01
5.442497664916411404e-01
nan
5.497759829527514297e-01
-5.446498313697905047e-01
-4.215791174538727204e-01
-7.110334729062498527e-01
-5.276707222331405989e-01
-5.715177892779689517e-02
-7.900302045251654526e-02
-9.157961175162009360e-01
nan
7.848324921168448043e-02
-2.279021870045307707e-01
-4.393474790775402788e-02
2.116079614032363998e-01
2.719820568666802066e-02
2.322777606452641197e-01
7.534228973331281998e-02
-7.798072512836077275e-01
5.525261207463849113e-03
-2.142685997829913980e-01
-3.016857991217687940e-01
6.396917086717704981e-01
2.059024613587679686e-01
1.628886654372075152e-02
-4.437796552306710329e-01
4.728245889516835554e-01
5.495927409869800773e-01
1.337532947635534375e-01
-6.079614366643159018e-01
-4.829767816138920700e-01
-1.266598999283942151e-01
-2.988354899324220312e-02
1.773443169970199684e-01
2.662001204631950224e-01
4.956325021393391539e-02
-1.186943176011055201e-01
3.259301326025059731e-01
-3.070666271605548836e-01
5.000808780341710058e-01
4.377978566993835363e-01
6.693231409887107075e-01
-3.442391556511559259e-01
-3.522106906134371829e-01
-5.114934862027826767e-01
4.003802332143017728e-01
-6.662101150158521445e-01
4.538971247372851625e-01
2.145330313088568697e-01
-1.375449934141221298e-01
1.040047584324546914e+00
-2.377146206807576323e-01
-1.667639331977329997e-01
2.690983902446811848e-01
-1.020524669126380568e-01
-6.510046103974610476e-01
-2.083707266607416064e-01
-4.854966952186796081e-01
8.399217383632183731e-01
-8.378403573930062742e-02
7.947538645304604854e-01
-3.420910639205265724e-01
-5.107800199211163239e-01
5.405818962558971430e-01
-1.553770117254893723e-01
6.766632510457407657e-01
8.010030716773336446e-01
-6.399083108673507825e-01
-7.917176778010291682e-02
2.972259488811877515e-01
-5.391439534734243644e-01
2.707979834609229863e-01
-4.883019712935591228e-01
-1.087553221105612422e-01
-1.570389129814052098e-01
1.009503962319199477e+00
-8.637075320262038725e-01
9.817724985674808336e-02
3.443187425030498905e-01
4.824763977265361659e-01
5.060899746375036035e-01
8.414260644677341860e-02
2.225768654582495343e-01
-4.558104946664990886e-01
4.274467526700980180e-01
-3.197755186668369554e-01
2.065684306782188950e-01
-4.130832093982969022e-01
3.162213196433348861e-01
-1.707173490739959942e-01
-6.334468132383462846e-01
3.299814705306697848e-01
6.151036821019179035e-01
-3.469015697951983723e-01
-2.357113114872589135e-02
1.758820410937193476e-02
1.105458136010434439e-01
-2.730054319486145964e-01
-5.347225020120253136e-01
1.770453337383213199e+00
nan
5.053237269466945847e-01
1.561309675048170587e-01
-4.011513416014449857e-02
3.410675069657380654e-01
9.893199046408311659e-02
8.914575213526419739e-02
1.105331523572822716e+00
-1.072951731861446989e+00
1.402197507154792078e-01
2.888959497727855430e-01
1.291388090784186538e-01
4.985364944600630399e-01
4.249814422081976684e-01
-3.229831371524103933e-01
1.961226084446468509e-01
8.671563773620684090e-01
7.691113601894005170e-01
-3.387733721458532909e-01
-6.588298353689008291e-01
-9.704540090549929054e-02
-3.381643718874966509e-01
1.700966823908353631e-01
-8.826358580209902049e-01
-5.352505958709730116e-01
4.493012921633234291e-01
-5.364859824633814167e-01
7.596771416907307506e-01
-2.339220976911866173e-02
-1.200630167574753493e+00
4.114655013282249030e-01
7.694881307196874687e-01
-1.860771319862555562e-01
-7.645379005360928293e-01
-1.915811750356912480e-01
6.395328902473729205e-01
-1.985147371643200265e-01
-4.007110611295449099e-01
1.707808786641646648e-01
1.983538650948775683e-01
-4.186296710663753307e-01
-1.959557434555058431e-01
-7.854221807703870573e-01
-5.192306122718656214e-01
-2.460484131463427926e-01
1.511597181424299885e+00
-3.383586165540795609e-01
-3.844065796908998633e-01
-5.126010884528110489e-01
9.155797817805083616e-02
1.754846123881489972e-01
4.619520171108353335e-01
4.520486596456128048e-01
2.487663401374181349e-01
-1.319952458988259192e+00
-1.001095151904671243e-01
4.226088728180094067e-01
1.217770837143895973e-01
-3.141255113076120153e-01
1.389221452538988433e-01
-3.333113809958921925e-01
-3.421345754576492482e-01
1.126615004794989383e-01
-9.563071770695333318e-02
2.186291578758577381e-01
5.842225846619904239e-02
-5.670934808541050476e-01
-7.236209322967326329e-01
5.326554850077244163e-01
-5.981300149247644748e-01
-6.420982795201896076e-01
-1.383893489362077178e-01
-5.113153269611150353e-01
-5.750854386903889726e-01
5.270381124725677102e-01
-1.188666146386162525e-01
-4.645878557074807347e-01
-1.628510410217857973e-01
1.461398929259096202e-01
-8.295869792365505313e-02
4.283479708627398463e-01
1.367444334036402309e-01
-1.849172726236111008e-01
5.235035603045052888e-01
6.503850813092805216e-01
-1.710328257349303105e-01
1.781432611659777843e-01
1.227941403103446072e-01
2.337941402879877700e-02
-1.544536534573740794e-01
5.171237482296051763e-02
-6.275676445928293212e-01
-2.479728041730696608e-01
-4.298793519609295788e-01
-5.341868233266038740e-02
-5.966183965840057279e-01
9.460735077012050187e-01
5.341232775987859727e-01
1.063809870539412644e-01
-7.071547370304407387e-01
1.115560575566352242e-01
1.186934648854776897e-01
-8.622016704964765091e-03
3.558975981582480075e-01
2.291174910614540150e-01
-6.972084960311346613e-01
3.834470090657091657e-01
1.617984306038921627e+00
-4.705022971853269897e-01
-7.931659624588204283e-01
-2.022953475316638938e-01
-5.254061000824017391e-01
1.040560677686777069e+00
-7.056962613752785218e-01
-1.056471451433189240e-01
-7.821401553321370714e-02
-1.034274934709061844e-01
1.401596526673455079e-01
-4.531555692027984805e-01
-4.893863682924123326e-01
-4.731394749701955948e-01
-1.102869469096293686e-01
-4.656845060249768520e-01
7.814297732616266590e-01
-3.391548707103889670e-01
-7.581815470603702201e-01
-1.661973722807599529e-01
4.558020528238188734e-02
-6.316204777431980721e-01
-3.153742579855150496e-01
-1.203201711656748246e-01
2.385626069019958495e-01
-4.819848321475229957e-02
-5.208144807380222785e-01
1.220940614381748057e+00
1.468413050213690063e+00
-3.953660469779807229e-01
-1.763666415628031836e-01
8.747504408377010376e-02
-1.295197342885643088e-01
-8.712811540740854621e-01
1.169702372683878167e-01
-1.494172377024456599e+00
4.093546723209949834e-01
5.331085164560428469e-01
4.417353987000892102e-01
4.559777318345839547e-01
5.630300764446691808e-01
3.405175582939244383e-01
-5.334898866142517154e-02
-7.713417912941789023e-02
-1.188713610424773498e-01
-2.986913970501500204e-01
-6.580534054476459005e-01
-3.168413584100027158e-01
nan
9.565455761119860678e-02
-4.909746155352306407e-01
-3.421202540771704492e-01
-2.395927433626600378e-01
1.659280993612394506e-01
5.179935004362403728e-01
-4.891316311317212007e-01
2.297837160636835296e-01
3.205011826095188199e-01
9.187074979327468638e-01
3.170299680866969783e-02
1.317557947660063233e-01
5.975467267493951296e-01
2.544901901485451812e-01
6.987285732963692819e-01
-2.207648302858957953e-02
-1.233441989497995550e+00
-2.486274338008711074e-02
7.207072369834610637e-01
-7.411879228276138099e-01
8.124359449284529466e-02
7.234628449613028645e-01
4.265718298880684101e-01
-9.851645839624056933e-01
7.968075520318489147e-02
3.962221233666657905e-01
-5.724230877142288954e-01
9.255291097075237783e-01
4.791649270402546963e-03
2.532839037071765165e-01
-7.237872249530601099e-02
-1.145215976630540589e-01
2.118545194411746574e-03
-1.909576958754432563e-01
-3.238506155772293282e-01
-5.455432484624007650e-01
3.559255670410692018e-01
-2.956115821641481234e-01
8.428768522806291408e-01
5.663181601383405345e-02
-1.985441459274885911e-01
-1.219825799034594260e-01
-7.111533400719758369e-01
-4.434745535101617953e-01
-2.932235912629944652e-01
-1.596460208628577293e-01
1.234294219971556889e-01
1.295618190683659188e-01
5.891346441163776149e-01
7.449028006037692329e-01
nan
-5.979604453018882992e-01
-1.229881314446324758e+00
4.006166563037049516e-02
-5.407963543510626581e-01
nan
-2.844241708570006133e-01
-7.620292384274934827e-02
8.883654892199392694e-02
2.231216149184854503e-01
-6.257773919527790385e-01
2.984361314420152025e-02
nan
-4.279667615360197713e-02
5.028635513922077305e-01
1.887931167894650875e-01
-8.579204942447319349e-01
1.096287643571900228e+00
4.157917927651159085e-01
-1.243736718622528437e-01
2.855389449409599378e-01
-2.057002950094146687e-01
6.314812460714592790e-01
-1.622401765352760317e-01
-3.895939803839134075e-01
-9.678267460839969916e-01
8.634372058335718081e-02
-6.458999620767935657e-01
9.604782148843386824e-02
5.965417571077491488e-01
5.361825599550511523e-01
-3.929115066880771723e-01
-4.321178608996455450e-01
2.315949407269716001e-02
-1.915431068527618796e-01
-2.472950621263112284e-02
2.210470899492451569e-01
3.813489861395286118e-02
4.469914953205197383e-01
-5.730045446856832925e-01
4.151655706843918048e-01
-6.633611490661625032e-01
-3.746516295524709994e-01
1.217142859768085839e-01
-8.007658647451141309e-01
nan
-1.971161906173251321e-01
2.057121645596021453e-01
-8.475705888890924244e-01
6.382728880557066997e-01
-3.329311281069207706e-01
-6.228325293111600658e-01
-2.142368308161390900e-01
5.286785814108857506e-01
-5.697020867717759313e-02
-2.430084314652559141e-01
2.222662899580564178e-01
-2.998083702532908790e-01
-1.102706526543114629e-01
1.643113425619633153e-02
5.570163596161011865e-01
1.378502954666613323e-01
3.933388100941180299e-01
3.281953072350361766e-02
1.154829512412656189e+00
2.486696260885107868e-01
1.280944659453668588e-01
1.683147465811795362e-01
-1.817890550011100614e-01
6.123411527624549322e-01
2.155375158964824844e-01
-6.208575502955056002e-01
3.144825518962420796e-01
4.977346337309337398e-01
-6.957590974319662891e-01
1.765920367119839240e-01
-3.406167898850918085e-01
3.538409202509220086e-01
-2.022183531195001771e-01
1.065458800289420971e+00
2.745802992209819826e-01
-3.273850554517064668e-03
-4.964221922048385194e-01
5.863320836390933238e-02
8.958821348232338666e-01
3.245508668099920668e-01
2.089227432467672674e-01
-7.368947066018063374e-01
8.858486827602398694e-01
-1.122387660159429729e-01
-3.489813649074604007e-01
-4.415754680822001621e-01
-1.797786722730826958e-01
6.343847503812966027e-01
-2.031526444329282977e-01
4.406775146271136867e-01
-1.863612019945162512e-01
8.426062207235336388e-01
-3.612851747841743788e-01
8.965657135620863638e-02
-4.359352551028093936e-01
5.613809028995783157e-01
-5.696150636072221385e-01
-5.074115478292627428e-03
1.170551355077541267e+00
-8.992957463668829199e-01
-7.554276033112550248e-02
-7.298480097013987367e-01
1.568076484341808241e-01
3.177010312550630489e-01
-3.141252923012635145e-01
6.833281275397039278e-02
3.762028100460443336e-01
8.804324252495808467e-02
-3.308581620596718897e-01
-2.320897284135777557e-03
-6.671860982441059074e-01
-5.906428212136606293e-01
1.024794254396268478e+00
2.680985487610741957e-01
-8.055428539734416082e-02
3.089557989133120408e-01
3.793263187196885267e-01
5.614855527500663968e-01
nan
4.086085366933416285e-01
4.561945848060201536e-01
1.732018357940343090e-01
7.089494582575240900e-01
-3.734100012649553824e-01
-5.080508302203271542e-01
2.460799921687996938e-01
-4.985183488503239779e-01
-1.428983827122299807e-02
-8.599468938376362281e-01
4.041088761787028395e-03
-2.337598729682240639e-01
2.630042499895502983e-01
-4.490434051368933921e-01
1.971773238061662048e-01
2.650299659250616169e-01
-2.610288164149941401e-02
-2.660848560444676325e-01
-3.788573889060591893e-01
-7.446103304352137409e-01
-1.477215777366694405e-01
7.470612038495927365e-01
-6.063731460246590821e-02
9.119959122383587413e-01
1.583917540366373278e-01
2.369629290994343107e-01
-9.819397064647074347e-02
4.499410930760264771e-01
-3.325103613973944827e-01
-1.766290062649809034e-01
1.447928875830068185e-01
6.962918769469202129e-02
-6.848048220133885478e-01
-1.325776799880975798e-01
-1.824833529280291966e-01
5.844300754114878371e-01
3.653727494264211728e-01
2.040741920728252057e-01
-1.191147356903927146e-01
9.471939887843131567e-01
-1.171485846550667648e-01
2.046264834719296599e-01
1.069137575565417275e-01
8.304955278195630397e-01
-1.708684714243542124e-01
-3.380352617148753014e-01
-5.219429010841077909e-01
-5.219118868289144425e-02
-4.593355681868715457e-01
-1.551043514726119787e-01
5.480842633669774644e-01
6.127940511359971504e-02
6.496650008649468289e-02
-1.048256984227322886e-01
-1.211952820104999183e-02
-2.890506105083207600e-01
1.992685596571887874e-01
3.734891649976659345e-01
1.045071095666188832e+00
5.955277017924905936e-01
-3.821313470945113533e-01
-5.144964782145268201e-01
1.018923414948420092e+00
-2.096679547686501610e-01
-5.855046069492997329e-01
-5.616595349554871497e-01
4.815448555313630585e-01
5.219263397476840982e-01
-9.461038689721988915e-01
-4.125754073157919533e-01
3.418874294034061068e-01
-6.072468659082439491e-01
1.833560734438759443e-01
3.977302556212238271e-01
-5.264083863709406730e-01
6.318750004723640012e-01
1.535442159773503512e-01
5.540019757312072274e-02
1.101521661355011394e+00
4.184977109364650949e-01
5.817726800327035347e-02
-2.267491178696221243e-01
3.015342901877449133e-01
1.013634685541176639e+00
-1.028235227741600477e+00
4.311324546819866876e-01
-8.404119436658514797e-01
-7.659031372642860318e-03
7.826549756134695279e-01
7.754484351357837646e-01
-2.864874056857937279e-01
-5.956499688785489299e-01
-1.647103898832129598e-01
-2.415817089993630429e-01
4.345218825571393884e-02
3.238584719185168548e-01
-2.958490084732985359e-01
6.123125761258919886e-02
-9.032818240771132157e-01
6.066391710915618185e-02
-6.164958580560048196e-02
-3.884951766129555312e-02
2.471803755640021583e-01
-1.042880609519866830e+00
1.160750675804937071e+00
5.692052017464058374e-03
7.244111967179078793e-02
-3.126384375559039443e-03
1.107517754557080653e-01
-1.974708850731957122e-01
2.723961936363092362e-01
1.028739272518978121e+00
-1.802378692268805649e-01
2.191874116353735025e-01
-1.414420856943902072e-01
-2.365041126958992435e-01
4.178158086258964565e-01
-6.280286678880846463e-01
-2.511764699696139580e-01
8.666330795331655956e-01
2.849693670461780209e-02
5.263513887138290132e-02
nan
-3.915616150785063143e-02
-3.637908170766778193e-01
-1.662509577248075798e-01
2.783189235552536167e-01
-2.987007633171002152e-01
1.944550907833150433e+00
1.068276341179368760e+00
8.544336914836457575e-02
-2.360373535778834686e-01
6.225422381427839907e-02
-2.921361306411531245e-01
nan
-6.373855458324367493e-03
-2.702675273516476628e-01
-2.742831833552845100e-01
-2.193125409929474190e-01
1.095507641863369130e-02
6.389614605635965949e-01
-2.713046912976797564e-01
-9.698341133130893021e-02
-2.575517861726170921e-01
-1.784965799674398113e-01
-5.572193503507356649e-01
-3.740121188387580675e-01
5.551434937939672132e-01
8.729301650889052799e-02
-6.920412003165294923e-01
1.318333194822544352e-01
-6.754162763241926548e-01
7.292303014815189055e-01
-4.980792118658389778e-01
6.257279597985829778e-01
2.562947952647105510e-01
5.346782251210400183e-01
4.093778540577401315e-01
6.750063048962587908e-01
7.220633034049357413e-01
9.529974965846736701e-02
4.155152211060632039e-01
-3.231362796191326048e-01
3.024419869748545819e-01
1.817083442717566111e-01
-4.914555718057241895e-01
-4.015399080578255786e-01
-3.319311360629136065e-02
-5.645879322648114096e-01
1.886933281810817264e-01
4.636370468262026590e-01
-6.920885863818413419e-01
-2.807921910786236319e-01
-1.644744221259341888e-01
-2.605218172808751453e-01
5.177156226654981985e-01
-2.513199788150007885e-01
-2.295708251389653176e-01
7.565035125628020163e-01
-1.190074384136171171e+00
-6.976330136520812741e-02
1.334026316883504704e+00
-9.597320907509053478e-02
4.357507997126625066e-01
-7.539092225993206942e-01
9.957128349538133527e-01
-2.160612864819188850e-01
-3.408927840850632385e-01
7.928427719891201209e-01
5.220850875348130860e-01
-3.483273687738624447e-01
-2.645720755338401564e-01
-1.483478319315627569e-01
4.343255069316268729e-02
-4.434265049032943273e-01
-2.866526436549204915e-02
6.203957833219858609e-01
-5.489493081047533973e-01
-6.782370799785522042e-01
-2.099528906877599563e-02
8.097708285552879248e-01
1.264041760916673418e+00
-4.831842576986193905e-01
1.327569744473032776e+00
1.359149643411367847e-01
-1.260159337764716336e-01
-2.527947124328262518e-01
-1.345316952289742074e-01
nan
1.692739913887681552e-02
2.071373032798559388e-01
-6.081900504749112590e-01
-2.377101656423193654e-01
2.475312716067765498e-02
5.612668111990536807e-02
-8.764140468642261927e-01
1.132332977193740264e+00
5.059943922272669425e-01
2.178346270612661617e-01
-7.516358244043794823e-01
-2.564406047023796709e-01
5.027407862896160484e-01
9.509016309274195278e-01
-1.068660867207190009e-02
4.393563867729254335e-01
1.298989280342007335e+00
-6.183282395362342809e-01
-5.310744842950748668e-01
1.406965442453664006e-01
-1.881167665705772429e-01
-1.054246050626896775e-01
-2.926661252652515421e-01
-4.924546474547433772e-02
8.435112611981578912e-01
-6.151237747452007465e-01
-3.162963271087038206e-03
5.865470802021268554e-02
-2.561191907051484362e-01
-2.406290260223921118e-01
-5.580505790304674668e-02
-2.258707529205642162e-01
7.632654977028446863e-02
-3.119569480607951029e-01
-7.998651750053428072e-03
4.385646295035436903e-01
-1.238639815454971272e-03
-6.919838197368913812e-01
-8.346712103772756519e-01
-3.676460976394635427e-01
-3.398213637200286352e-01
7.534435250465012501e-01
1.449829584195311549e-01
4.692021349094442351e-01
nan
1.647557395781356071e-01
9.084799535285102978e-01
-9.741859463128340613e-01
4.336530972380204380e-02
-2.250331634290528016e-01
2.276901428199075983e-01
-3.277462651012729711e-01
-9.330081122456731491e-01
6.437735339037969906e-01
-7.429343496080104137e-02
-7.223216702436566217e-02
-1.914551023243231120e-01
1.048720907623801671e-02
-5.353286596501375394e-01
-1.329630092544951958e-02
1.048571658143043484e-01
-4.156883828133642877e-01
1.429426462832706246e+00
4.499035130580987252e-01
-1.978692404210216360e-01
3.182431728842461949e-01
-3.096470945180699874e-01
-3.195347176412846602e-02
6.021991859480513298e-01
-8.808177852799488061e-01
-3.536525335956476612e-02
1.037845760600395240e+00
4.507749460697152988e-01
6.094968392220208031e-01
-5.714939230670734727e-01
6.909828857300424065e-01
-2.188528444877829437e-01
-1.787251822507903709e-01
6.289789168490423910e-01
-1.514248531799875230e-01
3.500504205529675339e-02
-4.893518653419238196e-01
5.944264046892840936e-01
1.295906231510646434e+00
-2.174124529893792235e-02
2.099770780521270086e-01
-3.776489008073582454e-01
-1.084340231537069335e-02
-4.531447785275993234e-01
1.788702021310383528e-01
1.714564284425762752e-01
-4.957151276615732738e-01
6.890942652497092924e-01
3.395647758677183825e-01
8.884462644048291002e-02
7.757318319047434851e-01
-5.447085726167971709e-02
-9.873595159170619473e-01
-4.222868476487388056e-01
-4.791380166118544559e-01
3.830591327310905458e-01
8.816417911256152484e-01
1.536474530716016584e-01
-9.313531214169088468e-01
-7.340914819955839110e-02
-1.198898715422542713e-02
7.293966292515463058e-03
2.549150021912715003e-01
-6.839958352364677863e-02
nan
6.246151624693511151e-01
4.850718329848576760e-01
nan
6.600442515033445590e-01
3.294199779896779257e-01
6.736699065841912359e-01
-2.419871487259942500e-01
8.362734400391993450e-01
-1.454144729885040732e-01
-4.371882903745289983e-01
-8.585468032653152948e-01
1.100180489243614973e-01
1.018333370673145666e-01
-8.574405859292674181e-01
1.561037755766619406e-01
-6.114616540308455139e-01
-4.917987361488448395e-01
-5.956429063143250380e-01
1.274426417333451633e+00
1.469265965889337555e-01
-1.063689677286701496e+00
6.877193663846599414e-02
-1.186272770669242610e-01
-2.966754173607877298e-01
-1.982365810892465774e-01
-2.404135224934951243e-01
-2.950598984304778072e-01
4.072659476718422100e-01
-7.536786958109557011e-01
7.810391074273690393e-01
-1.972954475386231032e-01
4.338775340270763503e-01
nan
5.037465943363619303e-01
1.768079834742500023e-01
-9.111097253559001796e-01
4.786948762859533635e-01
-3.796232913987800800e-02
-4.164275352577420652e-01
nan
6.852791391270467436e-01
2.151636055893099142e-01
-1.415865542224413465e-01
-2.763843810152506464e-01
-6.702476478573651253e-01
-9.176162575471934202e-02
nan
-3.028678919804511649e-01
-9.131194263002609390e-02
-2.338592175294491315e-01
-6.575513057021566965e-01
2.409319724426689791e-01
1.374524712706503005e-01
6.211807133241477041e-01
2.766925442152123327e-01
1.731280852683287075e-01
-5.928581479488099770e-01
4.807285368941500159e-01
3.492840703555010612e-02
1.730035341381513048e+00
-2.160076066893816260e-01
1.537236143955489132e+00
nan
nan
8.446528193039445909e-02
nan
1.812076214069416880e-01
nan
-1.988124431726437935e-01
nan
1.224042649144528427e+00
nan
5.305129551918033037e-01
-4.974310605593887935e-01
-5.632144163040858631e-01
nan
1.332149991780820608e+00
6.520355884311836159e-02
4.095078752306551273e-01
2.420332209810077961e-01
9.232690300696830277e-02
4.101186741604507802e-01
9.642385173486545114e-02
1.391751476289467826e-01
-1.361940677505516784e-01
1.271637693731535457e-01
-2.352061466911427590e-01
-3.367706721419140292e-01
-3.161448959885951315e-01
-2.038441001462301949e-01
7.224856225591327896e-02
-9.407644208876449199e-02
-1.157023096559348443e-02
3.594614629710281561e-01
6.927206773596926090e-04
-1.165064987186285317e-01
1.219097955771975550e-01
-2.946263044888446370e-01
7.611513862459175217e-02
3.266572533422827940e-01
9.289755955808561005e-02
4.733738715663697305e-01
-1.617927790897554507e-01
-8.510700372062636188e-01
3.314808854465282062e-01
-5.549525101875119049e-01
5.838626227888423781e-01
1.525930000693898891e-01
-3.483193548565070574e-01
7.955890253049912042e-01
-4.854319507286749547e-01
-1.445908131003800778e-01
1.167426152245579107e+00
-2.518282675860382125e-01
-1.647891793804454330e-01
-2.075460993406971488e-01
4.975685763246198157e-01
-3.525164380346599291e-01
1.065064598605874879e-01
-7.228056053135614167e-01
3.030924386875367693e-01
-1.238238524615333652e-01
4.470176500464192459e-01
4.091887748804623470e-02
-5.179576700180203996e-01
3.501568815816561431e-01
-4.022082685768808841e-02
2.089591952081699955e-01
4.491120112272173337e-02
1.169699682089811593e-01
-3.609060377546341458e-01
1.402515888589078996e-01
-1.254347655955210805e-01
-1.177203549831507878e+00
-6.545850029017887817e-01
-8.509285391269651999e-01
-9.134188170578718680e-01
3.547915732548349022e-01
8.566170898706214620e-01
-5.797343751397601164e-01
-2.514902807546862129e-01
-4.804861193785880391e-01
9.839418428152969798e-02
-2.068227153893205383e-01
-2.118102364518794356e-01
1.085830005829441003e+00
6.333495701613610640e-01
-1.138859065768780404e-01
-3.368054339783253526e-01
2.919260425185425945e-01
2.468697956822838713e-01
3.892542290390592075e-01
2.097654206683088052e-01
-3.477311964113231624e-01
8.166051295894856121e-01
2.026356805552013973e-01
4.514918616213475788e-01
-1.985940665411731199e-01
6.257735925881898753e-01
-5.892815158255575447e-01
6.036409078753596225e-01
-2.545723051831643158e-01
-1.179681472544924364e-01
-2.029028024071330982e-01
-1.503737628524509096e-01
-1.561937580998644659e-01
-4.884831950241851906e-01
3.715061537304646389e-01
-4.038712019550496635e-01
-2.048853695060258162e-01
-3.342121649346967778e-04
-7.359469263021964358e-02
-4.981857659271847205e-01
-3.990353222547038392e-01
7.211260103560064305e-01
-3.530077036469631002e-01
-1.343619142861293692e-01
2.582540302365444740e-01
1.336179448698810723e-01
-2.694523493097776834e-01
1.539777530094709468e-01
nan
4.558049150305784059e-01
-1.104221126291379113e-01
9.376826976570490357e-02
8.259391436988665625e-01
nan
-4.667020412329474510e-01
5.801864213718588292e-01
1.879734174052428153e-01
-6.118507418836226508e-01
3.386217134382605298e-01
-1.028858028990721069e-01
2.782762380959977189e-01
-8.314252248778161714e-02
-9.466190797324947059e-01
8.876096011130771846e-01
3.908915511750920002e-01
1.068979930728648053e+00
-4.744482438771815969e-02
1.241678128216987115e-01
-2.159743672481057863e-01
-6.408209029247563526e-01
1.390495947658320297e+00
2.383217237166397884e-01
4.156777717502692648e-01
-6.156444356462542622e-01
-4.082905511237241991e-02
4.680847944288193396e-01
-8.725127283193609973e-01
1.895796933276309437e-01
-3.321026748767072490e-01
9.401706524741475501e-01
2.640341400993243548e-01
1.317602334922930718e-01
-4.963074951135122426e-01
-6.707190886765118654e-01
7.314450232748546943e-02
-1.364896750669282177e-01
1.502745930675892516e-01
-2.127310754128786119e-02
3.932395507234129894e-01
-3.169033420586994665e-01
6.190505819553294709e-01
1.576930577610096140e-01
-3.904234004099745858e-01
-1.659326158887315383e-01
3.396711577784912450e-02
-5.584914117141340228e-02
-6.460646622199236466e-01
-6.103108368368619363e-01
6.074205565200766488e-01
-8.052027592413433243e-01
-2.670512715896452560e-01
1.139768874733921994e-01
8.062368938094859327e-01
-2.409751538148917349e-01
-1.101238411196669847e-01
1.141387972192674960e+00
2.457352043046033552e-01
2.712546197845686069e-01
-3.378358910918727309e-01
-4.702964655311475672e-01
3.486829617420720839e-01
9.366692541711141295e-01
8.636623032051043980e-02
3.312682002330821218e-01
-2.783324425735669849e-01
-2.007997077644130823e-01
3.975386357023207862e-01
-4.212517001381851922e-02
1.018847593668982476e+00
-5.878198317460667788e-01
-5.574858328666918439e-01
3.240161536432979439e-01
-6.460954622011485515e-01
4.176762444752750714e-01
6.187528385313649792e-01
-3.105001674050368865e-01
-8.277158198072902540e-01
6.538708884765918050e-01
-1.175423228837743812e-02
-2.898595893852315419e-01
-2.312838475428816987e-01
-6.926979036202709494e-01
-7.798590350331546794e-02
-1.822265887006399854e-01
-4.612583501913403161e-01
-3.490132545277548903e-01
-1.194919359907633122e-01
6.111123378665176409e-01
1.721706457124944356e-01
-2.962478605349621041e-01
1.903148307744081114e-01
3.782256980882925945e-01
4.910400716102403251e-01
1.174371172881618491e-01
-6.629745309122668795e-01
-3.869577275434638031e-02
-4.173807459894686711e-01
3.483340844310277573e-01
-3.513733285797343564e-01
7.465738854375587874e-02
-8.505847843474688419e-02
-1.109575750428313246e+00
-4.423727245258196050e-01
1.579646659591147084e-01
7.517024171248319897e-01
-1.657859620453994709e-01
-6.852713537635066188e-02
3.023332584690774927e-01
-2.492334473500928405e-01
8.625039774795542069e-01
1.051975591148908949e-02
-4.782452078984830018e-02
-6.320220265811943294e-01
3.337608729247225625e-01
1.639368721081231328e-01
-5.180108358531431145e-01
7.187605610955111191e-02
3.395611385507248947e-01
-3.829262391894635575e-01
2.776210169236938419e-01
3.521005830316960572e-01
-4.475361134059269164e-02
2.718432181589225047e-02
-3.070673723267466904e-01
2.016221528452021294e-01
9.150063893840564011e-02
-8.318584287092652962e-01
6.511501278607224885e-02
3.143010992351245037e-01
-5.363219017183722404e-01
-2.126567021846675343e-01
-1.759089239530870277e-02
2.816089361076473119e-01
8.190885272889723845e-02
-5.767964156948491850e-01
-4.617140120279802362e-01
-2.029004216322973786e-01
7.446131352864278075e-01
-1.161647003620970425e-01
1.597169704026501005e-02
-1.796186017512543254e-01
-5.127951683024110086e-01
-3.275950659043979085e-01
-5.687857705311649692e-01
-5.483791095871507482e-01
-6.073598921910186021e-01
6.227790861430445579e-01
4.835934653213990742e-01
-5.176649985089888384e-01
-3.440558810682533553e-01
5.501447568496540402e-02
8.291970447267900113e-01
3.971178124558289585e-02
-2.478621067831871493e-03
-1.990463916615168027e-01
-6.358068394412529079e-02
-7.256312152441901642e-02
2.759757737566948671e-02
1.180531080927173654e-01
4.195912521704653342e-01
3.777601409613830924e-02
-7.649859451125788634e-02
-9.611502652859313933e-01
7.264849780176682592e-02
6.844682686766602187e-01
3.618484794292952667e-01
-4.079947627865681548e-01
6.878559916553688147e-01
-1.251926890808037485e-01
-1.005756018448817235e+00
-5.744497268407775525e-01
1.094365037592245904e-01
2.990522348636026062e-01
-1.016500787025686192e-01
-5.229952105723567612e-01
1.325484432977230842e-01
-5.056285923746111077e-01
-1.814026607837105065e-01
-3.572485790465035338e-01
-5.632829721454098160e-02
1.805367666573282071e-01
-3.972412523916633020e-01
-6.651560545548764747e-01
2.454617250289436725e-01
-1.238393833768990593e+00
3.769207960827908321e-01
-5.664813898568099582e-01
-7.052159232372320896e-02
-2.208016564265111170e-01
-1.350593702465315848e-01
-2.426525887422750771e-01
3.121465726040861810e-01
6.249480717449689138e-01
3.657842512964363385e-02
-3.497928631113439990e-01
5.982572431172714644e-01
-3.433001473591456021e-01
-1.463160299928175090e-01
-5.161081536179497053e-01
-2.508639885621715207e-02
5.926573254560296711e-02
4.197551053725998571e-01
-3.290748451286444332e-01
-5.159820100039430590e-01
-5.070715383851079894e-01
1.050403221878965621e+00
-6.120298345899755077e-01
9.084946915817697366e-02
-4.898214314923716728e-01
-6.405517025123602659e-01
4.316346346222575958e-01
-2.309075459161291088e-01
-1.422765278995213045e-01
1.309607736189041804e-01
4.770962482869022248e-01
7.009427232557597920e-01
-7.813117504604251140e-01
-5.206061595502871342e-02
-3.185597985419588163e-01
-5.494742023094741912e-01
-8.650669337768223111e-01
4.928107360054026498e-01
1.060080942016198707e-01
3.272834846716261570e-01
-1.294936850659819672e-01
-3.366592216132958670e-01
2.893813410429894595e-01
6.306157571743911117e-01
-3.071959771816811235e-01
6.023834591379028103e-01
6.434547363958517119e-01
5.943920619346475531e-01
4.874867433465774891e-01
-6.135896606479536164e-01
-1.698763491747434518e-01
-5.154863378330997170e-01
1.721676291405376813e-01
3.603159699710374309e-01
6.180531149449759454e-01
-4.605233985260703128e-03
4.881162906397858436e-01
8.151056115697975502e-01
5.551767433461477497e-01
-6.264357565144565987e-01
7.813504497818734018e-01
1.002096723067332551e+00
-2.295789590757903731e-01
3.532186362708922833e-01
-9.319654238069367824e-02
-6.960032091544544885e-02
4.495475680713041378e-01
-4.505961240856609096e-01
-4.106107878333004613e-01
-1.072615789894902777e-01
1.571332542941750732e-01
7.533162565224267304e-01
7.619057201387959832e-01
-8.322614851347200915e-01
-2.387989259574233580e-01
1.996042992016448248e-01
-3.244547937508438507e-01
5.198991781616848495e-01
1.205450240077777790e+00
7.408812777784142822e-01
6.229028893519140686e-01
-3.138227121236328299e-01
-4.106265795354745868e-02
-5.338254360288576805e-01
-2.890599879316985837e-02
4.041397778672567442e-01
-4.757424116535390324e-01
2.263064703804361644e-01
-1.834221795544776490e-01
-3.068401507607276812e-01
-2.400583106183519777e-01
-1.605006054421861950e-01
7.894853607603874446e-02
-5.573711320108499789e-01
-5.464975730323297087e-01
nan
-5.222773769172118774e-01
1.057526912478094910e-01
-1.529285578024756620e-01
5.473431234565999670e-01
3.674485884229000687e-01
-3.893588764337643435e-03
1.076806916810323589e+00
-4.146490079698452180e-01
-5.799822278203422589e-03
-6.182083678986418640e-01
-2.619163023964921067e-01
-1.278508576072727443e-01
1.089924205171824312e+00
4.400525876764303512e-01
-9.652244986065176002e-01
1.258454829204960435e+00
-4.383782529172386977e-01
2.741836022103798509e-01
4.288330763844656057e-01
1.102912045160198973e-01
-5.104330375167682732e-01
2.136022206317247929e-01
1.172182764265509297e-01
5.049377735325568661e-01
5.618166089111226169e-01
-2.184608674647556814e-01
-2.294423623278479540e-01
-1.028171921723882859e-01
3.726073739176425925e-01
1.234380117406164018e-01
1.085079522932885121e+00
5.933332863824219983e-01
-2.285512692115714561e-01
-3.650463453514101175e-01
-2.128683695093764872e-01
8.600283656280157674e-01
-7.783753707413931799e-01
-5.524916473323446958e-02
-2.245717009791162733e-01
-4.284602656428807554e-01
-1.943502816444334647e-01
5.041885915783573813e-01
3.439862978019823936e-02
-3.407424208568571866e-01
-1.241708329771067099e-01
3.467259392662631057e-01
4.714692680606016872e-01
-6.957111664383250349e-02
4.222884375304802318e-01
8.976796281096635077e-01
-1.209772887612321352e-01
4.276744662073553860e-01
-4.691109496867522100e-01
-1.191328954984531840e-01
6.021317562934276335e-01
-3.838740020118716623e-01
7.547465772201412681e-01
-8.043797609601449627e-01
9.359656360424922772e-01
1.079180829717400342e-01
-2.350644163542919829e-01
2.967831800935633035e-01
-2.073086791944083740e-01
-6.279245314162035241e-02
-5.350775436745028868e-01
-3.804692508831728492e-01
-8.561113756434928224e-01
1.943171603885976151e-01
8.219606661974879214e-02
-4.463906884302248357e-01
-5.399645910708861241e-01
2.555495461644071153e-01
-1.177970454714345055e-01
-4.949538549163966517e-01
2.368308582861188838e-01
5.865550932531111705e-01
-8.116361068874456963e-01
-1.412774053196758639e-01
2.765277332971785226e-02
-2.014376541852339608e-01
8.672000932671589668e-01
-6.589841183452190831e-01
-3.219613153189796462e-01
-2.448217328108943380e-01
nan
-4.829116463144531579e-01
-6.312959197652441290e-01
-9.471229919728975100e-01
-4.907797697356928723e-01
-1.665827961718117922e-01
4.399361475090605156e-01
-1.239534764483823659e-01
-5.126137533931448553e-01
-3.997323947851436077e-01
7.495085133970322833e-01
-1.841617422535456183e-01
-2.848378877516593022e-01
-4.296531774480021326e-01
2.305191738669668533e-01
3.846908649934843716e-01
1.854141144812790354e-01
-8.450736451785423320e-02
1.553834748037384583e-01
-5.095568693249977743e-01
1.955315134552123024e-01
3.616469079668652165e-02
-1.995193689355422018e-01
1.082296159304498018e-01
6.961896655799040268e-01
1.957453223748630011e-01
-1.076209067567234917e-01
-2.637479618958972916e-03
nan
-3.194053373320185907e-01
-2.825051370680629059e-01
3.762232256018720467e-01
-2.831469563536713752e-01
-9.839774444637863215e-01
3.013222136352601832e-01
2.190416198699784156e-01
3.160589104106745206e-01
-3.733724683253816790e-02
1.752894731714941257e-01
nan
3.028228479905332171e-01
-2.040077391126048079e-01
-5.248598083916919954e-01
-1.419407451344323334e-01
2.225370712167437995e-02
-6.446611929503053284e-01
-5.030103747171522643e-01
6.311350699722541036e-01
5.132929026065597977e-01
-6.896893810328302843e-01
6.873217872799185502e-01
-1.901113993451898077e-01
8.346648291969698263e-01
2.251441728698778677e-01
-9.969766755795506086e-01
-2.468066838710415156e-01
-3.315740308553729587e-01
1.104268856929194187e-01
-1.579697419470912634e-01
-8.458544067129718236e-02
-2.181463417424123474e-01
-6.818898627376134280e-01
4.000847264166120798e-01
-1.132208561990712542e-01
2.362650681987082946e-01
-1.218676339556190175e-01
-2.233716533470005428e-01
-8.536209103587916180e-02
-3.419609998502353698e-01
-4.867164575834044826e-01
-2.696397991884473266e-01
2.162239084454421478e-01
-7.622234085153810346e-02
-6.498820578751990373e-01
-4.058156462776818518e-01
2.722535851131224205e-01
-2.709058813296204016e-01
-2.876658651404974676e-01
7.972408000582984489e-01
9.855844611429961377e-01
-5.276608582160766669e-01
1.211900267478374128e-02
8.506063204330928385e-02
8.098385799427313403e-01
-7.245937134826001269e-02
-2.891088090691382728e-01
-1.311641872265228437e-01
-7.719842628171866838e-01
4.973044231429343265e-01
-1.100240632375589361e-01
nan
-3.649408867760475239e-01
4.339841868097430999e-01
5.124908345862632109e-01
1.351091634781799167e-01
-3.680082808133740974e-02
4.662456276516279696e-01
-4.664154804244417113e-02
3.554891073561591841e-01
2.444738250936983881e-01
2.259800504797153664e-01
1.528494219734934934e-01
1.699575332444433762e-01
1.385461871205257767e+00
1.166965204895738406e+00
4.249886183996832711e-01
6.314133185996597675e-01
-2.598835445276427847e-01
3.299014865110389549e-01
-4.243853892216400414e-01
-5.152860221908063254e-01
4.686340752442075819e-01
-9.440815484024103199e-01
-3.555448458061232775e-01
3.700099071134859557e-02
-5.085857295127190758e-01
-1.022680494795259881e-01
-4.588872290140841304e-01
-8.750523460317810587e-01
2.864493413167811808e-01
-4.599546683781630674e-01
-1.874933022213325362e-01
-7.616985401048472770e-01
-1.467046850803272080e-02
-5.985132571383309230e-01
4.850763611895247962e-01
9.357123979533851776e-02
-1.553130427408044856e-01
1.100763100732157218e+00
-4.658649047855502601e-01
-4.957199305980306003e-01
1.271767546601580978e-01
-3.064685434089704508e-01
1.114200736953777637e+00
2.224700837369567585e-01
-1.863457418822032918e-02
5.831329937802671309e-02
-6.625689533531634590e-01
-2.312995601992715866e-01
-2.195804946462965451e-02
-6.058015949098948666e-02
3.826342797389184480e-02
-8.829054734112891101e-01
-3.946622520207181961e-01
-1.665357444129492437e-01
-6.529263630425798937e-01
-8.472477976308928627e-01
-2.629220907521555295e-02
-4.805971804062687536e-01
-8.237150941789284087e-02
-8.101968904508108577e-04
1.563581847753191811e-01
4.762391081493311806e-01
-1.605254496325405223e-03
-2.389698612263281285e-01
-8.293123129253850978e-01
1.275336292071758970e-01
5.442419601546997221e-01
-5.830559933763825864e-01
1.018794587615551306e-01
-1.906172022274537359e-01
-2.950893403898862677e-01
1.817975412393053603e-01
6.629381009169230121e-02
-5.230529845395152089e-01
-9.697588751427298481e-01
6.193173082411813635e-01
6.001176543050799062e-01
-1.555630977031202400e-01
7.752448228862705848e-02
-5.890621200109329436e-01
7.147826520651356930e-01
-3.301828386154808115e-01
2.441553219020007881e-01
-1.273575239589843332e-02
-2.093127536733573879e-01
-3.684988575550330325e-01
-2.042683933112199590e-01
-6.900968106231631927e-01
-7.144044078837004375e-02
-5.872153727766673929e-03
-4.060422846452999002e-01
-2.747655207013581791e-01
-5.011456826149298660e-01
1.313228928125987627e-01
8.863613835226449300e-01
2.783116754291396419e-02
-5.383572938579502670e-02
-2.741282709481016044e-01
6.407459244005425658e-01
-6.285146648218829790e-02
-3.986613370319523342e-01
-2.667848251540056448e-01
-2.866646730152410671e-01
6.669333441535340024e-01
4.589797307874485255e-01
-8.997015386980987406e-02
4.400465361273450671e-01
3.474912296812178725e-01
-1.086753864444650053e-01
1.245327453773994314e-01
-1.567886324582021956e-02
7.816013574535106700e-01
-1.846221246465999111e-01
3.768933771805620947e-01
-3.480447851521648733e-02
-6.062185587465639403e-01
5.244943285955859791e-01
-1.981899636827255118e-01
6.078917863153860957e-01
-6.844179047735836352e-02
5.610049482460760517e-02
7.520190420272815368e-02
7.190721887208996466e-02
-2.466958643539063079e-01
5.754579562667800907e-01
-9.780344603826483449e-03
2.931153830513263947e-01
-1.504309158743779296e-01
5.107746768196064213e-01
2.838249569345013823e-02
-5.477335729554850402e-03
-9.683997454255389992e-02
4.501897845811235477e-02
1.912977910392859304e-01
-1.444494294134606172e-01
-7.345318853532702974e-01
-3.334418128010399607e-01
-1.686128989428301306e-01
2.411123369658322857e-01
6.875962418430141554e-01
-8.314659477179671132e-01
7.031345563597453108e-01
3.156193477811851666e-01
-3.666183428934746136e-01
2.226954686266338634e-01
-5.885868368039073317e-01
1.070153401093737022e+00
-4.011753911042503229e-01
-2.264710518104662285e-02
4.498664463557026649e-01
-1.111974439459832847e-01
1.382304988673437596e-01
1.659831164594476050e-01
-3.261937253521782210e-01
-4.598678452323821109e-01
3.833857809379802584e-01
-5.498517732263984159e-02
-4.229877733460131739e-01
-1.744076693366043151e-01
-3.821281333728213658e-01
-4.490539456763713577e-01
-8.973478088418997967e-01
-1.940190547223593631e-01
-8.639075508742186660e-01
2.752533876327795670e-01
9.648932560928789037e-01
-8.881340906018588832e-01
-3.004766409894816803e-01
-2.971716091702079621e-01
4.619409852984804332e-01
4.322499144801796034e-02
-6.913319172376272137e-01
6.624500585892860727e-01
1.333603822319841259e-01
2.632730899420913095e-01
-3.457073099300391750e-01
1.032211830315385159e-01
4.521126715493814507e-02
4.493240323674113079e-01
6.625818506916310476e-03
-2.714130161064919333e-01
-2.923989958366800604e-02
-3.311748835592702167e-01
5.391855357740372723e-01
-2.386419391358909625e-01
5.582434270078793226e-01
7.900784656853344634e-01
-5.675535771907053682e-03
-7.864741056664843466e-01
2.009191466017331423e-02
2.899553963034016690e-01
-2.962908595713708571e-01
1.359958588276774516e-02
7.264593325840476741e-03
-2.455225817448454251e-01
8.075551200726706347e-02
-1.262067157266882345e-01
-2.774330024489575497e-03
-4.493713477453570859e-01
3.493352777090324435e-01
1.106341979791605340e-01
1.418132500535993802e-02
1.420323363655679738e-01
-1.369808290775419712e-01
-4.669116648582168350e-01
8.757549960341641793e-01
-5.784346383425236215e-01
3.761650288119696151e-01
7.981641873145192134e-01
-2.786163976485324101e-01
2.973504156163097462e-02
3.893679816432921159e-01
-7.475183358699298564e-02
-4.732059016921998373e-01
4.743207124411660258e-01
1.715798474349273118e-03
6.616173367206754641e-01
-3.948458001114862337e-01
-2.416269298365036067e-01
-6.744242783027144528e-01
4.953893676284096825e-01
3.373279620654022759e-01
-3.771558486048910419e-01
-2.472789290551118957e-01
-1.031808902130783911e+00
1.344801264457447243e-01
-6.741151556781872500e-01
6.832945558214761350e-01
8.026114725814828543e-02
-2.331010152431470805e-01
1.233831667565701840e-01
-4.260223248191846168e-01
-2.639733850245398195e-01
3.144854416452967372e-01
-3.479591322509320017e-01
4.288032213465138853e-01
-4.459481205442476504e-01
-2.432973604918722277e-01
4.648017479033509369e-01
-1.936623509194977145e-04
-4.219983928485757096e-01
-5.472555307425837068e-01
-4.798937238771825570e-02
-2.306542560425397792e-01
-4.809236407735896501e-02
1.415680003177240742e+00
7.992778746381214508e-03
-3.126526538062466276e-01
1.016476810075586767e+00
8.297820777994820152e-02
5.239447275304587315e-02
7.453321808846569141e-01
3.524526532013887159e-02
-9.449759428627066415e-02
-4.104013120682508675e-01
-3.856116463364793190e-01
-3.148151887456071552e-02
-4.046337581919672854e-01
1.146404225775484176e-01
-5.593773617488802252e-02
-7.045676358736769895e-01
8.992883845077714877e-01
5.763970292194622314e-01
5.365561253875641978e-02
-6.827108079538143359e-01
-8.873068316893270024e-01
3.783404418433570227e-01
4.423179853551095775e-01
1.539757187404019456e+00
3.245022825072310102e-01
1.073940626582533309e+00
3.553933503466680244e-01
7.020244456153014179e-01
8.523262141577244710e-01
6.127407566246426129e-02
-2.087129651693203809e-03
2.517369401138571661e-01
6.465810050267124520e-01
-5.532117497285581331e-01
-3.214867799962428108e-01
-2.656221112233889681e-01
-2.412487563410698477e-01
-6.581602084967942412e-01
-6.406551376788099939e-02
-2.600058420098829703e-01
3.796947509854924352e-01
-4.888143487302553658e-01
-7.970193512470105102e-01
-8.362633881787666645e-01
9.962081538212076703e-02
7.982234318019745811e-02
6.281174904691552152e-01
-2.291251800594971688e-01
3.757438644801792127e-01
1.095147198259225629e-01
-2.677249222878200739e-03
-3.916361162637653215e-01
-3.188127974482337645e-01
2.426742858826903548e-01
-8.003640467080317400e-01
nan
-5.257891219229228197e-01
-6.672645925159993441e-01
5.490540888749719795e-01
-5.351926647249909408e-01
-2.734529848761699800e-01
-4.407067246389337889e-01
-2.688754623678331068e-01
2.283703382762332645e-01
8.486257212128120453e-02
-2.101053973886556347e-01
9.632944639985260848e-02
5.181447544757928902e-01
-4.245316543614725997e-03
-1.284302902270600955e-01
-6.148278241766115260e-01
-1.071777968239784329e-01
-5.349630039797430292e-02
2.865741507628289941e-01
4.304323388075241286e-01
9.988795741719470878e-02
nan
1.238767416300044610e+00
-2.825720504194834670e-01
4.319920885871836869e-01
-5.054023770936156845e-01
-9.684522501533981975e-02
3.953202888822141547e-01
-2.824261090070499802e-02
3.068394935497679166e-01
5.704592191582538163e-01
-1.038369176627493173e+00
-2.151926878959190687e-02
-3.015143743608331151e-01
-8.353113585940417918e-02
-3.745242616652758039e-01
3.938467804907893471e-02
1.938274647862685829e-01
-2.403266987695992507e-01
1.490649798057478437e-01
-5.713312024793429922e-01
-4.202630813579997238e-01
2.003676281923345848e-01
3.143068119365363122e-01
7.060582960203785063e-01
-3.089116225482410050e-01
-4.199201500409748267e-01
-3.351557503119362846e-01
3.671976707849086141e-01
-3.928229546241833736e-01
3.126767109005098577e-01
-1.316303493757354504e-01
-7.048420781534866508e-01
-1.975356573346697120e-01
3.026007329046003225e-01
-8.735324351025815226e-02
2.203563928776547942e-01
1.382476602434666059e-02
1.624990119172882996e-01
5.608937598722808504e-01
-1.454229570674435978e-01
-2.365451163065019902e-01
1.048402074596409689e-01
5.595307149706826300e-01
-1.458677250345675191e-01
1.253952229087116066e-01
-9.292267344846724675e-02
-3.563545297683731183e-01
1.342223347097170949e+00
-2.899478666796612147e-01
-3.888190298490725727e-01
8.755123722877733439e-01
9.462798144771679132e-01
-3.483968127399067471e-01
1.017192542978053865e-01
2.004453143849646568e-01
-6.620456707565918197e-01
6.368665049310030524e-01
-7.102933143464654209e-02
-5.538181929036577189e-02
-8.676373044320990768e-01
1.791226289483257850e-01
-8.123051652252395449e-01
1.948137153850541814e-01
-1.613085308435746879e-01
-1.039829036983093147e-01
-5.358128128718381289e-01
-4.351060740745871236e-01
-8.417187381204550567e-01
6.936153998782031982e-01
2.288212463910219152e-01
1.581557927763528326e-01
-7.029225418483849852e-01
1.186088629126571758e+00
-2.458586074010074563e-01
8.816562546492228147e-01
8.093773586888466931e-02
4.937671601874246696e-01
-7.304828426561288390e-01
-3.208638653590564771e-01
3.184628506641550439e-04
-4.054197519676131511e-01
6.379965053710343614e-01
1.698381364724506348e-03
-1.671187247364635808e-01
-2.350942502158300251e-01
-5.423722619461645023e-01
-2.530225799520087471e-02
-5.520547197342136059e-01
-4.222362546084665325e-01
1.632598679092348015e-02
-5.920976802021958862e-01
-2.797849167601398346e-01
-7.232974968743648425e-01
-8.816610017157489737e-03
-3.315546281322099414e-02
5.461158208081777765e-01
-3.190097554820880421e-01
-2.224322936709732801e-01
1.263764280982821453e-01
3.361269114988783141e-02
1.423174311012099513e-01
-5.118951421687725212e-01
7.884137007082111515e-01
-8.957455909585297638e-02
-1.302460069815283492e-02
-7.975248120653036787e-01
6.131607339842037874e-01
-5.208396883473120909e-01
