-1.028197989556131342e-01
-1.138675980796546527e+00
-6.044315735746037532e-01
-3.173310898024315208e-01
-6.606498798072628631e-01
-4.108538901532542975e-01
-3.872248492781500961e-01
-1.254909716501237282e+00
2.607435460577519071e-01
2.235769551170341263e-01
-5.135693315216259824e-01
5.906663563199353595e-01
-1.260097937889666175e+00
-1.083695314075452609e+00
-1.374608167469545394e-01
-1.061128458612291131e-01
3.737473002366032415e-01
nan
5.629634108933111170e-02
1.324866285202516147e-01
-3.143673214479847933e-01
2.427609309244391916e-02
-9.358289260930682252e-01
-8.207949314835878418e-01
5.384990496845912938e-02
1.096653154316290291e+00
7.176710764247500041e-02
-1.013384855923958328e-01
-1.046449623901225312e+00
1.062233751880558685e+00
-4.866159660723019531e-01
-2.736174552177172425e-01
-2.741332310142530759e-01
-1.310697292378641077e+00
-2.560281216083258315e-01
-1.487827181381995087e-02
-5.923021201917451073e-01
4.954135885883107493e-01
-4.765920975614790223e-01
2.350644201705226755e-01
1.064870694636577825e-01
nan
-1.392773059915438649e-01
2.911839673940853634e-01
-6.355442886126644320e-02
-7.042014064062100953e-01
-1.277453039965304349e+00
-4.765257283091008378e-01
-7.835257840130905871e-01
1.230109096208015007e+00
2.009747790178126325e-01
8.670087391257262632e-03
4.981857265015445790e-01
-2.926669581004461285e-01
-4.194550943511998198e-01
nan
-6.637120150489813630e-01
-8.065355787091536000e-01
1.493231057203857348e-01
5.861024674878917429e-01
-1.021536145501995119e+00
2.519885109996807260e-01
nan
-4.766062546731809624e-01
-4.716208668102563895e-01
nan
-7.625786441004991367e-01
nan
1.039653323460547861e-02
2.050242773339541746e-01
-3.971529237836518567e-01
nan
-4.560591025415797195e-01
-4.784795315946886451e-01
-4.708921452764873727e-01
5.432894107875105849e-01
-6.563749733790454899e-01
1.740968007803549433e-01
-4.415285178035997515e-01
-7.211401566733114388e-01
9.050525089229605191e-01
nan
nan
4.279020012634373593e-01
-2.409369311542700620e-01
-7.487695760289890534e-02
nan
-1.188908650188775784e+00
4.856019371598830903e-01
-1.089038108401192001e-01
4.140903256216999506e-01
3.632118428622420070e-01
-7.932133261595364360e-01
-1.066098510296666912e+00
1.123074006971022776e+00
-1.085759629632159662e+00
nan
3.282555737072568869e-01
2.929029870074645880e-01
7.643231324202438559e-01
-4.080788173694537280e-01
-1.141448617215834876e-01
3.874223321431740641e-01
-2.174883215818782245e-01
-1.127422431547302484e+00
5.035207499112416274e-01
-9.893742686000700504e-01
-5.780917809157481990e-01
nan
-1.347828902592355105e+00
-2.387102263829818383e-02
-8.335762692717890721e-01
8.978340315410383576e-01
7.341562824828909983e-01
3.201234613871287715e-01
-6.006626448148298936e-01
-2.648473703831976667e-01
-9.471828158518348362e-01
nan
-3.531299217217535036e-01
-8.861929279917761804e-01
9.799950592670969574e-02
4.068219327426904619e-01
-2.935931849315618347e-01
-9.156334527331903006e-01
1.404574595891701527e+00
nan
-5.442864861181767600e-01
nan
2.763016690305190037e-01
nan
-6.437093578979222741e-01
5.386988090960360687e-01
2.627937121836882994e-01
-2.372783931600106477e-01
1.382828867149641927e-01
nan
2.182010682870134388e-01
-5.405637946023881257e-01
nan
3.777121953919218567e-01
-1.990776560962323194e-01
-3.278786233936607508e-01
nan
-2.051453919948766358e-01
-5.438434757716682499e-01
2.016793378100377176e-01
-4.211310289401509754e-01
-3.262958009750843158e-01
-1.673704409803904170e-01
nan
-2.827567021780830747e-01
-7.131873560346351226e-01
8.685467146052379059e-03
1.344304727594572597e-02
-8.274757619753972948e-01
-7.222858785408787785e-01
1.542204589027194594e-01
-6.111764577288802264e-02
nan
nan
-5.823486975630505214e-01
nan
-1.152117815690915759e+00
-8.511617194072276238e-01
-2.358071538452730376e-01
1.574102686914218563e-01
2.820192024874055292e-01
4.936584175990027523e-02
nan
-1.694989509408393324e-01
-5.398981075888987791e-01
-2.554009955292427803e-01
-7.223759547252134317e-01
-9.717480652382741724e-01
-8.191275508637382297e-01
-2.093734072430860071e-01
-1.345904410222649616e+00
nan
6.645385779771763035e-01
-1.142641637093796181e+00
1.204244905145637645e+00
-9.884806673469446192e-01
-5.086320162347186119e-02
4.193287310550807279e-01
-1.791252475541483258e-01
-7.079290129198912984e-01
-2.524628588740870372e-01
-6.191822711188008782e-02
2.220316778844539374e-01
-9.896558529345563793e-01
-7.663176865252060432e-01
-8.122386010658777522e-01
-5.469099787704720939e-01
-1.371565330805285809e-01
-6.658462784851716387e-01
-1.696094858102066560e-01
-8.799549192680161669e-01
-1.323416917987109809e+00
-7.440300728716672252e-01
1.096770988223241261e+00
nan
8.344040171681460505e-01
-1.068263325932725244e-01
7.583148574107516360e-03
-3.797257497152327632e-01
5.152841347163250596e-02
3.614719632975607055e-01
2.970598162065365422e-01
nan
4.859132118961919655e-01
-7.117370178651029056e-01
2.734382248995110842e-01
-4.165802856619883060e-02
-3.694733287781235553e-01
1.207552005236244508e+00
5.076444588356301968e-02
-9.538395174635990736e-01
7.906791144162981233e-01
-1.739482516926100786e-01
nan
-2.759321564205704375e-02
4.777391792018963468e-01
-8.316322215933595885e-01
-8.506990921596829791e-01
1.406703583640557254e-01
2.354236623048289734e-01
2.999029262804145390e-01
nan
-2.560560501196337269e-01
nan
-9.626617962405815687e-01
3.650425630982749303e-01
-2.095874920961125210e-01
7.502402380353401234e-01
-2.962736976937723754e-01
-3.372943298734445983e-01
-1.214310632323754247e+00
-5.541376896710167310e-01
5.878384970202169685e-02
7.025026871272910256e-01
-9.629965647501620429e-01
-1.011196353840072559e+00
-2.111932924430008351e-01
2.226052816978597859e-01
-5.188586106066511716e-02
-6.250666050662344597e-01
-6.916210368210137238e-01
3.117390563037619744e-01
-5.478238434180517091e-02
-9.721162313859311732e-01
-4.460597464388721400e-01
-2.309190762397558272e-01
nan
-2.466299072783517954e-01
3.036633588238039083e-01
-1.564194486586065747e-01
-4.289347036295463322e-01
6.312577181886107336e-02
nan
-7.138571948843475123e-01
-4.934929009125990640e-01
-6.005736978699717232e-01
nan
-3.517227373612834551e-01
-3.371477122819902528e-01
1.779527927466750536e-01
3.665806293023117779e-01
3.648040825747638771e-01
nan
-5.807846033277922621e-02
-3.682077542915828672e-01
-1.249553742988496419e+00
-9.320739199124324914e-01
-2.711045938005673950e-01
-4.579368846683021244e-01
1.070473218709303148e-01
-5.094332686414211331e-01
5.675969743732256489e-01
-2.032883540075878237e-01
-4.086150196828223363e-02
-1.035115167398020564e+00
-4.657680024377542360e-01
5.000030797721725095e-01
1.259075334179088568e+00
-2.370229984332178352e-01
-3.986925954707580266e-01
3.619227381048605863e-01
1.058412163434540476e+00
-4.104255877801923913e-01
9.656932451340881352e-02
-7.285774010054743011e-01
-5.768564247570995979e-02
nan
-7.163853188159554630e-01
-6.774385886826875813e-01
2.595792029761281872e-01
-7.476233551895632434e-01
-1.306340536736491365e-01
1.053855454619350374e+00
-1.364039727460534257e-01
-3.478752355633498716e-01
1.550005230570345172e-01
-1.295428993849465416e+00
-9.691867601652532915e-01
-3.627949946364202316e-01
-8.591557700836697231e-01
5.583637511418936272e-01
nan
4.191428540610586118e-01
-7.478588989299479461e-01
-1.010773401163544138e-01
-6.056747018637660407e-01
-8.220700035222184843e-01
-1.058640663303808349e+00
nan
-7.065194154133325188e-02
8.186498912342636547e-02
4.187341048186151715e-01
nan
7.895407730265870117e-02
-1.057339476767429787e+00
nan
7.557950663428780747e-01
9.891278083328204351e-01
-7.584931017799576569e-01
-3.239440866030943167e-01
4.171962646761809834e-01
-5.696760378683117798e-01
8.343968007232355211e-02
6.330887656857351331e-01
-4.798702001429657749e-01
-1.922246310762457111e-01
-8.051898064820353085e-01
3.262802880640953140e-01
-4.575887523468964435e-01
-4.272098095038572296e-01
-6.478384641188646986e-01
-8.449936684301541101e-01
3.986138820319233833e-01
-5.679853363922446885e-01
-1.171797919381300623e+00
2.092880114968338756e-01
2.331314879609165391e-01
nan
3.713619502760416302e-01
-1.000989889091376206e+00
-6.785659758124185092e-02
3.062418657599471072e-01
4.846345188382175651e-02
-1.181061846411431748e+00
4.641783657245955319e-01
5.508741989826037022e-01
-2.536728102233798965e-01
-8.434051450598576416e-01
-3.752164162005700021e-01
9.937809724549204748e-01
6.117740533814504111e-01
4.160439013308909750e-01
-6.661483306767912449e-01
-7.654858398875228342e-01
9.777497319326466929e-01
-2.098760405276671182e-01
nan
-7.334684050626931462e-02
2.509562932752396058e-01
-7.882888504440143107e-01
4.391979666765542523e-01
-5.071915276529584959e-01
-1.779580573797541199e-01
4.803865475866525570e-01
-1.494385555889996831e-01
-2.175312499649658948e-01
nan
-1.215248450000464997e+00
-1.015305085764685478e+00
5.077832831241401168e-01
-4.603031618168767491e-01
-3.107746238184821985e-01
8.539159338989936107e-03
-9.359348057418105382e-01
-9.494331973770743227e-01
2.761682985733522333e-01
-3.420245867200581991e-01
-4.573044252702164192e-01
4.733502510430874222e-01
-2.679605761564064492e-01
-1.091150002586020795e+00
6.547862170878230303e-01
-5.262103550471074476e-01
1.399944641004478296e-01
nan
-1.026964828347566749e+00
1.186957994285263440e-01
1.049254345445934877e+00
2.822045055924837231e-01
-2.115879329597466496e-01
-8.322048614542104650e-01
-1.066608509111902858e+00
1.208715094145843549e+00
-2.022783963999990886e-01
2.319326684256913518e-01
3.846232257680824440e-01
7.920976395164356365e-01
3.947416787457717069e-01
3.224061750551220351e-01
-4.429891156946347275e-01
5.029476407560807827e-01
3.313329469289402196e-01
-1.045226051613250551e+00
-8.928748717798967727e-01
-1.169057940862992417e+00
1.983191383297503996e-01
6.114411030811406356e-01
1.211700444465758919e-01
-1.101940396345912232e+00
-7.505605326659291199e-02
1.931047733590855742e-01
2.955917807068690339e-01
-3.888602426791390454e-01
nan
9.190570901755305833e-02
-4.274640540156532387e-01
3.444641225327159384e-02
nan
1.111133108165345496e+00
1.362482550283045935e-01
-1.005635641071506159e-01
-8.128478342297393855e-01
-1.938582114138151513e-01
2.453475318314497500e-01
nan
5.386592756675444571e-01
-3.247269574905226608e-01
-1.200015622932297576e+00
nan
4.568468212669737349e-01
-4.432206063198547152e-01
-6.702087091049034606e-02
-5.381881896658387010e-01
-3.509436314903056076e-01
-1.008774999799348926e+00
-1.286056872141198903e+00
4.470915537539699725e-01
-7.754966775676087609e-01
1.156638047041111284e+00
-2.537386340057381715e-02
-7.103320497283600599e-01
1.967625316158021220e-01
9.917022798856769406e-01
-3.380177690095019227e-01
-6.321501735808995881e-02
-2.434459959598692103e-01
nan
-9.687218497117456861e-01
-9.648351109580023399e-01
nan
2.220185083223381525e-02
-6.508885561164027278e-01
-1.999963952245645271e-01
-9.528040050968351604e-01
-8.448293839655528492e-01
-4.277947082515873301e-01
-5.005422658882983100e-01
1.111439444398877541e+00
nan
-7.836050745869099776e-02
-2.928850959377541363e-01
6.968688381280509214e-02
-7.771777911361277269e-01
7.126921104319754452e-01
-7.859673674296133727e-01
-5.344000969323796646e-01
8.788001718315461286e-01
-1.237774307418831432e+00
-1.280012681339135205e-01
1.192794369902120261e-01
-1.914233612727434530e-01
nan
7.213321865080086770e-01
-8.461226374164696473e-01
-9.162240124611624736e-01
nan
3.585502370781554760e-01
-6.747294801775245432e-01
1.171072327771513211e-01
-8.305620442877885701e-01
-1.092644627154938819e+00
4.051763121424147296e-01
-1.196835642392638371e-01
nan
-6.976495354793111892e-01
2.068047992604260532e-01
1.168969617703869285e-01
-1.699976291987012333e-01
1.518563293902415401e+00
-9.843720953147427899e-01
-4.893093251347593320e-01
-1.225594309320196390e-01
-9.307402423968039740e-01
1.223088152958873714e-01
-1.690386563239680284e-01
-6.736229078297522044e-01
8.589106379569780292e-02
nan
5.511988288543263614e-01
-6.197530449730486585e-02
-2.940064411445948434e-01
-2.613540350989021488e-01
-5.372753439664325857e-03
-1.027864961534769694e+00
-8.535892775538921062e-02
-8.770677511594141551e-01
3.727657123525783545e-02
-3.732805780380809568e-01
-3.875697676086320986e-01
6.934613833628955337e-01
-1.047596113309976040e+00
5.924224183065802674e-01
nan
-4.332989800186341500e-01
6.968126362271148677e-01
-1.178918010700549024e+00
-9.775281121091666803e-01
1.498112775771059946e-01
-1.188558652838507534e-01
-7.993803163378383481e-01
-8.786974993787720623e-01
2.311890420849673500e-01
-6.985131491577272200e-01
1.087841037713683512e-01
nan
1.004569499626184692e+00
-1.494369624206668690e-01
4.265550689090450986e-01
-3.757573279563413693e-01
1.000389824013297041e-01
-7.717412748030750835e-01
-2.395190721605847117e-01
3.530916458693562632e-01
-5.672328846503280619e-01
2.858151539374521044e-01
-6.985747309410007544e-01
-9.527405702815115729e-02
-1.821157464608225696e-01
-4.982360533396122948e-01
9.680569496016427911e-02
-1.037568129914531623e+00
-2.946751798201611705e-01
-1.339345442475745829e+00
nan
1.407851279003838052e-01
nan
nan
6.827810388951469633e-01
1.205407418133189967e+00
-9.385143744118333853e-01
-4.128026892962496919e-02
-5.674570600158832523e-01
4.315398810386805728e-01
4.655405235846158535e-02
nan
7.637844497093722318e-02
-7.229261740399006708e-01
-8.850166026496515403e-01
4.579401159275495181e-01
7.664826866578409170e-01
5.483864124147512786e-01
7.536516849981768074e-01
nan
-8.758343321699231243e-01
2.375226419843411985e-01
7.946402611839213925e-01
-9.889245242770359212e-01
-4.756352449060035070e-01
-4.473795333982998057e-02
-8.483987039375894268e-01
-4.065523800784282549e-01
-2.225066618419293263e-01
4.329646090708385575e-01
5.866970242276421388e-01
-5.822211678406574026e-02
-4.696756819513166481e-01
-9.468744953744833159e-01
-4.620917387516033092e-01
nan
3.647169389161596942e-01
-2.710356079783480254e-01
-1.090857937750881329e-01
-1.143844920621313710e+00
-5.122129049201997741e-01
-5.399456224620804434e-01
nan
3.492876072412200161e-03
-7.601053811851001818e-01
5.263014839955393320e-01
1.938493203377616991e-01
4.942629961595733645e-01
-5.725636103951232680e-01
-5.045512378175486257e-01
4.625173429774748213e-01
-4.162325582033164495e-01
-4.073212609844923948e-01
-9.122785625889934247e-01
-1.608686885240477038e-01
-6.328822066305557492e-02
1.570744896436360172e-01
nan
-3.711544999897261610e-01
2.122102079506875405e-01
nan
-5.305613782053968386e-01
-3.023730638948559646e-01
nan
nan
nan
-9.276690528414032189e-01
-2.311801461082512166e-01
nan
6.056484775184017844e-02
-2.460078578918375447e-01
-2.280167071156800063e-01
nan
4.626571195713229390e-01
-3.201455881956340455e-01
2.296575643477845874e-01
-3.930536609308161178e-01
-4.548892795687648483e-01
nan
-1.336210000613881732e+00
-3.651364217278545987e-01
-1.330857216969120183e-01
-7.861783386343585978e-01
8.875922290964077116e-03
5.162866135865767925e-01
-1.799888658622045001e-01
-2.386186706730630269e-01
nan
1.090750977241020103e-01
-6.516809349292031206e-02
-4.151565783658761610e-01
1.003750854245288315e-01
-7.486537942405280255e-01
1.788869031077964383e-02
6.806580451018644506e-01
-9.175080930348121777e-01
nan
-5.688023666240592524e-01
nan
3.319709679583947998e-02
1.523978645375598129e+00
-2.536510869785429390e-01
nan
1.242283773963070437e-01
-1.263115369479682615e+00
-4.858213993634721284e-01
2.490903630756204634e-01
7.453642984981609931e-01
-1.001369132049621857e+00
1.939040800180646118e-01
-5.807730567913829134e-01
-3.595886082815696327e-01
8.198844507782690472e-02
1.124344555096068315e-01
nan
5.176719101730560546e-02
-4.736067629103267729e-01
8.168682438373016386e-02
-1.045511422049329786e+00
6.066428054503802958e-01
nan
-4.509807557485489421e-02
-1.072441700130431635e-01
1.812942003944090219e-01
-4.951711207739085685e-01
-7.367617538025693635e-01
-9.437963145228443762e-02
nan
-4.403568662012428692e-01
-8.502539343069936972e-01
-7.650487058397176243e-01
-2.166219113757334724e-01
4.060005498026851845e-01
-7.641599046331981615e-01
3.954168579722183718e-01
nan
-2.343460634288268285e-01
-7.202336281192693590e-02
-9.438505031240247423e-01
-1.171331979542632018e+00
8.071172029229253253e-01
-5.031002591442479410e-02
-6.368161618055772077e-01
9.437200119904103068e-02
4.490222008298821454e-01
4.416087110909513447e-01
-1.051910923932441788e+00
-2.923463022360101027e-01
-1.159001022998882302e+00
-1.089780579493216273e+00
1.823944527214543532e-01
-1.155903455110280698e+00
nan
-3.398390562851267283e-01
3.702200084095961241e-01
-8.501550341888994278e-02
nan
-2.621931626134263449e-01
1.392936231312800199e-01
-2.687656028810385678e-01
7.010953793036360793e-01
3.830482541241846811e-02
8.111008429957704269e-02
-5.109600569661411351e-02
5.475846420878663356e-02
-9.305656762593647047e-01
nan
-9.044370196088213909e-01
7.038047348462408426e-01
-2.707966141078755329e-01
-3.437080088580144466e-01
-5.402414787486408132e-01
-3.949430412461337747e-01
-4.815451230189287113e-01
-9.420624163758739567e-01
3.718077948610727379e-01
nan
-1.298713042958699271e+00
nan
-1.772844945989082432e-01
-6.210164039637567912e-01
-2.144314066372133287e-01
-2.619310101348827358e-01
nan
-3.882575802878621696e-01
-2.684129635013550175e-01
nan
6.227596714485285068e-01
nan
nan
nan
-9.340543674201484681e-02
nan
-1.370689611985608236e+00
-3.052120912411362963e-02
3.372421427454768694e-01
-9.959449682351593225e-01
nan
1.889447985702100707e-01
-1.103248669004148530e+00
nan
-3.852329417635089182e-01
6.374991339310789318e-01
-1.190573777638424202e+00
1.014673598046099023e+00
nan
-1.041765563719079468e+00
-1.777035696876921866e-01
-1.087816810753890806e+00
1.981815382223139355e-01
4.606558586730811200e-01
-3.426942602982395725e-01
-1.038351173571991692e+00
9.503181170662922117e-01
-6.633180279747284969e-01
-2.303305115176085272e-01
-9.566860372303132021e-01
-3.239147739892325184e-01
-8.274300940268044524e-01
-1.069224187040538565e+00
9.233965846321545712e-01
-7.177318860320969218e-01
nan
-4.438371520666923864e-01
-1.441260973396162104e+00
-4.478039972769558563e-01
-6.740588450137403598e-01
-7.788209786232039855e-01
-3.502815358604056128e-01
-3.461048510513027310e-01
nan
-3.084211996799893218e-01
-3.240200694671346304e-01
nan
-7.273795935475075858e-01
-1.267369469818790062e+00
-1.901535337591040153e-01
6.871808739782855335e-01
-2.442895266587764569e-01
3.943183019202459172e-01
7.299927583788432539e-01
5.215886687715118875e-01
nan
-1.647276998328038866e-01
-1.084345433881867660e+00
-6.829232212955242687e-02
-1.320046410368787448e+00
9.448125444742644374e-01
-4.213468819482458771e-01
-2.425216306727845383e-01
-1.950581289597159637e-02
-8.076107847774344206e-01
-3.421365374185517116e-02
3.138343184432074162e-02
-4.073026573964165231e-01
-3.525964959376000074e-01
-6.058177476722896859e-01
-2.058720297216015960e-01
nan
5.454229405216280968e-01
-2.512923250227254157e-01
-9.550175794131551266e-01
-1.079640801225235203e+00
4.008870949004189610e-01
-1.085014570588785032e+00
-4.087906682640131684e-01
-1.535584299508821124e-02
2.226983610282563253e-01
-9.661445228326478452e-01
-6.084301365575579545e-01
1.400197135275721705e-01
-7.278381990812209379e-01
-4.020418728221137328e-01
-6.864612498730688905e-01
-5.193857232555308956e-01
-2.795948460691183302e-01
-5.755037290443372200e-01
-3.451878727150254900e-01
-9.941129707901131818e-01
-9.314230495147149957e-01
-1.121102938447683384e+00
-5.708649662862594898e-01
-1.901585020824170247e-01
-5.764535100621642760e-01
2.972314967201828972e-01
5.128641535869412627e-01
-4.840372037800215743e-01
-1.017881303916989166e+00
-4.619620333399275802e-01
-2.590179588355923102e-01
8.814905298453235005e-01
-5.502607893380742077e-01
-5.370240657556777375e-01
-3.450618634956963415e-01
-1.065027244634619175e+00
-1.988054387276777246e-01
-2.169371917548436612e-01
6.624374100863390513e-01
-4.243664664270140885e-01
-8.074346347601284446e-01
-2.982688816097225915e-01
4.168981085215831550e-01
-2.426921942051978032e-01
-4.131169752235314685e-01
-1.463842063952566219e-01
-5.811110056329602536e-01
6.928925054462834465e-01
5.072552908819523143e-01
-1.200373788411888826e-01
-1.058236843609750233e+00
1.800445047148871089e-02
-9.141379303235689369e-01
-3.612673989093047044e-01
-4.075595564646267849e-02
-8.668574614244982657e-01
-5.142371709163017224e-01
-5.812762719920270271e-01
-8.432464764298935878e-01
-5.830583035536465175e-01
6.929500055250294166e-02
-6.244878249895278177e-01
4.055403586979313135e-01
-6.950994093769494175e-02
5.507347748356981043e-01
-5.932960057013348942e-01
-6.437915488218656224e-01
-2.437359757412985994e-01
-5.932145967760529270e-01
3.282195435469124623e-01
-3.451418255979752936e-01
-1.384324118412061377e-01
-1.250781833306157775e+00
-2.619410892970130966e-01
-9.090239125293462230e-01
5.800882301725461820e-01
-9.579624001997577576e-01
4.187729130519667886e-01
-9.902925973177124641e-01
-4.552787240386553802e-01
-9.433834188983506452e-01
-7.774048814231901972e-01
7.890440854968104600e-02
-6.657959747431503317e-01
1.293015787218844970e-01
-3.949524131810605021e-01
-1.367206320899305272e+00
-6.885162898128542874e-01
2.126915791918794763e-01
9.054291958423648090e-01
-8.190633961238297234e-01
4.285436834336907586e-01
-7.343197947325538211e-01
-1.900683382696619905e-01
-6.194646803003248658e-01
6.649099099005427449e-02
-6.021117212339294200e-01
5.243886970484405996e-01
-4.224365801010672161e-01
-4.099575599270361970e-01
-2.122309657158270579e-01
-6.666849536400466514e-01
-9.326269490166485404e-03
-4.541429940900937323e-02
-9.218926216369409676e-01
-7.085939366834214104e-01
-2.723599300067825468e-01
-4.217120735105611695e-01
2.058746092944276906e-01
-6.656803607461314609e-02
-7.373219215463578946e-01
-1.753780861199415730e-01
-6.584473488776546590e-01
-2.892968983920284343e-01
-4.865968553846954370e-01
-2.040414280396300184e-01
1.165385336523697690e-01
-2.591898785223629154e-01
5.610119043003237715e-01
-6.338975987109256582e-01
-5.590508046676864184e-01
-8.236456548192401528e-02
-3.551807263540232573e-01
-1.079183320614474972e+00
-2.925370320167397509e-01
1.681933735261529894e-01
5.574735979018797805e-01
-1.232222985213590638e+00
-3.072271421944470227e-01
-5.266113843840020126e-01
5.569698909239166884e-01
-8.844701432027760601e-01
2.808173074339642694e-01
-4.880130524432955696e-01
1.457810050900914534e-01
-8.167866984567525579e-01
-6.498767110454523044e-01
-3.855154169948324938e-01
9.253964917603754725e-02
-7.468501158220478553e-01
-3.273333664232012663e-01
2.013361457023285506e-02
1.716690427853838352e-01
5.370968303725676130e-01
-1.771689159636130328e-01
-2.573416280770337572e-01
8.894218053619165065e-01
1.162309983444843181e-01
-2.200384926866750385e-02
-3.759352990845795106e-01
-3.870946077114781891e-01
6.139194628477938620e-01
5.132229461720304586e-01
5.601274851365876939e-02
1.237994341641115298e-01
-8.774640476051388527e-01
-5.090116158263158219e-01
-3.198590234085145756e-01
-8.597492685837841986e-01
-7.539751214806371393e-02
-8.418036343051246151e-01
-1.057337861289226799e+00
4.614835078179659877e-01
5.004993305605224263e-01
-7.124542791036605482e-01
-5.095157767854888720e-01
-8.112668387462953490e-01
1.723684337099319897e-01
-3.263088070503168958e-01
-5.387356452901809201e-01
-4.875563292099274748e-01
-9.787819932485938290e-01
-5.716281296216256802e-01
3.947637249713017438e-01
9.446872654575361183e-02
-9.629339006846909799e-01
-8.998441972872651684e-01
6.960428175589282451e-02
-6.126483074400599360e-01
1.385667686458387782e-01
-2.193688357976255887e-01
-4.981140411744789387e-01
5.397555319573820176e-01
-7.429266306888289151e-01
2.951783012048928567e-01
-4.745513652771765067e-01
-3.560743800521541380e-01
2.671873140690442586e-02
-1.277054993514537828e-01
-1.300832511088134136e-01
-1.097009229190862634e+00
-2.381045538323740829e-01
-1.305591177508296785e-01
-9.152584731405580820e-01
3.111425118674991386e-01
-4.069401834700984710e-01
-4.755824067143242240e-01
-1.921434890601090295e-01
4.430598292343076450e-01
-6.468883314052119582e-01
-7.465831508043629938e-02
-4.291096436216764731e-01
-1.045844482554806776e+00
-4.591797007772528971e-01
1.051303180733146325e+00
3.823825168623879445e-01
-3.602739899577071525e-01
-7.135033450218556395e-01
-3.646082469075157539e-01
9.926420754061009155e-02
4.065032511086449363e-01
1.483656107992994619e-02
-6.581969901196976780e-02
1.002050114696149796e+00
-6.252710993143394125e-02
1.397516287400533685e-01
-2.509144784749556822e-01
-3.182982945647525042e-02
-4.484083728259984358e-01
1.649231764450955484e-01
-1.638124618377237995e-01
-6.864805613422847452e-01
-5.819808410460642137e-03
-1.965345829951849477e-01
1.385983088576796307e+00
4.382770652193116456e-01
7.375414782016128656e-01
-4.404527281300680275e-01
-3.440211813204777092e-01
5.317596199409887481e-01
-1.407600139165791964e+00
-8.338352402984609835e-02
6.637512760433341708e-01
-4.046109431469981921e-01
-2.742219719857166838e-01
-9.396501465692772559e-01
-4.173626464054659979e-01
-4.413668905367179041e-01
-5.583297809402949508e-01
-5.655003153455562259e-01
-6.935811739624805350e-01
8.040154350040418230e-02
3.895933271669290154e-01
-1.390492067480158522e-01
-1.052463057770427340e-01
-1.694770724533352091e-01
7.162238629194545014e-01
2.085186438892812355e-02
-6.880581928585987050e-01
-1.044743606450256435e+00
-2.457744160711512749e-01
-7.069242019538842792e-01
-1.954757757512204930e-01
3.872805188902866402e-01
-5.010200133689193640e-03
-2.141546033192422149e-01
1.461541701210386790e-01
-4.569351927608686359e-01
-2.499070670845916498e-01
1.024042195897149760e-01
-2.903383080828850216e-01
9.504431341036946590e-02
-4.310912496732682286e-01
7.797790857063514880e-02
-5.515348596096726341e-01
-1.109511636717329802e-01
-8.660048944297786822e-01
-3.014363412592815372e-01
-2.277321752028061419e-01
3.490193762849301551e-02
3.922264382349792688e-01
-1.719118247533687749e-01
-1.009973893765519382e+00
-8.110159694836563959e-01
5.461936111491797613e-02
-8.240723369471690540e-02
-4.771296120717819500e-01
-2.488919382383530388e-01
-1.691007460775151294e-02
4.208050062197725705e-01
-3.013147559541477435e-02
-6.631066614491444300e-01
-5.668803124675371174e-01
-7.462986725375582164e-01
-2.024910604734303787e-01
1.608710796107765684e-01
-9.815334822270598281e-01
-2.097886363932461307e-01
2.272306710150879400e-02
-3.833352261936928129e-01
-6.057023619652400770e-01
-9.037455347303364750e-01
-6.324506222540230427e-01
5.109567420671101701e-02
-5.218918349068388807e-01
-4.950862771671806217e-01
3.929058577471036262e-01
-6.294699435478618987e-01
-5.422941455861289839e-01
5.583749521008679606e-01
-4.048690798508851052e-01
-1.391290337077406292e-01
-1.347886870007243831e-01
3.115539560157490687e-02
6.215792256362832058e-01
-6.138167594660387527e-01
-3.414926753602816056e-01
-5.337398938546891181e-01
-3.379022541342627806e-01
-6.754889305102156349e-01
-3.979727253311288737e-01
-3.044234020534247742e-02
4.246288373781030578e-02
-4.969183994132385651e-01
-8.111946174018200284e-02
-6.518930543376488806e-01
-1.739761650018654682e-01
-6.394081975078717006e-01
3.590589219472845595e-01
-6.069936323741651485e-01
1.169768212161229476e-01
-2.020095119670528017e-01
-8.437360828807278779e-01
5.061691961768052112e-02
-4.820570270775447752e-01
3.603274156323734712e-01
-9.200091548343554415e-02
-1.312891051124978059e+00
-3.785336949730574441e-01
-9.701970391962343176e-02
3.749421784346149700e-01
-3.696712970264257603e-01
-3.166472410847126495e-01
2.233805010785890610e-01
-7.365993415651144183e-01
-5.811400770858898834e-01
-2.593965849596266415e-01
-9.525315085346414135e-01
-4.628507719664674003e-01
-6.165481252262352552e-01
2.194158346934888815e-01
9.216291132524828678e-02
-6.195703748416370171e-02
-1.182820571403730564e-01
-2.405795253832854197e-01
2.633707378382265651e-01
-1.121114318821520017e-01
-2.302932588029469874e-01
-3.513787984799695008e-01
-6.731768730988683114e-01
7.718532988527676553e-01
-2.510658017738874870e-01
-2.310348854902533888e-01
-1.010375936259989144e-01
-8.402491235504900846e-01
-5.350507526435776401e-02
-6.314179054155637516e-01
-6.826992156919858834e-01
9.140932432276746011e-01
-2.082307255237368648e-01
1.116233085583918788e-01
1.600027127871467628e-02
-5.927658145548874158e-01
1.006286291121571086e+00
-1.312195007597264373e-01
-4.967233673296501117e-01
-6.298835564653476604e-02
-1.475541572903066589e-01
4.988350583760699231e-02
-8.488683459860985048e-01
-1.856032183124235735e-01
-8.847777062581145824e-01
8.852611637408472345e-02
1.130365425505969607e-01
1.564318680949610546e-02
-8.261495076168247076e-01
-8.817059554050664660e-01
-2.564402831465099064e-01
-9.747085259869950891e-01
-3.104702551989952930e-01
-6.426570169218619455e-01
-4.568960336586126991e-01
8.699604637410834895e-01
2.780879749427546122e-01
-1.500203709697140730e-01
4.421575406003124264e-01
3.622623860285266173e-01
8.163942736088547480e-02
-7.800887224225916405e-01
9.644011429101707611e-01
-9.258200051966404276e-01
-5.174212752748139632e-01
8.567821894609015110e-02
-3.100409262386660258e-01
-6.513001287327064848e-01
6.505865506910787355e-01
1.266409844406985452e-01
4.297540539162085504e-02
-7.699643166538958639e-01
4.284411938036065265e-02
-7.977166321290841688e-01
3.812752408240500240e-02
7.204714985967294871e-02
-3.816768329151132289e-01
-8.284745234830263039e-01
-1.633613171192112301e-01
-1.026736616088096188e+00
-4.785163130387707908e-01
4.390890888895374045e-02
-1.317839143424007764e-01
-1.911377735147447299e-01
-6.903682944483834349e-01
-6.671061526369139738e-01
-7.032714038967802228e-01
5.598431887639834098e-02
-6.801384750558329140e-01
-4.089621871344306658e-01
-5.552017243265355839e-01
-3.820193597159219911e-01
-9.412577772348698080e-01
-1.229602943662704839e-01
3.488081836090610732e-01
-1.955734998630256627e-01
-8.314767040067311266e-01
3.946501364472272955e-01
-3.856950925585430068e-01
-2.164044940664801298e-01
-1.218426092601843092e-01
-6.059543081256131281e-01
-6.603314747386443972e-01
-5.037645146750883152e-01
3.469056752250572195e-01
-6.803016953280978107e-01
4.271175198449941868e-01
-7.840632753619248829e-01
-1.351181526661147329e-03
-3.719224659650011144e-01
-2.827067752690544111e-01
4.954836847279939574e-03
1.288482336709127207e-01
1.031739555506906436e+00
-4.809489406107134157e-01
-1.098425124256107062e-02
-6.933769743951012643e-02
-1.035889316292494255e+00
-1.254088307284068338e-01
1.733137157227594982e-01
-9.740109270128485264e-01
-5.765065879498980639e-01
1.116212204751055315e-01
-4.665085072522251464e-01
-3.812257067115365494e-01
-1.551349927867584078e-01
-3.708171124045682165e-01
-6.634564883142000102e-01
-5.691058394340938603e-02
1.636845473051914412e-01
-9.778457432751577194e-01
-1.462455198780180654e-01
6.954746243502582526e-02
-5.338643892124549373e-01
-8.113948348152181245e-01
5.970109797446501165e-01
-6.498770941028010339e-01
-4.370580740940280817e-01
-3.287154089490944564e-01
4.467541258516155023e-01
-1.272217675995354624e-01
4.519947629215729235e-01
-4.045531539691268330e-01
-1.710119387926637702e-01
-5.460491425634245166e-01
-1.372443109841527953e-01
-6.387444184829269567e-01
-3.239990685514839153e-01
-9.579096826513231466e-01
-6.384234087590654472e-01
-1.296218439974297643e-01
-5.248491297430514235e-01
4.180666399501410668e-02
5.226320754980823269e-01
-4.184425477783138558e-01
-2.605791827511538261e-01
3.777910541541881773e-01
-9.333810251409671022e-01
-5.267791960303011001e-01
-9.562293979440492642e-01
-7.415207465068240911e-01
2.131103523381504827e-01
8.398741214293048429e-01
-3.802744482221592226e-01
2.124872975436609135e-01
-7.224804195217664204e-02
-6.636636221238680911e-01
-5.273175561845375170e-02
4.058386397042320071e-01
-7.013930943971247167e-01
-2.315714256726037479e-01
1.230650632672240175e+00
-3.226903797460506929e-01
-5.860531603069787376e-01
-4.356641543922591397e-01
-2.683688353901462209e-01
-1.875785158941125352e-01
-4.587768675396792784e-01
4.063775598748874951e-01
-9.601437922934361602e-01
-3.884583639583024661e-01
-4.306526770475582189e-01
-4.520945374595607968e-01
-6.091838659040897941e-01
1.402403934337012048e-01
-3.235936498347116164e-01
-4.183567409087308731e-01
-7.185136657235088320e-01
-1.944500894187093931e-01
2.714004883947705449e-01
-4.305644698819813265e-01
-2.796776244385193455e-01
-1.063793548951253554e+00
-4.725740173232922947e-01
-1.811957161781943895e-02
-3.717425862929084057e-01
-9.057906856294986042e-01
-1.385105013763329729e-01
-4.571725022460857435e-01
-9.834275947938699719e-03
-7.688483754240713064e-02
-9.901148297160395906e-01
-3.786123801132537103e-01
-9.302109533240383588e-01
-4.156978015490214035e-02
3.337586310461460037e-02
-2.117222782121955249e-01
4.842217571691330158e-01
7.314998808124591190e-02
-4.125387820256979365e-01
4.169690362075235135e-01
-4.218964213790792894e-01
-2.622439043200783804e-01
1.836903406425522689e-01
7.336271905676533533e-01
-7.744740007928404557e-01
-2.009502148767632612e-01
-6.659130389297172048e-01
-8.831859321492053772e-01
-6.601900627726819959e-01
-2.489180472178172954e-01
4.747159995178908964e-01
-9.049300778325786165e-01
-6.159475948213738450e-01
-8.119323919899865682e-01
6.767560441236775137e-01
-3.051025746867918054e-01
-8.966529257391814278e-01
-5.972526002013923280e-02
-2.386144203611583747e-01
3.520765242838310716e-01
-2.679152158979821174e-01
-2.413560452182135219e-01
-5.077932016770329016e-01
-1.349362868111637914e-01
-6.095808758703760155e-01
-5.786587605587885375e-02
-1.072090493035133152e+00
2.924920457492876102e-01
6.635541500948152205e-01
7.098090275867596777e-02
4.079754074679219078e-02
-3.127917614873684249e-01
-2.783399620435997868e-01
-6.773196494250597333e-01
5.883990635081863818e-01
2.016439601068317489e-01
1.089843845193672722e+00
-9.054876521034538328e-01
-2.155521868099139760e-01
-1.163360739299606865e-02
1.360756694048681215e-01
-9.616888509600319823e-01
4.438559659501897792e-01
-8.956267906984174410e-01
-3.908338293204476899e-01
-4.118543457175505296e-01
-6.359004997366604073e-01
-1.185757911564422118e+00
-2.279935126999808326e-01
-1.678571075235039678e-01
-1.733043694176654992e-01
1.201236147553188943e-01
7.072011881691757651e-01
1.770346531073094809e-01
-4.201871264974514908e-01
1.035475632376356758e+00
-1.155630825439605963e-01
-2.351571355832753410e-02
-3.247406049474373391e-01
-4.951990412271208841e-01
1.235077317785437279e+00
-3.790216582972125714e-01
4.697361600051582209e-01
-2.619050836011736494e-01
-1.291596900702041362e+00
-8.213704476721381820e-01
-2.127613450130995953e-01
-3.807220139830196914e-01
3.677531863424381153e-02
-4.318430737418866849e-01
-5.034185628397884749e-01
-3.452654168241782451e-02
-6.572530263553796326e-01
-7.461509709946615443e-01
-1.504372164662919065e-01
-1.166270597672125930e+00
5.768006730208339317e-01
3.458799197802616687e-01
-1.094706910087671847e+00
4.600332025500861732e-01
-5.269789122973862483e-01
-6.466104190167107912e-01
-3.093295924957092935e-01
-3.690395022576452577e-01
1.892518108564155699e-01
-3.554852383334338173e-01
2.895298314339604939e-01
-3.135311863728340032e-01
-4.465370845721629012e-01
-3.918142750308934996e-01
-2.984254917661095519e-01
-2.924647567625232036e-01
-1.953931489597800497e-01
-6.162523389018184083e-01
-4.694511205630272910e-01
-4.761690932737489002e-02
-7.186495603041588298e-01
-4.241784386398099460e-02
-1.523756918550182859e-01
-2.001630927741012422e-01
2.341917675632178009e-01
-6.066850246485583353e-01
-7.471051418216279050e-01
8.015201931206028529e-01
4.404745184163787464e-01
5.251181303035177272e-01
-3.427587989746382902e-01
-4.415775202659139587e-01
-7.586034129694905204e-01
-9.351876396373584033e-01
-2.851181805762020294e-01
1.814595881168393210e-01
-1.246209376741785890e+00
4.812800023102435931e-01
-8.426313698119919371e-01
-1.689184648117672549e-01
-3.178092625066847310e-02
2.429087263594754964e-02
-5.811698567980840835e-01
-9.880552238954380950e-01
-2.718918912817950284e-01
-2.886461707314284530e-01
-5.654083949376350615e-01
7.578134775181118998e-01
-1.191949339056192159e+00
2.539647905218619384e-01
4.318476342845264937e-01
-8.982914774255614798e-01
4.185541782258674903e-01
-6.384151737463570342e-01
-5.443321878199672836e-01
-5.355171050384526232e-01
-2.300184253701981207e-01
-3.523577410669494481e-01
1.483027580337077135e-02
-2.506859173726457835e-01
-2.078147619101325949e-01
-9.642700628498841464e-01
-6.847252946234460014e-01
-1.150660450012956249e+00
2.238256522595272885e-02
-4.167876156466315263e-01
-5.994365610076596296e-01
-3.409950895008979632e-01
-4.393792732146943880e-01
-2.049371598271718109e-01
3.961408660822355321e-01
-9.511994411481949907e-01
5.399201422322661426e-01
6.141635937752979446e-01
-9.165945590180071267e-01
8.002144721917982262e-02
6.758127598178230444e-02
-4.352385397405702516e-01
-5.161725647224624236e-01
-6.980048849013079093e-02
-1.205508295828198045e-01
1.361023247155602189e-01
-4.101924003744961689e-01
-2.076270646005015930e-01
-1.481951208195751192e-02
-9.570775577216635854e-01
-7.381401687397762812e-01
-2.968894065212978606e-01
-7.876281436138408143e-01
-1.082257645986581140e+00
-1.387409185748169488e-02
1.022764204353788092e-01
-1.822747817366579259e-01
5.039202010562546935e-02
-6.519443575015750891e-01
-1.345056472015093881e-02
1.843056739110150444e-01
-3.638041433601291175e-02
-6.960042602710747595e-01
-6.693132356655846493e-01
-2.431782341914890677e-01
-1.087927138003825345e+00
-7.420987634911963005e-01
2.841206245113697126e-01
-1.429599603572288657e+00
-1.711124738415958912e-01
-4.519645591093844894e-01
1.799098615262863798e-01
-2.159762520501968541e-01
3.455544744457538647e-02
-5.003446917747125244e-01
-6.052568188891155332e-01
1.361321620150933442e-01
3.990561507611318226e-01
-4.609220872862807711e-02
4.682114357391580217e-01
-4.966601523780647676e-01
4.963377324133473323e-01
-8.387931082929106497e-01
-9.991229682147684255e-01
-4.677520274608100714e-01
-1.559546200168091534e-01
-6.767261206682565478e-01
6.935876637103297049e-02
5.638337127783134978e-02
-1.205709329294659238e+00
-4.887201723693322397e-01
-5.189582985161149686e-01
-7.905826190033322654e-01
-8.365372467045002480e-01
-1.594000363391896158e-01
6.696050939360216336e-01
-2.492761929530357967e-01
-5.755951147434323900e-02
-2.250553507244208162e-01
-4.953601661742875750e-01
-4.894912150382182969e-01
-1.039436667436291067e-01
-4.366974817738260572e-01
6.254854798486243483e-01
-6.019655191196106037e-01
-3.898505839323753719e-01
-3.170963220055718068e-01
-2.170717129162207104e-02
-9.121145032579826006e-01
-9.682440982661842943e-01
-9.659204804477447004e-01
3.768709676365095303e-03
-5.377490532799856782e-01
-2.288867512904949053e-01
-1.060734063858319309e-01
-3.741923114965793329e-01
-2.686344908586006386e-01
1.524101147997680983e-01
1.484271386638771617e-01
-4.671104394024662432e-02
-5.161602474240026828e-01
-2.595056392863441252e-01
-6.348192865571107291e-01
1.061756307270911581e-01
-6.674946784538203781e-01
-4.305608279668566296e-01
1.302041312080090829e-01
-5.200255202324784998e-01
-1.907238480740061914e-01
-8.818417904102696658e-01
-4.571445647738880957e-01
-4.023110477406491303e-01
-1.483427845970415049e-01
-2.570795277388690514e-01
8.830293167359841711e-01
1.713104602047310077e-01
2.173794248876337043e-01
3.576107566934468851e-01
-7.505799310778307198e-01
2.508365560224938839e-01
-6.497921445488656911e-01
-5.877185150651510481e-01
5.986274359881174623e-02
4.673617478437446793e-01
-7.945024768669034509e-01
-7.219166581709340891e-01
-6.767067654162389756e-01
-6.259416312094508994e-01
-8.616317856823577648e-01
-1.899889612622437940e-01
-6.580753082459945835e-01
3.054468350364526463e-01
-4.884215114671585090e-01
-1.204860910600791035e+00
-2.064848118390835707e-01
4.820635348915555674e-01
-2.638468306202200742e-01
-1.681868083969637051e-01
2.232701274090917731e-01
-6.285761559264597675e-01
-1.795306936077705751e-01
1.133041697812042337e+00
-7.800854588331287420e-01
-7.391051113637178149e-01
-5.150996235971811998e-01
-4.862254780092748474e-01
-1.974839480893057428e-02
-3.019272835911161468e-01
-6.571379473345072553e-01
2.975674040475125848e-01
2.603655984299628190e-01
-7.989544860742143761e-01
-4.723112368587691901e-01
-1.109286574098152928e-01
-6.442909468657371796e-01
-1.905547490047904136e-01
-5.913661506852767591e-01
-7.039840638281389396e-01
-6.725082810280181844e-01
3.443997841687498895e-01
-1.594936530468063773e-01
-3.005205571121316588e-01
8.337038071637818681e-02
-4.823892189562017929e-01
2.779610422113717449e-01
3.575158147175657580e-02
3.996202764858199363e-01
-5.253644159932336910e-01
3.109736952356818018e-01
-9.757169867677346620e-01
3.389241093396516136e-01
6.972165283656235613e-02
2.478695124218697199e-01
1.840394744065600996e-01
-3.964844951462950795e-01
-2.715983527284098753e-01
-4.059361914108919334e-01
-1.138781680213747788e-01
-5.878642739468273870e-01
-2.326889577872177928e-01
-4.368014333425710993e-01
-3.062477015737383179e-01
-7.409043285188654515e-01
-7.384407696380379527e-01
-9.747539357872571364e-02
-3.189983235901696634e-01
-7.674357998185896701e-01
-9.429375564582109792e-01
-3.424290064166399805e-01
-6.620912046348639279e-01
-6.875960703965782184e-01
3.859543034117164928e-01
-5.742902484821855724e-01
-3.014050386895631983e-01
-5.559235958790254006e-01
-2.788553005974098720e-01
-1.290008104550022516e-01
-9.068337208750518741e-01
-1.003622023558436327e+00
-3.556718865792865558e-01
-1.805595311197083497e-01
3.089158454365693515e-02
2.605626402090048532e-02
-4.155296757234435145e-01
-1.176987627477142986e-02
-1.637664782315359502e-01
-1.846050738326354135e-01
1.084258178082984775e-01
2.613337391058448422e-01
-2.930797040680604981e-01
-1.092190895968922631e-01
-4.163772757718507411e-01
5.506129148549198105e-01
-4.311768940826037344e-01
-2.049212194701978684e-01
-2.809270169957857610e-01
-3.636176207265620075e-01
-1.533877436081588011e-02
-1.163017343337505033e-01
3.309928929795116215e-01
7.077960386630091638e-02
-5.355277316301769730e-01
-5.491706482863797367e-01
1.169174613181969968e-01
-4.609868047132577584e-01
-3.718378482944470487e-01
-3.374325743995469640e-02
7.183369222320764580e-01
-3.752209911359765115e-01
-1.586038699584018385e-01
-5.448100465635699052e-01
-9.157253175093890141e-01
-9.680555000076506156e-01
1.220233710930704429e+00
-8.915935287482745775e-01
-4.783944161392276739e-01
9.519050526691553715e-01
-1.880535213867380318e-01
-1.903176771010715584e-01
3.417976904671700122e-01
-5.637701194174128405e-01
-8.118384138106432557e-01
-7.082804526892201302e-01
-6.032113098923218564e-01
8.794348575857922901e-02
-7.468981438267459361e-02
-1.522296613290274325e-01
-4.918284456482181488e-01
-9.269491705305271667e-01
6.271767976128711508e-02
2.760549354459801985e-01
-7.333279926094595780e-01
1.890832638212258943e-01
2.073952782051893540e-01
-2.497051687887229809e-01
-1.370462826443926696e-01
1.524351015435319312e-01
-1.011501148632569347e+00
3.091734582953040156e-01
1.584892059828969524e-01
-3.426571323344315689e-01
-1.068253795062086953e+00
8.937713073880789727e-01
2.087292801765839034e-01
-3.742322611888518336e-01
2.822415971921792832e-01
-7.296479130265252078e-01
3.980271704387214893e-01
-8.636551782756417550e-01
-2.829205995391769757e-01
-7.951650436080625051e-01
1.091878545561059122e-01
-3.248327514992547793e-01
-6.136389181172992036e-01
-3.228352810740647838e-01
-1.009878570717516411e+00
-6.901357755352440781e-01
-2.292476264458888913e-01
-8.703445284158692896e-01
4.639240779414048332e-01
-1.606672263113794741e-01
-2.833748780234922604e-01
-1.921567431374783252e-01
-1.012726972352415017e-01
2.092702596061004894e-01
1.863119065644291972e-01
-6.663867983232323322e-01
6.916229672008387952e-02
-2.252988569313562894e-01
-9.998211700876805663e-01
-4.492703976209776462e-01
-7.282085903074486666e-01
1.896125494876422790e-01
-1.800958908759386634e-01
-4.373765798129060078e-01
1.031170847670397211e-01
-3.079135042247961862e-01
-1.818684099965493239e-01
9.444754964475260417e-02
-2.296141207019183894e-02
1.188739926100924535e-02
-4.605502165415409355e-01
-3.030328572613112392e-01
-7.729076775187787574e-01
-4.767596753145483812e-01
1.203775077773170804e-01
-5.806789647373193919e-01
1.488433836570252911e-01
-3.385609662416084742e-01
1.329744626206004754e-01
-3.652638835183464883e-01
-1.683881788774876376e-01
-9.008511878998762823e-01
-5.449771796123404899e-01
6.052948423201243155e-01
-4.015574303713119741e-01
-5.043700008839951954e-01
-4.461988926232955954e-01
1.615534845048790732e-02
-6.223278156042466591e-01
7.749923889137031452e-01
-5.378548365788275998e-01
-1.056064420761321648e-01
3.726215268188278751e-01
-8.288999380432336972e-01
4.406491266030967413e-01
-6.857719158276371907e-01
2.577262467291210335e-01
-1.130830183211583989e-01
-5.872067827719155142e-01
-7.819802844697326671e-01
-7.764845538140635606e-01
-4.134799477796804457e-01
1.041683681622360691e-01
-9.454595169990814840e-02
-3.190652514985871657e-01
1.955875361888709946e-02
-3.277192556812032476e-01
-3.572397932191367365e-01
1.006258356612760529e+00
-5.716831492809630877e-01
-3.196875931419837502e-01
3.849134791643850084e-01
-6.845739081450923358e-01
-2.728942388258338569e-01
-4.140784319854556306e-01
-7.426125359751285515e-01
-1.032885959356913297e+00
1.348186973231197683e-01
-3.804052203999873094e-01
-5.561213516925050948e-01
-1.891678002375420942e-01
-9.301584907348461329e-01
-1.729455801473020471e-01
8.235081705606150937e-02
-5.273471543386429872e-01
-3.118180665750759362e-01
-4.635602881897961103e-01
-2.627690707931943925e-01
5.245778076193281514e-01
-3.902705641281098425e-01
-5.601443514758303044e-01
4.758361075783297256e-01
-5.162133023816702915e-01
-7.762449882514357302e-01
-7.811236001828518738e-01
2.971002110684874409e-01
-2.424012777738225322e-01
2.455692513374873320e-01
-2.426230643503488604e-01
-4.906388333993269013e-01
-4.165884085377736246e-01
-4.977229418848975739e-01
-7.382577494321954648e-01
-3.368095980972511949e-01
5.515947241783981658e-01
-7.107252163314380367e-01
-4.887259414876044539e-01
1.647008128414602091e-01
-4.521167979775471413e-02
2.015690379782367758e-01
1.316680644433552462e-02
7.690931655531997591e-02
-6.996313178347425277e-01
5.991829599914144655e-01
-3.118105542665743357e-01
6.529169383512388458e-02
-1.014213384699446108e+00
-2.687332033239264728e-01
-7.272774700486148713e-01
-5.592618727983309501e-01
-3.464142474934969185e-01
2.161635433400624917e-01
3.011060997579084186e-01
-1.018704382838112599e-01
-5.760578493521323340e-01
-4.010429836495347788e-01
-7.131550219148893310e-01
-3.956358039006214328e-02
2.222780329320863391e-01
-4.488114100275722995e-01
-3.228597012974488423e-01
-5.019050811765809472e-01
3.012076137966663847e-01
-7.346733541948146096e-01
-4.880656622881798246e-01
1.837365006725528271e+00
9.349892445250990169e-01
-2.053924916138718804e-01
2.353752526126057509e-01
-1.504198343505204205e-01
-4.325065766835570896e-02
-2.663058014452813760e-01
4.770030054312580231e-02
2.374686740928633188e-01
-4.149972389375618520e-01
5.432198254175218954e-01
-8.873563206851597940e-01
-4.860644437177554233e-01
-3.311101482304234511e-01
-5.362852178377842671e-01
2.799733906211855916e-01
-2.218118167027102461e-01
8.148263806595527070e-01
-5.478486460833857929e-01
-5.331052196472196858e-02
-1.029455200015167021e-01
-4.875223878313991732e-01
-2.238812939430087634e-01
-4.797036149305968777e-01
3.257905717801507645e-02
2.644714735994143640e-01
-3.147736870457133462e-01
-4.645756647109171023e-01
-5.607292407531482281e-01
1.221316623154768133e-01
-6.619156602799112221e-01
2.464322635550207363e-01
-1.366762779308566267e-01
-5.395571682381457984e-02
-3.907437847276432064e-02
-4.156143292330524153e-01
2.486007859432163014e-01
-5.270793708991943632e-02
1.907079088941844303e-01
-7.520331963850396262e-01
-3.096129161186146894e-01
7.282260145110726057e-01
5.067514234480771096e-01
-4.295035458059159872e-01
-3.015368625682422477e-01
2.976286822998859272e-01
-8.653694896705292905e-01
2.002981638057238778e-01
-1.471363532860184564e-01
8.711241529290142394e-01
8.411613936680975697e-04
-8.752955121445288311e-01
-2.168542660460776594e-01
-5.729398929957617570e-01
-8.344597989804046489e-02
-7.375996759900640409e-01
5.249166235459754720e-02
4.336328911083653925e-01
-4.006616358162510827e-01
8.722961109471845109e-01
-5.778504741266730083e-01
-2.801362474068312958e-01
-5.506259892968783376e-01
-4.989354339509558152e-03
-3.471911849891496926e-01
3.736489668201503633e-02
-3.697484358997845666e-01
-7.018684463147660813e-01
1.933395308222932152e-01
2.477753621617700686e-01
-7.719259736508889969e-01
-3.703103472944433983e-01
-3.454924858856993075e-01
-5.296423378333230403e-01
-4.551252080986106785e-01
1.052428989522520703e-01
1.995647767324978950e-01
-5.005820405559984199e-01
1.355795961058546550e-01
-4.871010288895138429e-01
-1.847163376414096281e-01
-7.649525240286304539e-01
-1.734395228301341962e-01
-3.274837019617614642e-01
-6.406431030767981705e-01
-5.342306871905113663e-01
-6.150414730100906002e-01
-7.093544234568731344e-02
6.817439623227973255e-01
-5.188378390110317540e-01
-4.051386271890611845e-01
1.138309686526512432e-01
-4.565634046115409905e-01
-4.761434885572444209e-01
-2.498720044524035122e-01
-1.242999931451765627e-01
1.816308988002646729e-01
3.258138667397970228e-02
-8.088026226541108477e-01
-5.630261354037381372e-01
-6.898877052160526935e-01
-8.927313771090054084e-01
-6.437809034815842324e-01
3.033022136078452127e-03
-1.192401750854621967e-01
-4.786521821737939053e-01
-3.662162939451483745e-01
-6.484194064310061512e-01
1.062159285342573756e-01
-4.186406648726647695e-01
nan
nan
-6.636591913533933518e-01
1.156440213446605192e+00
8.417306465637909574e-02
-9.186329605970341983e-02
-1.733081367153703478e-01
nan
-1.053217374120085092e-01
1.868425441971775236e-01
-1.168831507620648580e+00
1.459302502048025717e-02
-6.814357191885241916e-01
-1.431494303864629947e-01
nan
1.314594536992775287e-01
-2.569530586356255086e-01
-1.365428226924934700e-02
-1.123788203771739935e+00
-1.033919133242258148e+00
-1.695700916231837330e-01
-3.845333281019667204e-01
-3.385360274700586342e-02
-7.233320541754182376e-01
-1.122822485119955305e+00
-5.015187187318087547e-01
-3.220985970486132111e-01
-2.374555700082338905e-01
-8.118051733340245768e-01
1.168936906254717245e-01
1.434650090209436568e+00
-2.269203986394636996e-01
-3.712149770489270306e-01
-7.595513761719276946e-01
-6.189373796297034103e-01
-2.786608654449377886e-01
2.923246917422845925e-01
7.893111934543254327e-01
-8.635220880203106075e-01
-5.807155725985481132e-01
-1.370778828860664156e+00
1.298814436064718469e+00
-2.399248866632696653e-01
-9.654136666722222815e-01
-9.767169731246496678e-01
-2.528794922518778909e-01
nan
-2.091559435757832097e-01
1.562295985191049230e-01
-8.324435570761510306e-01
9.144816158475789492e-02
8.347812245224821570e-01
-7.490617155046076781e-02
-3.864669658607713942e-01
-4.712707436756205515e-01
7.900374748550279547e-01
-1.169665547832775099e+00
6.826336908436628215e-02
-2.485827161483389058e-01
-5.486244009755284479e-01
-4.135823822205489386e-01
nan
-5.205755065696154871e-01
nan
4.433441325053474324e-01
7.596263939254127573e-02
-2.655996773422039312e-02
nan
-9.734708048752850340e-01
1.007703716270610173e+00
1.719067758694163006e-01
-9.601651340508765564e-01
1.417766256020141780e-01
-7.549398641649835984e-01
3.105110729107555256e-01
2.302722766088359241e-01
-3.739911881167486407e-01
8.344226678827536547e-01
5.779531423475317009e-01
1.537706515129187990e-01
nan
7.828538259213324579e-01
-9.710432735407171778e-01
-1.208534840501168217e+00
4.303224848469279218e-01
8.870332199830387454e-01
-8.407864497267181214e-01
nan
-7.613774893389700926e-01
-5.743584178188361200e-01
1.642767433505761820e-01
-3.744672931578170716e-01
-2.513203157867216486e-01
7.143142254885872511e-01
9.992093418454458531e-01
-1.059565715835947497e+00
-4.684046481413820517e-01
-6.102122488484880147e-01
3.506812474661598622e-01
5.532532043745972405e-01
nan
-1.152893090159951006e+00
-2.390441659093003601e-01
-1.060864999807519915e+00
-5.944494986787856039e-01
9.746594483597911807e-02
1.545710219858300039e-01
nan
-4.807750637102427005e-01
-4.249074292150221699e-01
-1.105009230658679398e+00
-1.103665073375045935e+00
-4.137948350348242266e-01
2.820021270456514739e-01
8.405242217571097518e-02
-7.587923540918681820e-01
2.921907781091387935e-01
-1.325055868997358388e+00
-7.620994008416985821e-01
3.914703358016228263e-01
4.953872458914236887e-01
-3.887736892962654900e-01
-1.189257077567482224e+00
-1.823177053238993484e-01
3.758575079397919461e-01
nan
-2.353513196451302580e-02
3.335641921246954023e-01
-4.104247634318960447e-01
-1.223235595504711115e-01
-1.183661334858822078e+00
nan
-6.965201692805798039e-01
-4.794402868077283775e-01
-9.377679039589469356e-01
-5.605184449704542216e-01
-4.541764975320317643e-01
-1.154596379562169872e+00
2.705481502360979063e-01
4.201517389860702223e-01
3.020893856778013031e-01
-8.873775891761428447e-01
-4.414755432194781282e-01
-6.005365953400069179e-01
-2.366434788797620870e-01
nan
3.214678720110598076e-01
-4.803002414807365505e-02
-3.038760443806108880e-01
-1.015497931424308026e-01
-1.158151399704684614e+00
-2.720729392603717378e-01
-5.407067411598391604e-02
nan
3.732693216130242853e-01
-6.489669922334484475e-01
-4.075808255737696228e-01
-6.983388609534160185e-01
-2.341125493107613573e-02
3.950361088665954590e-01
-1.224825664478415843e-01
-2.824325356685725708e-01
-3.723238041326451531e-01
-5.642766934485632380e-01
4.899979813481547541e-01
-5.797365582070748147e-01
-7.744754364818541292e-01
-4.968625461959967904e-01
nan
-1.678846073784234783e-01
-6.976669486686677413e-01
2.406676232176323260e-01
-5.656425644486209325e-01
-8.291951135987134514e-01
-1.312522530509310226e+00
nan
nan
nan
-7.004724373595913045e-01
1.504719587245204881e-01
-2.134548358477049712e-01
-2.846960175707948792e-01
1.784910714002563570e-01
-2.853771353254853649e-01
-1.096914647682565525e+00
6.007059414255284668e-01
-4.670275122286808300e-01
-4.145776294517038996e-01
-1.077064637373726708e+00
1.025145666492371710e+00
3.628034172090219278e-01
nan
-4.013563684146168042e-01
7.151774704733557808e-01
6.720553718640616403e-02
-2.947629853869489502e-01
5.784044442080626958e-01
4.917983393828823657e-01
-3.916263549579819814e-01
-5.777548350357419871e-01
-1.008894186327215614e+00
-2.923496258626394617e-01
4.417734683754886982e-01
-9.439646355465778349e-01
-8.405335225027121826e-01
-4.221735588851179277e-01
3.390803113584671402e-02
-5.176972872510789969e-01
-7.528805477958787629e-01
1.296011328619113723e+00
-6.016082486511494798e-01
-1.042604541948213726e+00
-1.231863888578944799e+00
-1.127238238082054256e+00
-6.941691626914471280e-01
-1.118378333440886330e+00
nan
-1.137486329624441517e+00
-4.585807263265531675e-01
-6.253022933393844740e-01
5.043795183893243772e-01
-1.001892477768905554e+00
-1.372643383897971248e+00
-5.965635724769744463e-01
-3.491442919389852739e-01
nan
-2.660140141763260857e-01
1.010175842779420657e-01
1.357908272355046853e+00
-9.323199115380521595e-01
2.688011122011115805e-01
-1.037285236669191812e+00
-3.180850179803223349e-02
3.971177205227301443e-01
3.828354337444925953e-02
5.418123495158407854e-01
2.181251752285772172e-01
-2.026040109130935185e-01
-3.196994823013191711e-01
-5.243832900685906351e-01
1.341521845857477135e+00
nan
-5.216051269269236235e-01
-3.223047593761774188e-01
2.781865497432368661e-01
2.396181094927709032e-01
-3.659005464081130921e-01
-5.468628874613068458e-01
-2.372395211058717091e-02
7.875638762685636118e-01
3.693899098777830847e-01
-5.574987671411576473e-01
-1.147538863074235360e+00
nan
7.750601696632893889e-01
3.920487432526613691e-01
-1.332636772125943558e+00
-6.982590090475395694e-01
2.972737143626006939e-01
-4.307493004130272252e-01
-1.363405080226759436e-02
5.730317379160023705e-01
4.363576844973892505e-02
1.325959763626877730e-01
nan
-4.995241498654697798e-01
-7.821711824065790131e-01
3.504384352291588234e-02
nan
-1.361993447497951149e-01
-1.213478734990367292e+00
-1.540505201417570635e+00
-6.281766052705238523e-02
-1.329259627447596070e+00
-3.617018075726961546e-01
-6.463884355466457954e-02
-3.261590704799131601e-01
-4.798110295435531469e-01
-1.367280518634126141e+00
-6.635035980844917747e-01
3.609516833048047602e-01
-8.515578803529637586e-01
1.253737894272642928e+00
7.770836814695134542e-01
-3.568719105948080506e-01
-1.988280581115834389e-01
6.683185001868734432e-01
4.649809693263775023e-01
1.429305036880150537e+00
6.983416906135818669e-01
4.914257713757240742e-01
3.855320640327888904e-02
-7.478765820837535161e-01
-5.452823452665717108e-01
2.749346839082724148e-01
-9.654876526336788611e-01
-7.495623526490299282e-01
9.144073491103964502e-01
-3.079553544804428111e-02
-4.371365179859220129e-01
1.998354141518766114e-01
-1.672989615868772095e-01
-1.320762177139909732e-01
nan
-5.761983453925965115e-01
2.693132653164345136e-01
-1.383457566046569220e-01
-3.404039267019448034e-01
2.427873067212820146e-01
5.537419010952697729e-01
1.780638496492680523e-01
-6.571168414370452959e-01
-3.604775575781869051e-02
-4.377401547032250262e-01
-1.328092855624709023e-01
6.528950515054390835e-02
nan
-8.711898272037064128e-01
4.833609076478007777e-02
-1.425621628204698510e-01
-4.779492659825717027e-01
5.423698919461248380e-01
5.344201308527289918e-01
-1.084949206609485017e+00
-4.140391755829499476e-01
-7.066607933450874679e-02
-2.854840716515775756e-01
-7.740850134140760952e-01
5.422317322552249186e-01
-2.147576839697316886e-02
5.796440325171493546e-01
-9.092482275076639864e-01
4.765842936047187672e-01
1.687066021650713843e-01
9.385945635842594115e-01
2.408714767552384284e-01
-4.854833298754795967e-01
-4.544335768566838407e-01
1.465502180651428316e-02
-7.005732081918891740e-01
9.250062065602425720e-01
-4.484484361277084608e-01
3.161938197469953415e-01
1.953994631085419487e-01
-5.217356349633717194e-01
5.815734265379293166e-01
-5.841435731219487559e-01
nan
-1.959863933365620689e-04
-5.060477581598628039e-01
6.887294898843540798e-03
-9.073680617184234354e-01
1.100375126402359127e+00
5.270963666201556874e-01
-1.080661132065630303e+00
1.557791915483540957e-01
-3.385550646482562986e-01
1.047030798517889771e-01
4.211461249442636223e-01
-6.794817373781648628e-01
2.269966881824092564e-01
4.167610607497006514e-01
-4.824511807378493167e-01
-6.742070770641900301e-01
nan
5.592978251211275786e-01
-3.487726795630990417e-01
nan
1.673328042825492634e-01
2.376225734733265482e-01
nan
3.409379966236417842e-02
-1.098040557040628640e+00
nan
-6.558687155031893701e-01
-2.081102541906475201e-01
-6.515426913942000686e-01
-6.251436161764470922e-01
-9.696451786075021007e-01
-1.035846522473823805e+00
-4.043827995448965318e-01
-6.504418297316595377e-01
-1.184363095469538774e+00
-3.044611057393574738e-01
1.982287657244558576e-01
-9.245334408564063189e-01
1.308799048824416777e+00
-3.772760245514683031e-01
-1.198484359604097271e+00
-7.773200873706969105e-01
7.500371688379856017e-02
-4.774427541927037666e-01
1.573628421501081509e-01
-4.339400954138326050e-01
1.965200381192559465e-01
-1.202806768024094142e+00
-3.403578366531039290e-01
2.765949814954114516e-01
-1.498743160850220524e-01
1.632771404670842363e+00
-6.232292015342990599e-01
-1.927100019521011676e-01
-6.258535182554906262e-01
7.924000263358408347e-01
1.396321857846168427e-02
-4.939580158894975037e-01
-8.783077404677289701e-01
-8.243714752359407316e-02
-9.638151942462457322e-01
3.076666826276033828e-01
1.873139674351958772e-01
-3.784163042372707952e-01
-4.933829228610390194e-01
-3.710354518331153151e-01
8.041175066770364088e-01
9.485548640870621051e-02
nan
-1.352830040216719043e+00
-1.076981362234001871e-01
-1.351749013861275106e+00
9.243116590849137504e-02
-4.317779640071713332e-01
-1.126354994853449476e+00
-1.881233022352394590e-01
5.893009882011948641e-02
