-1.044062568321083573e+00
-3.045831510929979391e-01
-6.808254304005005864e-01
-4.511263288900554946e-01
-1.077589857920041361e+00
4.993211864633043118e-01
-4.462514950393103308e-01
-3.587734472580199618e-01
-1.669087967236103920e-01
-1.939566477080952034e-02
-7.008935822009332295e-02
-1.174579591338478890e+00
-3.763916906713829502e-02
-8.242026123131871440e-01
3.742050637274454972e-01
-8.390801049799841982e-01
4.565655597025897183e-01
-6.337537672670389144e-01
-9.331260022268187404e-01
-1.103318918425915257e-01
-1.261703305165166322e-01
-5.642129599248135730e-01
-2.316191698107244751e-03
5.207553473523718335e-02
9.269018379731361890e-01
-2.666279122438731108e-01
-1.113794433596539735e+00
-9.263944871486480270e-01
1.021756351603727353e+00
-3.767878228778270278e-01
1.862952763873694517e-01
8.124901921214780498e-02
3.728012236258264611e-01
-1.083670444657128806e+00
9.273383883983667142e-02
6.456776120599595492e-01
-3.917413566385236079e-01
-5.184356732549488811e-01
-9.095218138824320286e-01
4.759685402340606553e-01
4.970487016206908693e-01
-2.342404116942050363e-01
-8.564680432646365471e-01
-3.267436372028910685e-01
-9.600447444020927534e-01
-9.847699126645061973e-01
-3.583421973366428953e-03
3.433623866185655377e-02
-6.383432109664439746e-01
-4.974721991481474981e-01
-6.238521071712311850e-01
7.791273812435371982e-01
-6.438298997992994432e-02
-8.695800438882456129e-01
-9.319891605733825468e-01
-5.538227943379160356e-01
-1.508579580682088750e+00
-5.782125891337640544e-01
-3.510461568255310305e-01
7.204945585356549165e-01
-9.527565562907754915e-01
2.190849092803443809e-01
-2.991696787344892972e-01
-3.906853132208874535e-01
-7.440398067116226200e-01
2.842783356481395907e-01
3.205896502909467150e-01
-2.120754289789593405e-01
-3.821380899334960723e-01
7.537911305275808438e-01
8.203403961189442706e-02
-9.355428191184005371e-01
-2.553826974511960723e-01
-1.955283622458111603e-01
5.402078409560834293e-04
-1.117438878818308057e+00
-4.527065974296288209e-01
2.330636509216872654e-01
1.003001502466028816e-01
1.426100625953212075e+00
6.246872578708397017e-02
-1.086520873825710831e+00
-4.034003987158730209e-01
-9.519671718786705261e-01
4.373289330452248547e-02
6.043582033143021226e-01
-1.243264036430172595e-02
7.542120877279865354e-01
6.919604461378708882e-01
-6.533683098441522841e-01
-9.272791453186061128e-01
1.258956986536231004e-01
-3.427620474013365337e-01
-7.866692914815851534e-01
-6.140766682604961169e-01
-1.436499311558506964e+00
1.266926522178797934e-02
-1.179601409368266074e+00
4.296242956935653612e-01
-8.705339022156135531e-01
-1.014647571251409697e-01
-3.209728696937389492e-01
-7.109272563478815643e-01
-5.276753363782517026e-01
-1.212680780076891729e+00
nan
-7.988580363069177487e-03
-3.952326328090113861e-01
-2.026738509447859604e-01
-1.109350611343481674e+00
-1.515261493865062981e-01
3.418513081202929627e-01
-4.011392673434308609e-01
-2.010610842056831105e-01
5.592524836111067987e-01
2.645040922054398558e-01
-3.671194411604149499e-01
5.440547676633443464e-02
-1.028563672907127247e+00
-5.242373761441554425e-01
3.553952585270035436e-01
-1.222732197320340053e-01
-7.086502655676232276e-01
-2.000763324090459316e-01
3.537485788248424523e-01
-2.070192733619353465e-01
-3.192261790644645991e-02
-2.130959436095960502e-01
-1.303635535119160638e+00
-7.008165496406114636e-01
3.418863849322089504e-02
-1.012858610305999996e+00
-4.511440154829425286e-01
-3.157362265329090034e-01
nan
-6.726756374131837024e-01
2.921478081884322231e-01
-5.415826670356603811e-01
-7.278025296985096704e-01
-3.086460488497401733e-01
-9.026198549098564394e-02
-6.562541585791622500e-01
-1.106243065247854540e+00
5.421004509051560172e-01
-9.243433807649444889e-01
-1.674244290186008566e-01
-6.578072088061446276e-01
-4.852869171733980580e-01
-1.079636481898182954e+00
-1.472264962159920643e+00
1.826917863774399353e-01
5.743657451072219366e-01
-3.241135973671471771e-01
nan
9.689350322485287270e-01
nan
-1.523400418903348097e+00
2.500141907865474286e-02
6.777043371284756368e-02
-5.254797423058955586e-01
-9.407736117175813373e-01
-5.100756274274464985e-01
-1.246580946786156503e-02
-8.250601884062977454e-02
5.099161112838309640e-01
-3.378737988624881394e-01
-7.537814320129053447e-02
-4.240213819208011881e-01
-4.421850217431677610e-01
-9.079925488911582132e-01
-2.072141970001325773e-01
-6.989872514542355697e-01
-6.190262749555452970e-01
3.576937839300814437e-01
-1.276904958324939221e+00
-2.759923327291818329e-01
-1.324383950048287240e+00
-1.500345215351819583e-01
9.438978886338799112e-01
-4.948114721860499832e-01
-4.529308844329973938e-01
3.607677763234690693e-01
8.560004040948501203e-01
-1.234826950823253888e+00
-7.728652872579865329e-01
1.481402182808715662e-01
1.023993485031969186e+00
-8.015903628904367251e-01
3.407301437023285695e-01
-4.276788560580356835e-01
-1.141284620585086618e+00
-2.011870264113140572e-01
-4.242245862020704306e-01
3.392593388856920411e-01
4.685086702052675134e-02
-6.414094269114097857e-01
-8.373486076258048749e-01
-5.706951560879638397e-01
-6.404384741723828656e-01
-3.696380252337728711e-01
-5.517538070967166197e-01
-4.795021380045658699e-01
-2.267490108844948948e-01
-1.556274394438688369e-01
-4.105158260245843627e-01
-5.125489394715042613e-01
-6.703376499467134098e-02
3.037755385682329098e-02
-4.525542502047226745e-01
6.559046457322168511e-01
-3.113154504988883686e-01
-8.673053888402234568e-01
-7.081148692937279110e-01
-5.050603420982526792e-01
1.070573149103058036e-01
8.504628180063573684e-01
-1.231387501229011638e+00
-7.769470650103018627e-01
4.154831070925378844e-01
-7.908707547366580215e-01
-7.902164044786230690e-01
-1.981906338863397288e-01
-3.184365060056737473e-01
-1.437590024215054996e+00
-1.003884161002860154e+00
-6.106480947009094162e-01
-9.234407127860985165e-01
-1.479399385180830417e-01
-1.614990786143682688e-01
-2.928700882212085244e-01
2.174486749490038284e-01
-8.096451925235116365e-01
-1.122698841432566950e-02
-8.201087488440651496e-01
-5.074210718022253985e-01
-5.464708382844026824e-01
-8.846757464606820331e-01
-6.085921067704340714e-01
-6.258522705379209183e-01
-7.676630149178442775e-01
-1.341878144076687152e+00
-5.005851067478517269e-01
-5.539333180240441079e-01
-3.160206025212488057e-01
-2.632198690708601602e-02
1.048010389644752349e-01
-1.858064700413025461e-01
-2.773366467020063064e-01
-5.904342488282848800e-01
-5.485272802265906966e-01
1.818252993342840962e-01
-1.050056928184920496e-01
4.253165532467730880e-01
-7.808875073829735225e-02
-4.496021741402950744e-01
1.454201684817925111e-01
-7.310340676666348125e-01
-1.854178266664395502e-01
-1.243525858683075941e-01
4.966892364264413051e-01
-8.786512312564755955e-01
-1.881821061629052605e-01
-4.541476092849135449e-01
-5.915920626810016077e-03
-7.747318561133674786e-01
-1.577086913055117501e+00
-8.021745910236108834e-01
-7.566022470257279808e-01
-1.424098274619092885e+00
nan
-8.786789749810388628e-01
-4.835041782020310652e-01
5.044576882867033429e-01
-5.782230280724605098e-01
-1.324021700104274668e+00
-3.201347856887563625e-01
-5.626690179598932140e-01
-1.128075804982189290e+00
-9.463156398711487505e-01
-1.157282579046910342e+00
-6.870722803793152256e-01
-2.855704637366073828e-01
-2.839723726474918108e-01
-4.478547885446014232e-01
nan
-6.414239625047303273e-01
4.769133654665201338e-01
9.557002632275954368e-02
-1.017069086075468753e+00
-1.070645951130250628e+00
-8.418645548855422378e-01
4.047366640351672262e-01
5.362514853189754849e-01
-5.974526422701954553e-01
4.097997298126283550e-01
-3.136564078287190638e-01
-3.102917344427276736e-01
-2.498720247955016627e-01
-9.640426116393392697e-02
-5.402305825262340155e-01
-1.024599145338819017e+00
2.445340010845382106e-01
-1.454271065380563221e-01
-4.526476745354624520e-01
9.331913101794536702e-02
-1.739973164039091136e-01
1.253348961026585218e-01
-1.191928954606079172e+00
7.636089360923338232e-01
-1.764749605574719993e-01
-1.066883092461168719e-01
2.276650933515549369e-01
-6.420761318058370026e-01
5.829991227500701534e-01
-1.539887157252670669e+00
1.805161510703664929e+00
1.188786080684729907e+00
-4.818502341191794325e-01
-6.278723830866406175e-01
9.705053059963538731e-01
-6.641964925995643698e-01
-9.954267891956839476e-01
-3.841489047263500489e-01
-1.193299268727320145e-01
-6.961077251626341944e-01
1.538037433105821972e+00
-6.486771379716597952e-02
1.385194069829262520e-01
-8.822161220427179318e-01
-4.026032001626520529e-01
1.126257214000681017e-01
-9.994292489322726958e-01
-6.791240606791956180e-01
4.225709615622630366e-01
-5.932802327674211451e-01
-8.535744561663672902e-01
-9.821462063483540339e-01
-2.974698636399148999e-01
1.102587286841578834e-01
-1.429098804151962332e+00
-1.055781215001212248e+00
4.965209647740553150e-02
-8.183821341817643091e-01
1.665794254623670367e-01
-9.943947811056486064e-02
-5.348751330142681448e-01
-6.496827299500784747e-01
2.707781294597816357e-01
2.746359357763912823e-01
-7.513706680543744687e-01
-4.027622073452200580e-01
3.827844464670492053e-02
-6.826371435981626323e-02
-3.137353685602153330e-01
-1.886295263817187040e-01
-4.748331439969981083e-01
-3.730343799104125502e-01
-6.772514278878818406e-01
9.149799242951872635e-01
-2.562940799259491240e-02
4.830893432365222506e-01
-2.780487074255209579e-01
-7.934704061960317079e-01
-1.473357147465647332e-01
1.973112979887670093e-01
-8.939759517604113359e-01
-8.918377939572214030e-01
-2.571198195609774584e-01
-1.458764941914727276e+00
-1.115296387018400504e+00
-3.519021255643155488e-01
-6.268692265071540426e-01
-5.263411006581981688e-01
-3.981234211637786902e-01
-3.912180220251379459e-01
-1.111600477133291243e+00
9.042622847671560882e-01
-6.240815901126206544e-01
-3.771016369377097610e-02
-4.888928322466576937e-01
-9.415327279342315947e-01
6.397202560364522173e-01
-6.157047872397470867e-01
-2.660486986642420226e-01
3.775249129554820171e-01
-9.762507458910449909e-01
-3.602191003367522515e-01
-8.436763747562484594e-01
-6.000473802233218246e-01
4.492977460584930416e-01
-5.573204475433852778e-01
-1.026137867314855567e+00
-1.979754597679279915e-01
-5.186027150667722047e-02
4.046181664625400076e-01
-1.001367929748114394e+00
-5.939264596050980449e-01
-8.114700141255749566e-01
2.385083897295248723e-01
-7.226335199674182030e-01
9.447554288958558422e-01
-5.244643286411593275e-01
-1.361791354807721177e+00
-1.856316303242112886e-01
-9.843798826539095215e-01
-8.205922867665882414e-01
-3.024816175054505507e-01
-5.932008927097283113e-01
-1.270681436890521043e+00
-3.238685002017872572e-01
-3.017527605388815592e-01
-1.013293523510855554e+00
-1.722661141272768814e-01
-1.252295499548931934e+00
-7.685751305426836710e-01
-5.423785711380934016e-01
-1.052990005931208284e+00
-6.673696177424736087e-01
9.237113763846198644e-01
2.872786904730630780e-02
-1.246406666908283084e-01
3.329238423185271190e-01
4.721630335747274421e-01
-6.312405622374723801e-01
1.461344572346942261e+00
-4.379759571443297972e-01
1.195974448722852745e+00
2.372172743192654809e-01
-2.575170143748258256e-01
-6.080391963132828481e-01
-5.470367184079193423e-01
-8.807693695400389267e-01
nan
-4.706952654149684778e-01
-2.634396769832164642e-01
3.295998487215519024e-01
1.901550851944821541e-01
-8.475971536301376563e-01
-3.942357203608145011e-01
-5.420043189765828551e-01
-6.564255106867953327e-01
2.670892569959104970e-02
3.112577284919899046e-01
-7.124759714989369330e-01
-1.054374945275321274e+00
-7.522008318747323008e-01
5.156133345247753130e-01
4.491504053610843039e-01
2.693614522062822147e-01
-6.006467392744483519e-02
-3.220127571129771105e-01
-2.734702356267904033e-01
5.885886813499047188e-01
3.390617210340067800e-01
-6.726026079356673959e-01
-9.175275958403035226e-01
3.174979939205202495e-01
-3.145247457541209823e-01
-6.464615160736695287e-01
-3.317027446658810663e-01
-5.114363755483932739e-01
3.500623311316249930e-01
-3.478654717831748955e-01
6.259665812506456373e-01
-3.408428324171644541e-01
-8.146211641784235624e-01
-2.442300000638876201e-01
1.996179794683552999e-01
-6.304467355790916994e-01
-4.655217184716871071e-01
4.348557749450801535e-01
nan
-1.003928386140545248e+00
-5.095717892639062274e-01
-3.765136393616099753e-01
-7.674491177816913368e-01
9.346649438562004697e-03
-3.125511252049985589e-01
-1.046004186309375861e+00
-8.603473659579827792e-01
8.123053707404247481e-01
-6.051455730583745751e-01
5.356319938451316043e-01
-1.619335612610446895e-01
-6.854985918465901218e-01
3.864228971717932337e-01
-1.756955888914620290e-01
-6.751784942602474804e-02
-1.411200166876723228e-01
-6.297324011158011992e-01
1.433845793854017892e+00
-5.819957907985101597e-01
-5.305969765146676398e-01
-8.048681786168477847e-01
1.496758006280745901e-01
-5.576395017567400414e-01
-1.028557956460896206e+00
-4.533378219965118472e-01
-5.508991125337142636e-01
-5.780266656330774744e-01
nan
4.608801467120782203e-01
-7.352600686883078440e-01
-1.069403051776018021e+00
-3.637723730689753632e-01
-4.530961904027813736e-01
-1.802545957996627979e-01
1.723045646662702823e-01
-1.282042370497470385e+00
-5.904982121565623965e-01
-4.666998183808413470e-01
-1.028197213037280178e-01
-6.970680340838891764e-01
1.984895529951282434e-01
2.676417420883575593e-01
-8.400538820783385319e-01
-5.259630543451799811e-01
-6.252959004252897079e-01
nan
1.310352253333303962e-01
-8.007626085062413690e-02
-2.276821524358776383e-01
-2.419670678688538856e-01
-2.170535377248088982e-01
6.572320272193817037e-02
-1.003983064043278750e+00
-4.174367426081532773e-01
-1.015409214867140975e+00
5.290172593297981507e-01
-1.010704228974533603e+00
2.630332213991974366e-01
4.126515327792470988e-02
6.210414248702462725e-01
-1.610618516947032175e-01
-3.313523617495653384e-01
-1.198928813556667250e-01
-2.442210393778106725e-01
1.249333158038935937e-01
-3.002501634987930768e-01
-6.095954179768595660e-01
1.773625010893565557e-01
-9.380765086565387989e-01
-8.166998820558025729e-01
-4.412803028632857893e-01
-8.672750068257136791e-01
-1.387111813827095252e+00
-1.020221378204279938e+00
-6.168466935269580759e-02
-4.810862767126591333e-01
-9.884922370730384600e-01
-1.512609947170213409e-01
1.340662675762916700e-01
-7.073435531669278742e-01
1.341833316035485335e-01
-6.175430749628316729e-01
nan
-6.315336703995970691e-01
-1.109987777267450015e+00
1.524223633332677075e+00
4.426293707078187700e-01
-1.231700648438320167e+00
-8.416913173658605585e-01
-1.031342777621155671e+00
-1.222296299998886504e-01
2.031281086052666163e-01
-4.444607902137617250e-01
-7.390574991820446638e-01
nan
-5.960294413394465890e-02
-4.110478088428696219e-01
-4.516862087421646410e-01
-6.080598091904857450e-01
2.595667384821004897e-01
-4.282348760408885013e-01
-1.410163088552130461e-01
-9.171045081747630778e-01
1.213744417374232443e+00
-1.128131004353047362e-01
1.514146848516045862e+00
-3.986502076007080175e-01
2.336265150352153930e-01
-4.461220884430662226e-01
nan
-7.513735951079307807e-01
-5.922768159915008379e-01
-1.013910901361082750e+00
-1.326428180437545512e+00
1.493416495886880524e+00
-9.545131254642098551e-01
-3.430899915121579102e-01
-9.282550243576830340e-01
-1.961077067025633891e-01
7.406250112166380684e-02
1.235046861449868416e+00
-7.076096262481522403e-02
-3.080854179176235608e-01
-4.554209203496069613e-01
1.701667204759083063e-01
-4.169675491798732758e-02
-5.258181012531076837e-01
2.239080408797035904e-01
-6.718303875103414091e-01
-4.276276736429307501e-02
-2.987505276459256898e-01
-1.164704181097910185e+00
-1.311500721526793534e+00
-2.608970082857207662e-01
-2.966245644456861896e-01
-4.535890557616940599e-01
-2.310582319704477805e-01
3.417468472492098397e-01
-4.548497289517510200e-01
-7.067266082233099045e-01
-1.181304533656256206e+00
-8.828950506588134628e-01
-3.762790604653096782e-01
-6.527735665701177581e-01
-1.636410611076638891e-02
-9.330591150929049005e-02
5.616288969744483994e-01
-6.038936876144185284e-01
7.379177807628146679e-01
-6.252619938577709258e-01
3.887107728652359206e-01
-2.556378118563459867e-01
-3.372555920275779329e-01
4.844756693829937455e-01
-9.992632562682646213e-01
-3.782115033741481613e-01
-3.525596311908869018e-01
-5.718808015045429016e-01
-1.311342842268717890e+00
-9.876897962445103929e-02
8.882235304287412481e-01
7.079431544277668964e-01
-9.847214412200459011e-01
-2.807409828892049597e-01
4.797798894157270233e-01
-7.016633522968841741e-02
8.933846724488881952e-01
-3.892347104130783886e-01
-4.820526313377284516e-02
-1.076142762566390854e+00
1.819647891506372961e-01
nan
-1.531072376983137751e-01
-3.907804543487628512e-01
-6.698160625710068983e-01
5.823663302181040224e-01
6.158199990151540515e-01
1.134236794192580861e-01
-3.037743229939868783e-01
-3.813947876344738197e-01
-5.630673653567198622e-01
-5.123961484302655932e-03
-9.839298814483219413e-01
-2.506997155389904808e-02
2.441805958115558436e-02
1.243433318596346981e-01
-3.376120259821762115e-01
-7.268852988932810177e-01
-8.130651276807377981e-01
-9.387043762270439462e-01
4.955890813444159271e-01
-4.479893058748446455e-01
-6.469459768296291491e-02
-8.399638820626135205e-01
1.886173011964087098e-01
-3.746330032557012024e-01
2.812733682538816060e-01
-3.361593664877519649e-01
-2.502637546633245669e-01
2.246325610245155091e-01
3.136404859888192870e-02
1.752049748260362319e-02
-1.209845479477422714e+00
-2.489770055248412620e-02
-6.232905949971102588e-01
-8.144897320149502296e-01
1.940071629116641716e-01
-7.828695864758176970e-02
-6.298989480040165789e-01
-5.289179480682030254e-01
7.107724298148284658e-01
-5.181353881072421341e-01
-4.311421875589190322e-01
-7.236015264700155214e-01
-5.252697813814297123e-02
-1.962329939314838845e-01
2.334652646520528341e-01
-2.975300702337265180e-01
-7.269612416934784216e-01
-7.060022605264153484e-01
-2.807479714845763086e-01
-1.346154883508018651e-01
-6.664327804816869705e-01
-5.483732052673083723e-01
-5.181933184383867852e-01
-6.798890250118989620e-01
nan
nan
-4.324816821812058065e-01
7.293390115557074616e-01
-1.064244665084157271e+00
-8.619131432010076477e-01
5.137234535148271775e-02
3.357828593757193336e-01
3.475631754019166408e-02
1.603542016228587108e-01
-1.507381438846649324e+00
-2.528112748743055471e-01
-9.302819585750898845e-01
-7.016295413789549462e-01
-2.574232618439768472e-01
-5.391376836030465913e-01
-2.860242808112380825e-02
-1.413462228893143380e-01
-7.036047464945839325e-01
-3.775567519548310713e-01
-6.308240080727005594e-01
-9.505540581702295322e-01
-1.329899152156986120e-01
1.999450957501091863e-01
-7.118928714833426818e-01
-9.204757723953561899e-02
-5.439036004038781957e-01
1.758313430723374565e-02
-7.398869378509452532e-02
-9.985422377785555526e-01
-5.828821230829266398e-01
-5.549944992022100010e-01
-7.122417857186612578e-01
-4.226544552731979071e-02
-6.378417296062813824e-01
-5.708903665671223315e-01
-4.304618459570569433e-01
-1.866397555343000947e-01
-7.808881234327976761e-01
-2.956969357466150417e-01
-8.575258467203504820e-01
9.411595821268659012e-02
-6.844272433224922736e-01
7.664773824081470011e-01
5.670257523683125411e-02
-6.683860317888330460e-01
-6.053959672734696706e-01
-1.219107426907400926e+00
-6.680637799923473397e-01
-2.523516816166643251e-01
-5.367181902525762771e-01
-2.829625477899063157e-01
-9.647394541492960718e-01
1.713142885751952338e-01
-1.743356172893399114e-01
-4.154256959315567044e-01
-2.899057868862056631e-01
-2.056300788568020121e-01
-4.951971028370891204e-01
-6.248792206818402084e-01
-4.259479090237160981e-01
-2.811076434415509251e-01
2.336080960072545176e-01
-3.202217600488686533e-01
-2.102089100790774101e-01
-4.015212105929059083e-01
-7.705832947670536726e-01
-3.069291902956388651e-01
-4.357548268753793086e-01
4.796296137937214321e-02
-1.294365478232017419e-01
-5.707559863488147478e-01
1.109482572659293148e-01
-3.584742559181604560e-01
-1.245329552659162758e-01
-8.802327473033841332e-02
-1.592647047026080342e-01
-3.171948065782267956e-01
1.413744879848413960e-01
-9.369542622756209249e-02
-2.979772801524250836e-01
-8.666697005937308296e-01
-3.495118262295885403e-01
-8.705251228648040740e-02
-4.094345952256538967e-01
-4.589200456320786659e-01
-2.354281323146625304e-01
2.924594681140413877e-01
-7.580743190369911844e-01
-5.989265801146077539e-01
-5.285351897737926574e-01
-5.400732711756865978e-01
-3.049518283534197738e-01
-9.489484599260231690e-01
-2.491781475186689576e-01
-5.759721664584622758e-01
-1.645676437360348576e-01
-8.395163575759104768e-01
-7.344359542710156286e-02
-4.214326357773939824e-01
-3.208493461293220328e-01
-5.131518838710982244e-01
-4.042897610209996717e-01
-8.958198308728331227e-01
-2.214476765740048259e-01
-1.540293287955022128e-01
-5.854454815141535429e-01
8.047775176302582878e-01
-1.488821047557621624e-01
-1.799321774747665303e-01
-5.471648521610891214e-01
3.057082441767374204e-01
-5.878411289005738283e-01
-2.047528630245803172e-01
-9.558262202296512466e-01
-1.064554443544219353e+00
-3.487599027223147186e-01
3.007811556421497237e-02
6.901112541083698725e-03
-2.036083909581810625e-01
-5.052899195314679570e-01
-1.873007310955455418e-01
-7.600836785407399931e-01
-1.035088144176512737e+00
-3.056826145217396706e-01
-6.547429606394351564e-01
-6.472670899332541028e-01
6.018472752724427638e-02
-3.517188226775568721e-02
1.292047937032063665e-01
-4.396354114942213620e-01
-7.184578754513096244e-02
-9.803621307806701379e-01
-5.946266909560605773e-01
-3.147884045573298151e-01
-3.905043589807948856e-01
-2.562967261999670177e-01
-3.557422250310850464e-01
-1.965405524407468629e-01
-6.634539950752363913e-01
-5.891231005131263299e-01
8.520938257621071821e-02
-8.207911051916682021e-01
-4.246467985997085526e-01
8.475532461839414833e-02
-8.409021932965503321e-02
-2.143335952105282216e-01
-8.109074232782368385e-01
-3.610367277868801184e-01
-4.464946954205726293e-01
-7.020335089019232866e-01
-4.172451475945778143e-01
-2.120797913589749784e-01
-2.676198236807213471e-01
-3.686412372476520205e-01
-7.717452057947953303e-01
-5.096173753329861222e-01
-2.017922031431993446e-01
-5.015973776277872220e-01
-4.570480075842042744e-01
-7.126827854149990760e-01
-5.740460873915356199e-01
-9.886820432169379780e-01
-6.889255982017549185e-01
-7.310674054408141664e-01
-2.707331923689269004e-01
-1.168496673928126478e-01
-7.816420792077771740e-01
-2.461283018289184832e-01
-3.085485013590505421e-01
1.714005000950108160e-01
-3.905066618421084712e-01
-1.448478097463226089e-01
1.076895227833568891e-01
1.108453196492201337e-01
-7.789421428380698398e-01
-1.889145624161482351e-01
5.037410970730545057e-02
-3.989504104591992117e-01
-1.786482185408987122e-01
9.533341863461075594e-02
-1.014725505820357254e+00
-1.309638884137623860e-01
-6.290654701148572503e-01
-8.784499100939051619e-01
-3.660879363802013037e-02
-4.107579017375533881e-01
2.612958174685962170e-02
-2.406202413921858796e-01
4.293865829069103968e-01
-2.016629995780991336e-01
-2.026936194678914671e-01
-5.250469919584101891e-02
-5.330879366813141562e-01
-9.331254694393439908e-02
-8.032101256220807173e-01
-1.263154308479993715e-01
-6.326172574182120645e-01
-2.172017602975809258e-01
-2.057113756927622661e-01
2.122364780556178915e-02
-2.573993198466556498e-01
-8.371513097070419906e-01
-2.526056844513110966e-01
-2.523103976927484338e-01
-6.574615864798165621e-01
-3.179218349489003614e-01
-7.909715693461631669e-02
-4.233840502927463390e-02
-1.721744444298688448e-01
-4.355738045486717280e-01
4.182670189039274233e-01
-2.287733228322302304e-01
-2.854549487506771177e-01
-3.552858321174089395e-01
-5.937579857990216148e-01
-4.635138473868683495e-01
-1.674866540901389922e-01
1.370154989384633759e-01
-2.358102198936083138e-01
-7.454210742030953352e-01
-6.174004084483148969e-01
-3.121744529620700814e-01
-3.089065949972618630e-01
-2.852289295806097469e-01
-2.908810904084796478e-01
-3.582420139175820223e-02
-6.560887927848572110e-01
-6.615010981432676296e-01
-2.085511741128808494e-01
-2.625647482201781333e-02
1.614323720055302613e-01
-6.454167005725093276e-01
-6.364919109436945055e-01
-2.564801056391421419e-01
-2.565710264875288860e-01
-2.363875625974649897e-01
-6.634521563813247091e-01
1.156013460294038897e-01
3.940440764463067347e-01
-7.543917396729359348e-01
-3.741178093024991602e-01
-6.266829991410060030e-01
-4.192750246789372914e-01
-9.220046610497026895e-01
-5.519039299434164159e-01
2.980960377447439691e-01
-3.261277738524629433e-01
-2.362106507465985827e-01
-5.145595579259956143e-01
-9.438096423344024544e-01
-1.092702466410894052e-01
-1.393469529670940399e-01
3.451389504630913430e-01
-9.765208564231550037e-01
-7.066593021610459990e-01
9.574846786414924205e-02
-1.166024653167405667e-01
-7.765646854881737005e-01
-4.216550602825107630e-01
-8.894132551814341037e-01
-1.809514045794151649e-01
-3.724786529458023465e-01
-4.921959651215099818e-01
-5.963707868684843261e-01
-3.146228787435671470e-01
-4.750614193589688394e-01
-4.431748954514370675e-01
-2.276498287647972865e-02
-1.049837682692473351e+00
-9.568598351627755072e-01
-3.707142741968634803e-01
-5.253229461908152098e-01
-3.541016306943493008e-01
-1.116547270212326359e-01
2.240099634108936866e-01
-2.139020389060798388e-01
-1.149128670183125894e-01
-3.524888593791341562e-01
-9.378431499418736494e-02
-8.632349372202563487e-01
-5.419514700272756169e-01
-5.482980807846747906e-01
-5.100843952166363993e-01
-5.653726356606635362e-01
1.527389615657471778e-01
-5.705051759410592060e-01
-9.251263183882745267e-01
-5.394530711292714331e-01
-5.333826532822288913e-01
3.559183237333349292e-01
-1.002218410705693508e+00
-1.182641754583339866e+00
7.305262927017358576e-01
-1.942969891867201149e-01
-7.811842442914567197e-01
-9.335676639786885112e-01
-2.189795879130932987e-01
-9.732483674556141606e-01
-6.289416849911816376e-01
-9.589128088558492025e-02
-1.428535969517743309e+00
5.613779249572160568e-01
-8.454665963699959930e-01
-5.803541149852164960e-01
5.677594664841898592e-02
-8.020876530407587968e-01
-1.222286180186922033e+00
-8.639764889009778903e-01
-4.014156927250104312e-01
9.083827260337962173e-02
-1.193305468662568120e-01
-4.557451915866051473e-01
-1.733911064374243916e-02
-6.703894798696765633e-01
-4.861231963169752868e-02
8.199163613165798559e-01
-1.218025194683726720e-01
-6.148906059805800961e-01
7.505363181995461375e-01
-8.110069776330296465e-01
-5.291134147804087834e-02
-1.510738751764516274e-01
-1.750847378216633388e-01
-1.221147546864163269e+00
-5.825072717448001036e-01
-5.533905642423102567e-01
-4.123884859105076961e-01
-2.418856951379988740e-01
-4.202449347483732667e-01
-4.646503289540007131e-01
-1.189553698114639291e+00
-6.249707954978747093e-01
-4.577556991420065891e-01
-9.689767680556223839e-01
-8.182875511388801870e-01
-3.212865424914516932e-02
-8.925404652109883430e-02
-6.796710531696237290e-01
3.852749952946870615e-01
-2.075956920628532071e-02
-9.057232261525010042e-01
1.521165960792577980e-03
-4.570844570366904697e-02
-8.132122040358756854e-01
6.773723673989222316e-02
-2.031808093842365492e-01
-8.050769300509088566e-01
3.478578416908397197e-01
-7.638509558866996008e-01
-2.447436797656615537e-01
-3.802097334586934663e-01
2.420551067173429619e-02
-7.599842786168102826e-01
-1.389975968428645570e-01
7.262286315014902793e-02
-4.739411503790049163e-01
-3.024720105438363227e-01
-6.796164020260074823e-01
-8.305686768273440324e-02
-7.805705003257236152e-01
-9.626607431520090019e-01
-1.349236914985517122e-01
-1.222987212258212913e-01
2.198212404379288817e-02
-5.190873014084028680e-01
-7.693665102147845269e-01
-1.038189346781217687e-01
-9.539114523486400543e-01
-7.638814071509069104e-01
-1.801769991373666224e-01
-2.593402474232213706e-01
3.981295670022122479e-01
-3.999587534722378601e-01
-1.115216557202972414e+00
-1.430984294167983277e-02
-7.269908406520508848e-01
-7.016108468803414766e-01
-7.009864359826640801e-01
-6.354825590756310039e-01
-7.431258452879443421e-01
-1.132627596565470018e-01
-8.183124514967129448e-01
-4.833823266840618915e-01
-1.001339252566871285e-01
-5.457327344723338358e-01
-9.892037260055930314e-01
5.369093243135276694e-01
1.926346727457787511e-01
5.185409370424297615e-01
3.112251556626048632e-02
-8.880677334107923704e-01
-7.450680586428632957e-01
-1.144725637002226071e+00
-1.214931354640055750e+00
6.633439566129325504e-01
-5.324488595386011047e-01
-4.419151131574865499e-01
-1.902354236424702583e-02
-1.200315892148846375e+00
4.762711973346059335e-01
-7.743601577902519129e-01
-5.413389337524418532e-02
-1.285174799292141679e-01
-3.964572833548634101e-01
-3.904916935601764338e-01
-8.336574908314701160e-01
2.667188316395323056e-01
-9.741711868497721668e-05
-7.631176221162425666e-01
-7.907663064586117896e-01
-5.816837211643591798e-01
-6.248986949766951460e-01
-8.485070500635070179e-01
-9.231882695943939288e-01
-8.192502208349519144e-01
-1.205281853970274764e+00
-4.657616882686382298e-01
-7.846358247370470718e-01
-1.272302547991622790e-01
-1.049123155017141380e-02
-3.226143094670805289e-01
5.286283472937206018e-02
-5.680760762222744967e-03
-6.718393775050910399e-01
-2.260112024004421460e-01
-4.487384133411381759e-01
-1.227086807339236696e+00
-8.829737853639929579e-01
2.297880043222990387e-01
-6.811868589377428895e-01
-5.298853492851303415e-02
-7.170184038771755253e-01
-7.323383944874403140e-01
-7.310253767739506581e-02
3.183588914034393702e-01
-9.488709654519851266e-01
-1.054910878712980615e+00
-5.790919851723619338e-01
-4.097378007275866985e-01
1.174594053702784135e+00
1.777796351058472946e-01
-1.075011914430197724e+00
-5.808863785196111129e-01
-2.280196208797997601e-02
-1.342273240753373953e+00
-7.994133194993934266e-01
-1.011665204326677614e+00
1.259791722512983991e-01
-4.608340730185964129e-02
-3.654132158790824314e-01
-7.356590769019106801e-01
-4.919580709551730213e-01
-2.737790968888740295e-01
-7.475287458426763676e-01
5.878511838640852749e-02
-8.396653726173042287e-01
-9.833082940946674677e-01
-9.159668657054541308e-02
-1.241174191068701305e-01
-1.047296868221591293e+00
-8.166768277358529282e-01
-6.125602637101038583e-01
-4.637788296496933027e-01
-4.616939237722601612e-03
-6.155366340035357542e-01
-7.597475327311522530e-01
9.757720517132525417e-01
2.502978967038002080e-03
-4.727361655796825657e-01
-4.712529536503631822e-01
4.206648525665865335e-01
-9.449189971716022152e-01
-1.555037344615737838e-01
-5.543395492757089427e-01
-2.292183556682618126e-02
-2.478377650914401764e-01
-9.053635653919744897e-01
-7.200026699625471371e-01
-3.551320221804467603e-01
-1.170827981545363439e-01
1.827911061243489912e-02
-5.191678749424083472e-01
-8.662958244779136452e-01
7.142280222968045988e-01
-7.015030386296798870e-01
-5.895947003746550008e-01
-8.960114205677877086e-01
5.920436444862916536e-01
2.094942661504763659e-01
-7.590341560051236947e-01
-4.700756145612944858e-01
-1.740032786807257092e-01
-3.897250462768185320e-01
-8.108059743856416146e-02
-8.737953751354765597e-01
-7.489107357524808772e-02
-1.983724155857393562e-02
-7.152721265160630892e-01
-2.077237306207900536e-01
-9.196679021704078361e-01
-3.434485384901628247e-01
-3.740177850959758299e-01
-3.268987028464798716e-01
-1.333654452860259243e-01
-4.321183467712059745e-01
-2.513358982135682762e-01
-1.253762093967808022e+00
-3.404430798427590665e-01
3.209690351962222327e-02
-7.875650633380752996e-01
-3.857589434993204391e-01
-8.595624540237799538e-01
-9.838280741128443418e-01
-8.321419831179751592e-01
-2.975350242983041404e-01
-7.124356823816868634e-01
-1.266931904236235917e+00
-1.073449908115463369e+00
-5.098005370464377961e-01
9.195149984400672327e-01
-5.577195047078442602e-01
5.710642526047179368e-01
-5.943772866877737870e-01
6.974997971451281087e-01
-9.398276295503854572e-02
-4.725527819680941932e-01
-5.123007992528896271e-01
-9.520336106604277981e-01
-2.157853195518791845e-01
3.710630808905139855e-01
-7.278423282783083037e-01
-3.876820714689573899e-01
-8.800960836197678772e-01
4.675744217297138072e-01
2.053844971167612110e-01
-5.871254190846898480e-01
3.977490600439000379e-01
-9.711287666903569704e-01
-2.774088374921194200e-01
-2.351932446274429891e-02
-1.033953621008357748e+00
-2.962338559346612207e-02
-7.009584153460572953e-01
-2.917855313416645169e-01
1.344346270300200985e-01
-4.708302116188008979e-01
2.862319318027230913e-02
-9.132232625271298476e-02
-4.739456150392808986e-01
-4.716202794097651418e-02
-6.949005676239086160e-01
-6.188862865486918219e-01
1.010446737028022901e-01
2.529559010850891410e-01
-1.475999068527441838e-01
-2.215965697930206424e-01
1.412106187193352611e-02
-2.513223384996335352e-01
1.627545322758438065e-02
-3.279812418329166035e-01
-1.045557100326868438e+00
-4.961696556257986779e-01
-8.682147058204785495e-01
-1.796200939877325986e-01
-2.111827603050898394e-01
-6.728539867797266316e-01
-7.670793075297929198e-01
3.143618343669062898e-01
-5.897513500174903500e-01
-1.320884621331409159e+00
-4.007101402229624187e-01
-2.726287068722056950e-01
-7.240260632639101690e-01
-2.390436695273832068e-01
-3.479335777273113717e-01
-3.175782386018319303e-01
-3.002875372209370397e-01
-4.513113610877216852e-01
-3.061473848545924747e-01
-4.719528810567003574e-01
-3.753176174363484496e-01
-1.439573914301423896e+00
6.142628903493096981e-02
-5.508055459141077970e-01
-6.507684561899604869e-01
-2.736770515709002205e-01
-4.892629281757204240e-01
-9.116112748256280929e-01
-1.324445057993259116e-02
-5.165443679836267954e-01
-2.772623138425474032e-01
-1.259485925759386227e+00
8.916973025316184964e-01
-4.210022701499611941e-02
-7.598207424680146760e-01
-1.043882108081393811e+00
-8.166136325048193312e-01
-7.106077629842690868e-01
-4.277227998067772985e-02
-6.521247964807034281e-01
-1.091715175543460203e+00
-5.315930307011716982e-01
4.448563202040135001e-01
4.727089665445915329e-02
-6.227059192159887235e-01
-2.236124578555433728e-01
-4.931387325020832879e-01
-5.217962391746967521e-01
-5.846966149594069462e-01
4.088550267758529061e-02
-4.494337008023518432e-01
-1.034187496214440394e+00
-2.540317481350277129e-01
-4.458486755947960872e-02
-2.096045425584791289e-01
-6.654446753426502825e-01
-9.388511678392992277e-01
5.932492182958359894e-01
-8.548523697934511389e-01
-5.249816447946278331e-01
6.841598776558671657e-01
-1.059115879244944436e+00
-4.760571836150930269e-01
-2.348282945268545252e-01
7.185578206860149253e-01
-3.676065898819848299e-02
-7.884850869381613281e-01
-1.031547475450837137e+00
-4.715055573729587945e-01
-1.478706417852408417e-01
-7.454359593518240512e-01
-1.345178545367295753e+00
-1.998958895423388338e-01
-1.062353936706005753e+00
-1.670670096739315311e-02
-1.011297563981911507e+00
-1.261721579471248023e-01
-1.681692500068062146e-01
-3.224000040211660312e-01
4.217687588476207172e-01
-9.659600696222402361e-01
-5.127770169137199074e-01
6.678018716497555740e-01
-7.853952626929955327e-01
5.161015684121261771e-01
-3.336482212724036778e-01
-8.555824383369354802e-01
-1.941656431530547067e-01
-8.127348798789192363e-01
-3.993809051218300543e-01
-7.581628256525871912e-01
-9.512497630496326018e-01
-6.249237459115094540e-01
1.123279410819147284e+00
-1.324178520941532433e-01
-1.165577825247515742e+00
5.476765653936379596e-01
-7.878350509303663207e-01
-1.206156830312128170e+00
-2.080870625493644599e-01
-4.503337317589757860e-01
-4.332705633413553858e-01
-3.816492131668481891e-01
-6.785983808556268759e-02
-2.087782462913271297e-01
-1.351373584986670595e+00
-4.696834587972050779e-01
-6.756704521224569104e-01
-3.653293103804667874e-01
-1.212245468292983519e+00
-5.174220827032235404e-01
-3.213767434129930489e-01
-8.721055209694373866e-01
-1.011479730700390656e+00
-9.035833216897605213e-01
7.976735077338290014e-02
1.438753646819328214e-02
3.005127958128975818e-01
-5.066025973396348636e-01
-6.713604004461217745e-01
6.159823123443346482e-01
-5.995382779945479523e-01
-1.178403235568576957e+00
-5.516292011708868737e-01
-2.226361353892436779e-01
6.536977009273361450e-01
1.164008110164078263e-01
-6.126101283262275210e-01
-5.619645582749214358e-02
-4.491438886681953235e-01
-5.723887978092820905e-01
-6.191670229316810214e-01
-8.363384316177220335e-01
-7.269088501193072815e-01
-3.827070224368029905e-01
-2.521134685386438590e-01
7.909213181953514971e-01
-6.895902315077023781e-01
5.185335116189215832e-01
-4.680168354948664039e-02
-2.000948912372708388e-01
-3.259866518505291633e-01
7.036746296057618810e-01
-2.081712241081566106e-01
-6.061492206390931559e-01
2.840721915449845314e-01
3.105131434837672955e-01
1.315452178232935643e-01
-6.803731859455482978e-01
-3.202133279934071819e-01
-1.297910823558860116e+00
-2.483462322878267903e-01
-3.999632735510978421e-01
-4.240238595890832296e-01
-1.046164614586179709e-01
-1.063966276771445507e+00
2.523377768769186624e-01
-1.750874606810065570e-01
-8.102963699723289004e-01
-4.350288333299077159e-01
-3.396107621075810101e-01
-2.995005773361232304e-01
-2.282119992999191993e-01
1.065663583234490036e-01
2.242071178448899749e-02
-2.940227165617533278e-01
2.725324623473882046e-01
-4.125129629871779335e-02
2.317483797010276292e-01
-1.708957334203449084e-03
-7.066438205387312044e-01
-4.413259586542041535e-01
-1.855554935470815278e-02
-5.681333709117498687e-01
-5.483267657075577839e-01
-1.287223548450405097e+00
4.385329540754620559e-01
-7.028852312112683354e-01
-9.689533525111612144e-01
-6.330855523905287718e-01
4.539082988902725102e-01
-7.079474980430994213e-01
5.261180448679261268e-01
-1.130437644276982567e+00
-8.388988279943420112e-01
-1.622158714896603238e-01
-1.097031263256191380e+00
-5.210347405711631685e-01
-6.620210531256426334e-01
-7.411978401094251323e-01
-7.730422451999633404e-01
-6.503859214899951890e-01
7.739060784323480435e-01
-3.246104777279952835e-01
-1.754064445272293937e-01
-5.747558708428639473e-01
-6.650994981861854116e-01
1.158200801251949574e-01
-1.027573487039098010e+00
3.001813447604771701e-02
-4.559270334694405236e-01
-2.538981996851836231e-01
3.440734437897814413e-01
-6.572033568981162643e-01
-7.343461526144171581e-01
3.335645158046331993e-01
-1.242655850526774408e+00
-3.111239810982582843e-01
-5.963395230639613187e-01
-9.843453703523964426e-01
2.691101797982107247e-01
3.506804889846248385e-01
-1.211875893351824107e+00
-1.338113852804420113e-02
-7.665628461751284872e-01
-7.095963835491756466e-01
-2.282230798300462216e-02
-4.025999905138999413e-01
-1.173498899818089941e-01
1.081526286112703267e-01
-4.750313095202685632e-01
-3.726179680644420289e-01
-7.794197696418795340e-01
-3.386616983769096256e-01
-8.869496251431391309e-01
-3.784739668805238710e-01
-8.216926077967198760e-02
-8.314386580932878745e-01
-5.240087611163944947e-01
-3.148214137469915186e-01
-4.180162778617622643e-01
-6.694825997641466742e-02
-1.356134753857409336e+00
-3.796135090614364827e-01
2.484041217676466809e-02
-1.056284267351274231e+00
-2.989534470347259831e-01
-3.940148088391263181e-01
-8.822761923354173474e-02
-2.395559819148266323e-01
4.755167628018335257e-01
-5.492327512679388013e-01
3.046773574006953270e-02
-2.615353617053581270e-01
-5.710149410722833441e-01
-8.163340294840631950e-01
-6.178873450163258757e-02
-5.952161255436136944e-01
-4.392827814329153258e-01
-1.331662922450062014e+00
-5.918900028254175938e-01
3.033159668179768453e-01
-4.534799966657448445e-01
-1.558971531732792348e-01
4.172035744573071026e-01
-5.651137785079744791e-02
-8.436192645864091233e-01
-6.688124846152193603e-01
-6.153268810156659052e-01
-6.720082787821684001e-01
-2.936187386730924054e-01
7.913861532905588914e-02
3.948518396718291718e-03
-5.912218947522625001e-01
-5.181064480680122042e-01
6.750592852218628703e-01
-6.048073860102661792e-01
-5.985631039987442392e-01
3.148669639917688334e-01
-5.459226601707726223e-01
-4.926955197969234979e-01
-6.710741572780006825e-01
4.990136139695672823e-01
-2.410836418807561221e-01
-7.492301809982203631e-01
-1.953004875679306973e-01
-3.063836147030730706e-01
9.503790229303421544e-02
-1.108613483616760209e-01
4.716984772428314820e-02
-8.178106389153194655e-01
-2.185808160597488281e-01
1.028081294520132749e+00
4.420338173200194509e-02
-6.718996331652603571e-01
-1.809679307975823603e-01
-5.705370246546646040e-01
-3.045290780926376284e-01
-5.389207536646863916e-01
-9.736363673360733939e-01
-1.143448895343020411e+00
-2.614836476078515881e-01
-1.291457468917802220e+00
2.798844702368095128e-01
3.772214143178941326e-01
-2.896247443362235385e-01
-4.021836182361749890e-01
-1.606896487835664800e-01
8.734485605213707093e-02
-1.599064128418927963e-02
-6.417702068634554280e-01
5.788194107530695298e-01
1.469657703878818056e-01
-9.286378006507137739e-01
-9.484279215204662883e-01
-3.237294048518080669e-01
-2.677124805587273795e-02
-8.192465398459436443e-01
2.660549188208197191e-02
-1.103630522650227652e+00
-3.735952944156861744e-01
-4.750912757569963896e-01
-5.208517388709056339e-01
-1.075159106415397359e+00
-4.936299970853231245e-01
-2.519265843583997147e-02
-7.690576596606987225e-01
-1.304305482685257922e-01
-6.643289362292239542e-01
-6.937168283598126040e-02
4.105558185823360295e-01
-1.212580721823848101e-01
-8.581742407364464365e-01
-1.038907252017470473e+00
-1.474219911351654644e-01
-8.802310396792812908e-01
-4.218703822784815038e-01
-8.491848771716079547e-01
-6.245576807249405560e-01
-1.857422432696083925e-01
-5.932537638700906557e-01
2.746774064816561167e-01
-2.016616057220159755e-02
-8.347397936106466521e-01
-5.556197889879802565e-01
9.939279317520410828e-02
-1.022403818557070077e+00
-6.219593638256455392e-01
-5.004420454904139337e-01
-1.117279407659954371e+00
-9.002693929762692893e-01
4.184889549280506466e-02
-9.483665831295443605e-01
-4.150779294139918252e-02
-8.883107324000764915e-02
-3.018196177587082474e-01
-4.406494456219214317e-01
-4.273266681474948911e-03
-1.063317530836215941e+00
-2.077078442872975772e-01
-1.022686822898233983e+00
-2.421464782793555093e-01
-2.850988663054910069e-02
-4.551260832690301461e-01
-4.068685865550896175e-01
-9.850859009269150590e-01
-3.270685421852134178e-01
-1.261700025770000178e+00
-3.378312587180576365e-01
-1.452218829250504273e+00
-6.847307198230033753e-01
-1.390768124796601279e+00
2.558174143167643577e-01
4.415138827734086391e-01
-5.204329277660023623e-01
-6.043364124335657284e-01
-8.065582996044603492e-01
1.826176707857548598e-01
-3.959286765591965573e-01
6.515096838085254749e-01
-5.126522852971417965e-01
-3.672402978847759680e-01
-4.100802934439722325e-01
-1.078381857052296722e+00
-4.224572442073008527e-01
-1.673975490950448397e-01
8.945888289800719984e-02
-3.419747740353537568e-01
-1.089207761490779580e+00
-1.120942984330863812e-01
-6.615672075741183544e-01
-8.624178027408420100e-01
6.344994846193229010e-02
-9.352239440558514083e-01
-5.888562424965222419e-01
-4.435090477643038320e-01
-5.406235471426040773e-01
6.065861985997657024e-01
-1.269624173442029380e-01
-7.837830469074134054e-01
-5.435778671906070780e-01
1.104582762644686494e-01
-4.718029999608408520e-01
-2.657459771514155689e-01
-6.092468869416782784e-01
-3.833256410743434150e-01
-9.280485553522028752e-01
-3.627888789591443008e-01
-7.049545605063444187e-01
3.799254649724812666e-02
-1.874738715049737436e-01
4.487886770444551171e-02
-9.349199443870617188e-01
-3.761285858574441865e-01
-1.491036480431205402e-01
-8.412495424092676366e-01
-4.668000749373836800e-01
2.405539355402502300e-01
-2.213297808127947519e-01
-6.341009573510638653e-01
-6.682149584226984018e-01
-5.918223664028582354e-01
2.197466400157266908e-01
-6.839943315664026580e-01
-6.079009839264817305e-01
1.625464462767483298e-01
4.993884877133126787e-01
-1.258550686964381660e+00
-1.805611634598191517e-01
-8.874128678720908381e-01
-1.041979811636608355e+00
-2.686168616240545148e-01
2.258809659339344744e-01
-2.427082000088675307e-01
-4.164729577883508616e-01
-3.659239962428912363e-01
-2.596135512417782620e-01
-1.336886841886044008e+00
-3.223602621340319607e-01
-2.768152573039994735e-01
-4.158927999314798174e-01
-2.807901210565037498e-01
1.678012859564713410e-01
-4.158933633983909472e-01
4.909432876892408371e-01
-5.228019147875233585e-01
-4.644115626933774665e-01
-3.807264164369781878e-01
-5.875824108302416665e-02
-2.096040530786302813e-02
-5.852362123769275781e-01
9.902786899784102870e-01
-4.530147283206861775e-01
1.538732687156144363e-01
-7.551481972484238581e-01
-4.056971758944048490e-01
-8.256768170950513908e-02
1.423632886971453737e-01
-7.333976894303951832e-01
-6.397018066663168190e-01
3.912397114829597178e-01
-2.181723625975619252e-01
-5.186969254035025401e-01
-5.710150852208539796e-01
-9.059206139010644865e-01
-6.855285680126018688e-01
-6.495425080467503998e-01
-5.183736063146583417e-01
-4.547867359519960906e-02
4.223269252700032061e-01
6.103356728302421902e-02
nan
-1.102290452646336738e-01
1.287872645159898188e-01
6.637808185222415780e-01
-7.278688587622239581e-01
nan
3.052035498466968977e-01
-1.058006714636839929e+00
-1.150910621178689697e+00
-4.897314156056374324e-01
-7.851680949611168359e-01
-1.244027077265595693e+00
1.126040855782829975e-01
1.143127959727152781e-01
1.035195347504540786e+00
-8.267207725552528919e-01
8.462883482736333063e-02
-5.070942923826078363e-01
6.628740180879300059e-01
3.578464055581594971e-01
-4.556927512953573567e-01
-2.600172001400268829e-01
-1.019758592135735775e-01
2.605337110448854507e-02
-1.196139439190174958e+00
1.082551432608083841e+00
-4.841032669364988550e-01
-1.031282022550291444e+00
9.945570135244195809e-02
2.701031641883291749e-03
-7.909560053026636339e-01
-9.884938281835925489e-01
-9.249235396676042109e-02
-4.265028652302023660e-01
-1.253796437077409953e+00
1.179368274877728107e+00
-3.611841817318282161e-02
1.714843902420834787e-01
-9.739612817833953606e-01
-5.466831189996704810e-01
-3.319874490820748925e-01
-3.397882626696438479e-01
-8.111918485062705741e-01
4.165239973617360092e-02
-3.235475823819611851e-01
7.013579732095764907e-03
-1.043070175757911056e+00
4.344775419761639501e-01
-3.782988800428060960e-02
-1.225525969410604210e+00
-1.113277682429671511e+00
-7.640371093066781194e-01
1.698082357733666226e-01
-2.394552784801680656e-01
-5.187890647276360845e-01
-1.689960770831510084e-01
-3.673429820000664314e-01
5.348229688569892115e-01
-1.021255164219220912e+00
4.121036644655424741e-01
-6.181886993783509698e-01
-8.018503751527302770e-01
1.202364458834514371e+00
-9.818763068392232229e-01
-2.505731609020031003e-01
-1.084620166580837708e+00
2.178131412152607138e-01
1.310530209365489418e-01
-4.524583938004015371e-01
2.438838116058334171e-01
-5.708194823939689577e-01
-2.103230005327471341e-01
-4.136827117300393986e-01
-7.273301939107228442e-01
-5.341959564110831948e-01
-6.138522345606696184e-01
-9.656559521916577848e-01
-4.828618455489833150e-01
2.747506777779002429e-01
-1.565700863837572454e-01
-9.225248840495902103e-01
-1.187227840436579029e+00
-3.575505809327885198e-01
8.094587921738297109e-02
-7.930189018938451628e-01
1.047996489363754169e-01
-1.000274828282570333e-01
3.975653646748089076e-01
-4.192502407755653859e-01
-1.125605029435650550e+00
-5.001060790535500900e-01
-5.667948765977325332e-01
-4.306629915080272264e-01
3.003602801261423191e-02
-8.610348016593570852e-01
-1.222747440017345477e-01
-7.121318717235386453e-01
3.593671899440684658e-01
-6.918133052534120031e-01
-1.410390739931378368e-01
-5.415597774870714032e-01
5.827975405032733702e-01
-1.485851858532237779e-01
-1.566525538807608808e-01
-3.395004032881306366e-01
-5.189412728739107861e-01
-8.556209696498732198e-01
1.233419148815739497e-01
-1.343055423230520962e+00
-9.185772450201888928e-01
8.051910612262896949e-01
-9.587589536428029469e-01
8.475698057212256442e-01
-4.130358758227907490e-02
-1.767849643305229590e-01
-5.140069712008898950e-01
-2.306110609508993381e-01
2.325424394005647100e-03
-3.522081499844436081e-01
-5.377766746647196783e-01
nan
5.224129010490408120e-03
-3.628175790104436471e-01
-3.842621947088145640e-01
6.784522409863298631e-02
-1.049127386789113769e+00
2.894871304752493889e-03
4.261863701916311364e-01
-2.239267107142784569e-02
-7.668193487532591890e-01
-8.805090030782860566e-01
3.032570909968180239e-01
-2.498706189999115035e-01
3.891832331345736473e-01
2.157083366087809706e-01
5.714855500300997093e-01
-1.219173972705421605e+00
-1.041411834425812311e+00
-5.442453415640739756e-02
-1.297483900462169215e+00
1.160084468351603171e-01
-9.451023396476962990e-01
1.439411633650452549e+00
-4.959956660294990716e-01
-8.305098824428309712e-01
-8.090329960780444640e-01
-2.840346665517339830e-01
-8.505340889445131003e-01
-5.918360685108264851e-01
-6.264150930816227980e-01
-2.353023922426290271e-01
-3.171183656185251332e-01
1.613911739950021629e-01
-3.240197565288840953e-01
-1.822193719586285010e-01
-4.953410797336286198e-01
-1.127281051573058163e-01
-5.265146874589656800e-01
1.542144681811510876e-01
-4.420163565534241390e-01
-1.164639287611329843e+00
-3.722704660140089827e-01
1.383656642661761083e-01
2.782779819970530172e-02
5.202491901052730405e-01
2.738596579793107014e-02
-8.700500795920675101e-02
nan
4.566206415353276094e-01
5.833065129867653215e-02
-1.414095000655838152e+00
-5.968909002876067182e-01
-7.699666570808171295e-01
-5.693988581973563612e-01
-2.012057845538548218e-01
-3.825198961674377562e-01
-7.363769484309337088e-01
-4.737608741613604790e-01
-1.765936200712835968e-01
1.181418914768391087e-01
-3.421658403767366963e-01
-6.863842564105140376e-01
9.544027838774756800e-01
-9.841911375368966874e-01
1.397124086803441245e-01
-6.401486987076762114e-01
-2.900543630899080072e-01
-7.814797883138356882e-01
-9.346215157108411775e-01
-7.686554232547009313e-01
2.204590746389520628e-01
-6.539811561153230368e-02
-1.443146538591835726e-01
-2.016639536394301269e-01
2.778201708200838671e-01
-1.905993546409527062e-01
1.704932022890845444e-01
-1.308796153287080655e-01
4.054770261417962179e-02
-5.551296080376540987e-01
-5.395223757386226060e-01
-8.239504296146341611e-01
-2.926749035614938377e-01
-1.123350903023419889e+00
-8.642512046355423916e-01
-3.499460986286804798e-01
5.511982546386416937e-01
-9.493636586401388300e-01
-3.813037561716055290e-02
-1.010527686098100952e+00
-6.994410681947254016e-01
-4.161040596452645346e-01
1.758015854951618662e-01
-8.692515508240216127e-01
-1.131657622232250748e+00
-1.091570923025824813e+00
-4.723207930790455922e-02
1.140522335499718765e-01
-1.064819169379646713e+00
-9.911037240937069503e-01
-3.090925674358430131e-01
-8.420875305130967048e-01
8.194392454048220475e-01
-4.389107223830976401e-01
1.610113471254803974e+00
-8.251805765055256758e-01
-8.737338401447133363e-01
4.999621318435722994e-01
3.601275470995740635e-01
4.678064863346240165e-01
1.031094541351822214e+00
6.492469280692964029e-02
5.982504842926867905e-01
1.755183073211255829e-01
-2.400643476733504422e-01
-7.537441424438314774e-01
-7.670733996930111376e-01
-8.020022695046202799e-02
2.588935179492135585e-01
-7.214902703112870130e-02
1.573303050676634895e-01
-8.699922764415530807e-01
4.014223649739609989e-01
-4.402618110838046883e-01
-1.450366700333198589e+00
2.888310493276648461e-01
-3.804155133014446716e-02
-2.125152715409738269e-01
-4.978426499918265358e-01
-2.518451012937124034e-01
-3.247585312992829487e-01
-3.152295161109310295e-01
1.651817641543189830e-01
-5.486447795171068842e-01
-9.120797397285775876e-01
-2.333508152982441963e-01
-2.605957484929894430e-01
2.435334846423036770e-01
-1.247926123943424503e+00
5.405955174202657920e-01
1.390095478054958200e-01
-7.339255795821929551e-01
-5.161585415363655338e-01
9.578678189925294850e-01
-3.518914173654531519e-01
2.673036895912103347e-03
-9.024656634285652679e-01
-6.624754819630220837e-01
-6.770011677289652363e-01
2.680782450306548048e-01
-1.396072305848431727e-01
-8.743641391083726289e-01
-1.194976674962869856e+00
9.304822158941289389e-02
-2.793631574323130473e-01
-2.317345315957656804e-01
-1.013926404843177975e+00
-9.409355360197041440e-01
-2.533899164524026082e-01
-7.225710886736426142e-01
-1.065772904959069844e+00
-5.229562628387154355e-01
-4.485569492790852930e-01
-7.068052669619157014e-01
-1.981814677245403722e-01
-5.915668096363961848e-01
3.580150645735831194e-01
-1.576056485643758664e-01
-7.440558850176139938e-01
1.892705802197144904e-02
5.521318499732885687e-01
3.135644863351417788e-01
-5.767684860418672566e-01
-1.835281273956536896e-01
-2.156184327692363956e-01
-6.772232254198675694e-01
-1.047854660219438072e+00
-8.842878002207441579e-01
-9.420690331356569303e-01
-8.909788935237554774e-01
1.467451618589878382e-01
-8.834805221275207066e-01
-2.721985449397088530e-01
1.131461285316938570e+00
-3.795866669236152013e-01
-7.852670116087202556e-01
-7.485249251702840168e-01
-2.925126300958563741e-01
-1.317952723800665249e-01
-1.167324043213604279e+00
-1.004220251657754970e+00
-7.896151903871176936e-01
-8.086791399203511199e-01
-1.138229163581052639e-01
-5.321196245495912747e-01
-6.381304229116032678e-01
-1.397931359427099451e+00
-4.145777067955527806e-01
nan
9.164259206323450979e-02
-7.282728268045958187e-01
-4.512921944849605516e-01
-5.650356175277558846e-01
-1.968004828394983308e-01
-1.054948825078997787e+00
5.151173094556925625e-01
-3.435668446281610611e-01
2.331417279063466019e-01
-5.363095976548162280e-01
-7.855581871289019080e-01
2.694810282780355504e-01
8.666674673955168107e-01
-7.072232115488997772e-01
-3.425694115155724084e-01
-1.180476827231115466e+00
-6.255966354325742662e-01
-7.151348601155274043e-01
-1.083071315650912192e+00
