-4.786208540592534755e-01
-6.780801895319935046e-02
-1.847190412655886627e-01
-3.750786902593551408e-01
-7.781593885480659889e-01
-8.480699961807224296e-01
nan
4.972952778680375663e-02
nan
-1.190073787165240926e+00
-3.544740985113953857e-01
-1.631738709096151041e-01
-5.602393034760291129e-02
-1.036671155635663366e+00
-2.045725528785516389e-01
1.324866285202516147e-01
nan
nan
-9.418296277844053765e-01
nan
6.079401783370398382e-01
1.230379501505107914e-01
6.726643369838370967e-01
-1.071941024876298804e-01
-5.008107259685107282e-01
-4.929342921850281001e-01
-1.309754874830117766e+00
-6.460465274502746880e-01
-3.030219613825403495e-03
2.304015640154926103e-01
7.801459000985612180e-01
-6.503875452487392073e-01
nan
nan
3.529788855654477087e-01
-6.859968546112500398e-01
nan
-1.028086749017446344e+00
-5.647131432803981221e-01
-9.802721637315680026e-01
9.924819040394851077e-01
4.498246304885009095e-01
1.937798414332803087e-01
-3.526486315106655556e-01
-5.153662920212590537e-01
4.208195212639967431e-01
-1.656423996327394677e-01
-4.648721161925248313e-01
-2.538451117579689220e-01
-5.824810757480169965e-01
4.803085915987681531e-01
-1.181196610980464579e+00
5.430332200937006970e-01
-6.480087969731753716e-01
-6.652565130867182930e-01
-8.442592805767946684e-01
-4.356048327826507194e-01
-1.797419548269467982e-01
-8.042072501264869722e-01
2.274734776803569725e-01
-4.560591025415799415e-01
-3.187290581203802153e-01
-2.779880367445707878e-01
-2.909210145168794615e-01
5.339244131513245506e-01
-2.336032716884050842e-01
-3.242139749168933965e-02
nan
1.289620685447973591e-01
-8.968136455700345677e-02
nan
3.010284547227681240e-01
1.533467339678387387e-01
-6.801335808134441052e-01
-2.124563125713266332e-01
-7.000125922586679650e-01
2.254283126997786157e-01
-1.001443594164155515e+00
5.988211105528363776e-01
-9.805707347228451720e-01
-9.094781697666648457e-01
7.421866976398332483e-01
-2.374655458813164643e-01
-3.147948349967773507e-01
-2.596853000028029324e-01
-4.631354140064911085e-02
-5.095144158483661673e-02
-1.251218604305032844e+00
1.310370449272360571e-01
-1.196929435902344130e+00
nan
-7.639381072581041821e-01
-7.005418651882879821e-01
2.506900055908775071e-01
-2.910298318806340268e-01
5.408051475282145137e-01
-3.802416319408298551e-02
-1.273608429621885696e+00
1.218895039708366157e-01
nan
-4.732831891735106988e-01
nan
9.449662667445325737e-02
-2.402520506422158864e-01
-1.051067889801164723e+00
-8.137915484508005670e-02
4.879396107337792277e-01
-5.103938027459355986e-01
1.373773493240921240e-01
-5.547722237651810939e-01
nan
1.225148669275203162e+00
-2.453159775211279370e-01
-7.359242711844073137e-02
nan
-4.678051987799972111e-01
-2.917419460530615294e-01
-5.699985280327488635e-01
-2.467486596995124848e-01
5.069530539501272415e-01
-4.000058347494427902e-01
nan
-7.317561998677065693e-01
-1.338170697353907868e-01
-3.450098839213316393e-01
-3.423595155546129698e-01
nan
-1.140862643638397844e-01
-9.710403874772516319e-01
-5.923805187204225081e-02
-2.991448844568078691e-01
nan
-1.193184861376526684e-01
-2.686904654969923811e-01
1.306325857084885411e-01
-1.071243940162813102e+00
-4.560771219824982237e-01
-1.130321160821792015e+00
-1.128855328913816569e+00
-2.358071538452730376e-01
-1.235486236272016924e+00
2.612617775261376687e-02
1.221820984830810919e-01
-5.812832879956071341e-01
-7.496228347133884196e-01
-9.125229681549666960e-01
-2.842094619871162742e-01
-1.128054411723684591e+00
-3.095106542883322431e-01
-1.207700345883569337e+00
nan
4.703879379338657962e-01
-1.142641637093796181e+00
4.837383340708617530e-01
-1.133060169248608640e+00
-2.637960369395263988e-02
3.026297074313302055e-02
-4.243997217025312074e-01
-7.454786564396269632e-01
4.575436331410104307e-01
-1.157981444722308052e-02
-5.731896441838507661e-01
-1.000764586686913926e+00
-6.057433181975137026e-01
7.922973301041191796e-02
nan
-5.358057675182588131e-01
-1.220453732480270004e+00
-6.782157374992994758e-02
-3.761146791498565234e-01
1.965680323073244473e-01
9.807554407772274274e-01
-6.997897576206133508e-01
nan
-4.205031227149505502e-02
4.868321239723008009e-01
-2.792642487969259069e-01
-8.171742022973976782e-01
-4.767558976863593700e-02
-3.145826245851713887e-01
-7.165472563889234425e-02
-3.984567918600280811e-01
-5.505158959343796621e-01
-1.305118024175866698e-01
9.072516636454452943e-01
-2.090264352870444542e-01
3.580827882756214553e-01
-9.936238222991367053e-02
-9.243737503377690290e-01
nan
-6.798865735626725970e-02
1.110440347324787247e+00
-1.377279138794562874e+00
1.483981044476780781e-02
-1.199111011364746293e+00
-9.524402736528811975e-01
5.032199526260639454e-03
nan
-3.907276942392498009e-01
-5.020651446492579995e-01
-6.004222436056378953e-01
-5.541376896710167310e-01
5.878384970202169685e-02
nan
-1.212355133960527631e+00
nan
3.379150934484642915e-04
-5.182638642667499740e-01
4.757155379774289372e-01
-1.040687947860434504e+00
-5.556958334497462404e-02
nan
-4.460597464388719180e-01
-3.473933027383845906e-01
nan
1.095774479164372400e-01
-4.490480700716090179e-01
1.090595908980144024e+00
-6.710348572562495617e-01
-3.114031187461253208e-02
-9.368206421339280165e-01
-7.172968468934989295e-01
nan
-3.517227373612834551e-01
-3.108721716648891742e-01
-1.078911374906462439e-01
8.185093867501205267e-01
-6.162235267420901330e-01
7.247334726324448084e-01
-1.226365993084093553e+00
-1.122211824536766045e+00
-2.373101945691742931e-01
-9.875046905701463373e-01
-4.579368846683019578e-01
-3.238530750531369851e-01
-4.391860035711503407e-01
5.963980807134395407e-02
-1.717755614853984925e-01
-1.035115167398020564e+00
-3.339928088533288819e-01
-9.068100532730485885e-02
-2.636797998784590202e-01
-2.978516158372238043e-01
2.753099104424052146e-01
nan
-6.708543327052565175e-01
-7.467531771038907751e-01
3.940683961705440663e-01
-5.981749546253793959e-01
-1.002365899398597548e+00
6.654270839188055620e-01
-4.862381361853592154e-01
3.242072128234353978e-01
5.882763946948557088e-01
-3.782687118168611140e-01
nan
-9.103469095656003818e-01
1.762351670758906808e-01
-4.085409319856582733e-01
-3.609049745058793834e-01
7.176467613578755289e-01
nan
6.189455139447380683e-01
9.305453702695921647e-01
-3.436936420418764682e-01
2.795186376571339726e-01
-6.713371821300242459e-01
4.809385350818149996e-01
-9.800867691156315287e-01
6.395910572833487517e-01
nan
2.522698487599002101e-02
3.336462672388779138e-01
6.126229910057170436e-01
nan
-5.324317883099599635e-01
-1.930948545781892012e-01
1.098445012951528715e-02
2.735707858371033141e-01
-6.589613816952475389e-01
-4.798702001429657749e-01
-7.421499723792100989e-01
-6.612478442221844666e-02
-2.949788517141259669e-01
-9.472678162306874539e-01
1.435535260372170219e-01
-8.566453287556690110e-01
7.958931219274038016e-01
-5.826417069452221043e-01
-6.238773582318671851e-01
-1.293007545723890539e+00
7.684069462179972387e-02
-8.504385850438648253e-01
-4.693323944476426313e-01
-5.451975142629599258e-01
-5.803517840696363617e-02
-5.702385272464629562e-01
-2.752042246929923761e-02
3.461739730149024363e-01
nan
-3.752164162005700021e-01
1.291144725407124660e+00
5.389789370555789771e-01
-3.575679143847756425e-01
-3.171327504261999275e-01
7.074132823830947547e-02
nan
nan
-8.423517733348065417e-02
-1.032391428378179210e+00
-6.549325382404567186e-01
1.511066182130435531e-02
-6.177286207111550853e-01
-6.446876289259763082e-01
-1.270396623389943580e-01
-2.175312499649658948e-01
nan
-1.215248450000464997e+00
-2.425960168543022655e-01
1.113139023711720021e-01
7.165885079970618632e-01
-2.767069813226566422e-01
-8.128678411674256088e-01
-1.187226743727085587e+00
9.485871237712317772e-02
-2.529030727619888466e-02
-1.395722030662893409e-01
-4.377987308437655822e-01
-7.960797792616555180e-01
-1.210638758442060370e+00
-1.851222988485604071e-01
-5.027004438488499316e-01
-3.195888005488996542e-01
nan
-1.188935543672593464e+00
1.336026636012528579e+00
-1.306739116201120599e+00
-5.698059966085057271e-01
-9.093018879122027887e-01
5.181624225055666937e-03
-9.252994790533713987e-01
nan
-9.848007086316300229e-02
4.597512416293452198e-01
7.615130895025501445e-01
-7.179521566706634772e-01
3.808421243003962120e-01
6.801767282231514500e-01
-1.045226051613250551e+00
-1.071312266043668471e+00
-1.589569333083045155e-01
5.397987844902724097e-01
-4.001058537321974806e-01
nan
-7.505605326659291199e-02
-2.661674412552083591e-01
8.527761188758301580e-01
1.123452089896804118e+00
-3.644711096477059598e-01
-7.452610990601660212e-01
-1.277330337130682669e-01
4.189220222239610769e-01
7.285708358230492676e-01
-1.454066764133380152e-01
-8.187302941109089183e-01
-1.386930363855977566e+00
nan
-2.131091389651127918e-02
1.009343192988050530e+00
-1.191968927169643422e+00
-8.168036631050239471e-01
nan
5.440560327081339978e-03
-1.003530258428070310e+00
-3.782950570784712196e-01
-1.262604394887331782e+00
-1.162970051334961230e+00
6.331682831640427223e-01
-3.607143150537950316e-01
3.104229119489525512e-01
-4.859922624096746357e-01
nan
3.087218637093721574e-01
-5.218252712859290376e-01
-7.264800285159490612e-01
-1.208302138119208280e+00
-8.388784741548647172e-01
-8.576306797781788616e-01
-8.983325664788813780e-01
1.094563211148015872e-02
-6.508885561164027278e-01
-8.598401072817394297e-01
-9.831931862494585062e-01
-5.964873302750772766e-01
-7.526024862503088997e-01
3.533825354199956470e-01
-4.579036238715542551e-01
2.626830109598780050e-01
nan
-6.973640036414354704e-01
5.492175419713728468e-01
-5.622259330475742889e-01
-7.006868374981082281e-01
1.330277451309054060e+00
-1.237774307418831432e+00
-1.112793562347715731e-02
-4.856320026231680242e-01
2.359709509728841748e-01
nan
-9.093911302495092386e-01
-6.469741053553373922e-01
8.087983452881988278e-01
-8.370986361844023893e-01
2.949918877251802019e-01
-9.979471180581541701e-01
-9.006496729244216626e-01
4.213459524939654477e-01
8.602125265137863241e-01
-4.126790045545874475e-01
-1.955399612440182622e-02
2.957522343377996243e-01
-2.838993434456665299e-01
-2.113194541630161183e-01
1.500443242286379764e-01
-5.081651637732010895e-01
nan
nan
-8.827844669139010836e-02
-3.092971742885962660e-01
-1.184119427564272131e+00
2.946865344231569539e-01
-1.839246981965720618e-01
6.801453180795364872e-01
-8.399495215685170990e-01
-3.411524125136581875e-01
8.125657361843961757e-02
-1.075617458199615628e+00
4.585269928749053370e-01
-3.567993509264655999e-02
2.976943278343014421e-01
1.060951066863635578e-01
-1.789898165374205208e-01
5.619874783984722955e-01
9.456691236108408782e-01
-8.727809106443129572e-01
nan
-9.576963545691657975e-01
-1.188558652838507534e-01
-7.533248857146657151e-01
-3.341112992123795866e-01
-2.280374463866597645e-01
1.479353343831152010e-02
nan
nan
-3.991631948237071570e-01
4.501655335677961500e-01
-7.039528706693487514e-02
-6.987559162543789393e-01
-4.767066248829725517e-01
nan
-5.006530860818598772e-01
-7.740443623727372158e-01
-1.201777293462109375e+00
1.437245727981921462e-01
4.793415753293472914e-01
4.553894555393616095e-01
-1.321446056204751196e+00
-5.874045973433116297e-01
-1.253820989523090512e+00
-7.944506342398524046e-01
4.180315118453504231e-01
nan
nan
9.437261201631245155e-01
2.316409136359237342e-01
-2.963311560271811307e-01
3.500715512592924017e-01
4.655405235846158535e-02
-2.421264433045073328e-01
nan
-1.060662096942224464e+00
5.424534923146973053e-01
9.441260117270977581e-01
-4.277382027898141703e-01
4.976671468551778499e-02
nan
9.986080493378561573e-02
4.708484541502527820e-01
-1.109605122435781688e+00
1.902073275267038011e-01
-1.083127169363046649e+00
-2.567732245079586417e-01
-3.915194115477492187e-01
2.647311298067971941e-01
9.513541427784510951e-01
-2.883761034202600437e-01
-5.212090028001371556e-01
-1.048180982603047262e+00
nan
-2.791039250157795887e-02
-1.606447535281138872e-01
-3.359327278870664207e-02
-1.236305128384134644e+00
1.035546144943199354e-01
3.644545008518580986e-01
1.014643237775414153e-01
-5.380235311686383248e-01
4.787221803826310906e-01
nan
1.426809983390856795e-01
-2.929846505184165867e-02
7.869341598817924943e-02
-1.113749251357104120e+00
-4.989374880743051022e-01
-5.713530233860818486e-01
4.462822693876852820e-01
3.232225975396538220e-01
-7.389264444924815711e-01
3.504079519103907026e-01
-2.818651864080106706e-01
2.480030181145833623e-01
nan
nan
1.312927264088275647e+00
-1.409937973799699540e+00
-5.893060465706690537e-02
1.011863455937896283e+00
-7.992551388607079810e-01
-2.280167071156800063e-01
9.994979270249229608e-02
-5.318388640461177985e-01
5.190601163026977716e-01
nan
-4.115204759488602093e-01
6.632784232577961792e-01
-2.840703099418511735e-01
6.391306410147874761e-02
-4.202020560000699900e-01
-9.284584994212508047e-01
1.047611296801323588e+00
5.901615554122548873e-02
2.187622371077332373e-01
5.376386412821591160e-02
-3.142483232148787220e-01
nan
-1.396023427511866810e+00
4.249986641215880434e-01
nan
-1.532070823516271663e-01
-2.596369109460524016e-01
-9.339017940374987059e-02
9.903101099648781158e-01
9.095378475236866045e-01
-6.835970440398161374e-01
-6.584817903176233556e-02
-4.542122696739387955e-01
-1.241709257699410651e+00
-6.332958668872880337e-02
-3.217013937174651450e-01
-1.038972187225253530e+00
8.364436433857616038e-01
-3.595886082815696327e-01
-7.030815735829460955e-01
nan
5.176719101730560546e-02
-6.306197369371147055e-01
-9.522855916211713234e-01
2.726296392355235243e-01
nan
8.076276939318320636e-02
3.550842685951925981e-01
2.194496774804000627e-01
-4.417365581613116321e-01
-9.063390082054114671e-01
nan
-1.120091650594401855e+00
-4.843114076845645433e-01
-8.853943655079510311e-01
1.021390599650768838e+00
-1.505674505604792379e-01
nan
-9.017231179796745266e-01
-6.522166459634450852e-01
-1.188683305912877186e+00
-2.793846647824606011e-01
-2.971153084687602752e-01
nan
4.653284362322333556e-01
nan
-1.128103592156985302e+00
nan
-1.361362163715107210e+00
-8.078168136622058126e-01
-1.111616824532583037e+00
nan
-3.398390562851265062e-01
3.702200084095961241e-01
-8.501550341888994278e-02
3.887455732818969056e-01
-1.265663296434766050e+00
5.034878827977272708e-01
nan
9.294651460674890897e-02
-2.908316015121153453e-01
-2.840620310138153859e-01
-1.943067610181253568e-01
-5.063899223752955647e-01
2.570014226932025303e-01
1.188812268287238849e+00
-1.865252460266934031e-01
-9.681263293848253459e-01
-1.843274511719899256e-01
-7.971160513134520897e-01
-1.048291769654526195e+00
5.246008403132150777e-01
nan
-9.708468395708254040e-01
-5.606971662620402475e-01
-8.790873599929810434e-01
-2.580957268339719723e-01
-3.446290905194978049e-01
-1.449087814363356763e-01
-2.202479833060715930e-01
-8.301989223135518570e-01
1.145130732998257850e+00
nan
-9.759540903231841980e-02
-3.804470351194936262e-01
-2.487366079481337089e-01
9.482831182963793459e-01
-1.150839689479508654e-01
-9.032911892858414005e-01
1.444105928812782491e-01
-8.662147374542835676e-01
2.422757106421814799e-01
-9.345305666658225707e-01
-2.784225367007011065e-01
9.508671125495136989e-02
1.191445396788860300e+00
-7.926389614056831290e-01
-1.777035696876921866e-01
-1.156256945936553038e+00
9.240183162033806241e-02
-1.067352287842559866e+00
-4.566016663541234699e-01
-4.474009991066139613e-01
-7.892886830333537551e-01
-4.560530205465795350e-01
-5.219411406877864090e-01
-8.160866010272750382e-01
-1.020386537682074213e+00
5.071250904461208076e-02
-1.048284005602277968e+00
-6.562408011753312342e-01
8.301641080243209224e-04
-1.250814719960051669e+00
-7.982225144980723552e-01
8.096137312196125535e-01
-2.342793526301363005e-01
-7.911684855475540346e-01
-1.516748913817371758e-01
-7.993768204802246258e-01
5.403090573687763243e-01
-1.088478960223625114e+00
-1.031909951155514094e+00
1.190987137090072506e-01
-1.317020606557297135e+00
-4.673012668654214496e-01
2.791186909337637356e-01
6.794086689350878894e-01
5.462619050508644714e-01
-8.497797284207925239e-01
-7.071634217750299989e-01
-8.812057606492333939e-01
nan
-1.807313381226927917e-01
-8.504111746870847421e-02
-2.782472606022273198e-01
-1.131262466161344848e+00
-3.176792753077004039e-01
-5.140515109431950114e-01
-3.525964959376000074e-01
7.113406524511134421e-02
-1.024127150888691551e+00
1.053860682632046908e+00
1.735595207446657129e-01
-8.362790418562968675e-01
-9.116161706932406350e-01
4.008870949004186834e-01
-9.361560557695184359e-01
-2.593696504619332766e-01
-8.737366329828617426e-03
-5.394347733975584092e-01
1.024771099457919554e-01
-8.426945501578938513e-01
-1.026134615337355394e+00
-7.671603256852227437e-01
-1.622455078608892043e-01
-9.504183505089150996e-01
-1.393617618434538796e+00
-1.640135872499250969e-01
-1.165135525435230246e+00
-1.066351455398826031e+00
-8.894472130002424315e-01
-4.304961964688555076e-01
-9.724661485320059695e-01
8.027494317327830975e-02
-4.238880053472278246e-03
-1.856454146615091338e-01
7.020546333503636938e-02
-3.435658932998649218e-01
1.381150947308661461e-03
-5.948134417200410251e-01
-9.834799058733221244e-01
-4.811412854557961527e-01
-1.217725660417174449e+00
-1.009894097709597149e+00
3.591465058665502808e-01
7.588434034989314236e-01
-8.740497278319140362e-01
-2.658825751029389450e-01
-4.828977380887753412e-01
-7.669958965104703985e-01
2.616915770567134758e-01
-7.836846320499936125e-01
1.461620953118140942e-02
-4.124186461080303623e-01
8.413087832819321488e-02
-3.414499655214273122e-01
-5.169583813484570634e-01
-1.614904988369158800e-01
-2.411907132700975842e-01
-3.204386110405118560e-01
-4.633999268987068487e-01
-7.198021610965716910e-01
-3.513627699570535112e-01
-2.380886078195294520e-01
4.253760279074635386e-01
-7.200471413438731538e-01
3.830168202618214890e-01
-9.150215538071688748e-01
-4.230556890720259533e-01
-4.134743577869598452e-01
6.013120414113558576e-01
3.076378123487981675e-01
-1.451832761136538030e+00
-8.430002997459585812e-01
1.307751532798217264e-01
1.691466947709986679e-02
-1.011670828065737382e+00
-8.895159320628974464e-02
-3.810429879130445285e-01
-6.446462806747687013e-01
-1.862828777585667783e-01
-3.980498707095427302e-01
-2.151027732169308315e-01
-4.741315417087819117e-01
-4.473477312545642848e-01
3.315667764862857414e-01
-2.509297698616407279e-01
-2.348119363319620678e-01
-7.095392225415750875e-01
-9.384314388379733085e-01
-3.133670259848799211e-01
-7.259481683455419887e-01
-7.106012802639173342e-01
4.508278288496787578e-01
-1.935451072154961705e-01
2.663923428209677771e-02
-5.026700852574119693e-01
-5.091691935578390726e-02
-1.049258607934112852e+00
-4.655268734302247524e-01
-6.090523841153846485e-01
-9.271145257776192139e-01
-5.711233994588869045e-01
3.666071981312471473e-01
-6.035150847007481056e-01
-5.535689753523169720e-01
-3.290082805156729906e-01
-8.099964586836684299e-01
-2.363782430272451385e-01
-1.683910251599595453e-01
5.174551295577622945e-01
-1.379547065982313026e+00
6.686762670022259325e-01
-9.491836103203700192e-01
-1.018290571718741155e+00
-1.534960087958723574e-01
-4.193981669840890492e-02
-2.443283684294786651e-01
-1.468981908273448156e-01
1.359455260808852262e-01
-5.226384377118759028e-01
-1.189081417643010757e-01
5.552860458347677053e-01
-6.126783182918467130e-01
7.477946286506420570e-01
-2.925821553386481755e-01
1.598965622562029953e-01
5.688604774641542461e-02
-7.475541279001638451e-01
-1.044951680572772323e+00
-4.917276122810486094e-01
-4.369390700747757816e-01
-1.945557871193384636e-01
-1.130190910302399515e-01
-2.315994978332045762e-01
-5.675836525501400942e-01
-1.794340277812822571e-01
9.215465150746861012e-01
-6.295597763720806039e-02
-2.144454821167724456e-01
-7.578646376665991724e-01
-9.232074535377405855e-01
-1.026550083903511323e-01
-7.101128936418477089e-01
-5.407585809248960373e-01
-9.182364764988795169e-01
-5.586433682570900172e-02
-2.010951467092882416e-01
-4.753171463104436945e-01
-5.545339221589933310e-01
-2.308392293447841248e-01
-3.716358342417122596e-01
-4.631617052293359182e-01
-2.333271218894408527e-01
-4.380907095006499885e-01
4.436814434117797301e-02
-4.371950298879608288e-01
-1.992480236870179111e-01
-6.902570586351628457e-01
1.901528157080090153e-01
-4.395159443528272591e-01
-4.516316125321830355e-01
-6.135571355107805047e-01
-4.840105575797966631e-01
-4.079404051721682856e-01
4.684159057414700178e-01
-5.622641648762749522e-01
-1.143322175903720428e+00
-7.191386074691313857e-01
-1.844944947443975802e-01
3.863802975290500097e-01
-4.071768104260198307e-01
-6.810446005328512076e-01
-6.200217586431396866e-01
-1.619861941150734508e-01
4.858984885273050502e-01
4.258648986238848799e-01
4.790084987764094415e-01
-7.298252903677616109e-03
-3.049524866353562902e-01
-5.646372097308400839e-01
-2.176258123645302411e-01
-6.619396894428966061e-01
-5.099154291519318594e-02
-4.959796072103101472e-01
-1.394839401765317066e-01
1.937892325629612944e-01
7.909820875396673667e-01
4.907321104078839896e-02
-6.102423585221785629e-01
-1.106005639598699464e-01
2.689701981463101799e-01
-1.263239860685813509e+00
-3.594246912416868556e-01
1.358116256204302263e-01
-4.565427641095355926e-01
-4.829713974138219457e-01
-4.223763825907339009e-01
1.545088623866560651e-01
-7.896355226145096440e-01
-8.918638156102227932e-02
-2.224786900585684901e-01
4.015434785637173043e-01
-8.837605486407380528e-01
2.066996293745149704e-01
-3.739484987752795253e-01
4.281571442217109724e-01
-9.614975867362060558e-02
1.172387306076185659e-01
5.567023262154153773e-01
-2.400328847742796701e-01
-6.956947502708311637e-01
-8.723907168880998819e-01
-1.223392170945145491e-01
-3.295396937833989237e-01
1.470018516109166395e-01
-7.182738924075467990e-01
-8.011120338010756514e-01
1.520848253661988836e-01
-7.968990187659962254e-01
1.459379618781727062e-01
-2.332319350196828400e-01
-6.390023731836863563e-01
-2.995422861091497913e-01
-2.673660815868036389e-01
1.308905657872092843e-01
5.563639505885768083e-02
-1.197632437748921003e-01
-9.136130579734672574e-01
-6.600757536510009071e-01
6.366085968228789582e-01
-9.320434517033421296e-01
3.871069703394718342e-01
-5.221083979609508763e-01
3.988821780255760729e-02
5.959305619541684917e-01
-4.844806573185735932e-01
-8.162628802647370341e-01
-1.538160383823823363e-01
-6.000430606718852866e-01
-1.464002633739328152e+00
-1.847739620274462813e-01
-7.225313118977274573e-01
-3.001951136267849707e-01
-8.127075094295105329e-01
-2.941330863893127923e-01
-7.311169376433405143e-01
-1.102979908011879395e+00
-5.784213740435244500e-01
-2.843045653944802353e-01
2.839458766739752504e-01
-5.321984147361668027e-01
1.355830730104221060e-01
-8.244419004126553041e-01
-2.647037235235110697e-01
1.065680858978930862e-01
-3.900826546851170473e-01
-8.471072507331718349e-01
-4.431943778400226908e-01
-5.009464690663836262e-01
3.836745881097696764e-01
-3.035880887960125674e-01
-1.484333830193153014e-01
-3.797804509343762902e-01
-8.981150859800459685e-01
-2.780957376095872791e-01
-1.603586474289622754e-02
5.154612905940652440e-02
-1.246043066420253059e-01
-2.545989981461689311e-01
-8.906814568208757388e-01
-7.095039814946986212e-01
6.501475902611257851e-01
-3.007607512510319658e-01
1.432889443068541546e-01
-3.035271421175864126e-01
2.902793224100031280e-02
8.837939730318802312e-01
2.390878599550351480e-01
-6.068521054077326976e-02
-4.938803822863696014e-01
-8.968675859209466195e-01
-1.968183298522202529e-01
-1.065527168163299621e+00
-4.767162343390837220e-01
3.542446118107923092e-01
6.497334819929375671e-01
-2.569722432138674684e-01
-1.078249578851407486e+00
1.161755476407550771e-03
-4.918960108719608315e-01
-6.530599452388093917e-01
6.250044218853306743e-02
-2.404874207199948488e-01
-8.383522691292156770e-01
-5.472442027295035816e-01
1.501760835765997837e-01
2.250445264415027180e-01
-1.310837304695213965e-02
-4.513844047345922372e-01
-4.366443394143476597e-02
1.500468186289847551e-02
-7.788597493461402177e-01
3.913176659428680981e-01
3.301515879311016366e-02
-2.226723921167977072e-01
8.199029298659277903e-03
3.137381446455869694e-01
-2.304029849289321655e-02
3.207734574089570190e-01
-1.961790723659920799e-01
-9.133150200876127833e-01
-6.935836373516076625e-01
-4.053487951496752562e-01
1.496032104009149301e-02
-1.028825735322679513e+00
-7.702912155081964585e-01
-7.472948117909181676e-01
1.284604293484101212e-01
-6.500727168647829624e-01
-2.687337178635129664e-01
2.895487470304743960e-01
-2.892552247337001337e-01
1.621782614520233812e-01
3.479536996114568903e-01
-1.910244843879489729e-02
6.702797956980843797e-01
-2.809189323214030809e-01
-3.656908938390926456e-01
-3.042511994924254060e-01
-3.747040030635708785e-01
-5.041344128237659206e-01
-4.495405812151707647e-01
1.128988670351792692e-02
5.071652248630854620e-01
-3.077276995561976647e-01
-4.893933602252639736e-01
-4.694312829839371037e-01
1.911229524258624413e-02
-4.392571561288888815e-01
2.342673657275227417e-01
4.786253732086108437e-02
2.279289309788350704e-01
-1.218997212151305076e+00
-1.268070647445815602e-01
-2.638302955718491716e-01
-2.878596643911250363e-01
-7.588158290472970524e-01
-7.293361284160997382e-01
-3.635967885404046453e-03
-3.688806223112912203e-02
-1.235988718586943230e-01
-5.423001677532085507e-01
-3.037823877261354166e-01
-6.097532323558255696e-01
-6.226957141539024576e-01
-5.738006207978595397e-01
-1.350530213724297768e-01
2.695829955647767728e-01
-4.886016178361658469e-01
-5.263718521675242457e-01
-5.610831025539311095e-02
-4.669681871498747583e-01
-6.117271301557240110e-02
-1.921020979532078732e-01
4.024665421815884492e-02
-9.641829212689263517e-01
-1.705563149190816863e-01
-4.700712731253969823e-01
2.772512048074383673e-01
-6.171903782953271911e-01
-2.618683303540144114e-01
-1.867025400219960996e-01
-5.494228825674284389e-01
7.865233942851646010e-01
-1.946393184134587173e-01
-2.614653302787068867e-01
-3.822794402318980267e-01
-4.940601464746139926e-01
-3.169027296182705400e-01
-7.031595385470313930e-01
-3.109184221178422081e-01
-7.553828866947851495e-01
-2.598278155972746570e-02
-8.556786096751086701e-01
-4.732605708596678007e-02
-6.578360206235116525e-01
-4.175715257601287367e-01
5.874983928813698464e-01
-3.786759533004048217e-01
3.967047225215580841e-01
-5.458849852319266338e-01
-7.931821943974229350e-02
-5.212437280876227597e-01
9.110849313154112394e-01
-6.791888799795915699e-02
-2.842636457352712420e-01
-1.851619356947585560e-01
-2.024090989095848059e-01
-1.277619109161542699e-01
-6.159399889562227060e-01
-8.969501086148591595e-02
-8.739963166565137831e-01
-3.171817372652347422e-01
-5.896356322806267647e-01
3.235579382683778649e-01
-2.449725608808146771e-01
4.526899364666401304e-01
-1.686493505695204342e-01
-1.032682253945577777e+00
-2.416475631761963727e-01
8.040963443034848668e-01
-4.461146883543952724e-01
2.327454886109913967e-01
-3.586428755731890794e-01
-1.275730213961891457e-01
-1.542970954296828678e-01
-6.943606708491559809e-01
7.153716328337881292e-01
3.036654772824687321e-01
-1.033311573572240460e+00
3.628508946333612317e-01
2.535481166561390221e-01
-1.189505396244849855e+00
-7.155910673718252069e-01
-7.372250019613244554e-01
-1.536870448101056719e-01
4.765954225264279476e-02
-5.893778403553815437e-01
-9.666525143180279001e-01
-3.521657215441095223e-01
-7.777775364414519776e-01
-2.909345043677358800e-01
-3.014934773192255446e-01
-6.171615966228884975e-01
-3.985266472209095245e-01
-7.805557872735550129e-01
-5.801432877228843710e-01
-9.345510028692501914e-01
-9.956458559263114960e-01
-1.552515993076159506e-01
-4.507584150870526662e-01
-5.633192208853606830e-01
4.699315433494439254e-01
-4.302626897271948359e-01
-5.449693368863093301e-01
-4.072254083580721384e-01
5.887825966279399692e-01
-4.730675221634525474e-01
-4.398357456707880919e-01
1.180217972935765913e-01
4.700963672781134917e-01
-2.681603772566567012e-01
-4.866353535007191811e-01
-1.021185625320524926e+00
-3.573399880368517412e-01
1.395791446430366123e-01
-2.175213907227276922e-01
-5.851987033738588195e-01
-9.444273193480224871e-01
-7.511956370093607616e-01
-8.013991113312070036e-01
-4.259854146456225621e-01
-4.781680544097787755e-01
-1.181651037325021525e+00
3.160756655323994635e-01
-4.776201818802758292e-01
6.150277374305666324e-03
-7.264630901190547441e-01
-4.998265990832292394e-01
-1.069093870249413269e+00
-1.740238923409891669e-01
5.824404829899355873e-02
-1.005925784735581585e+00
-1.156055087042284768e+00
3.180126773866678858e-01
8.818448924497790387e-02
-6.562995059986074242e-01
5.846152892895662978e-01
6.091079122197298051e-02
-1.917489979593352822e-01
-7.940737987637611628e-01
-2.138088637652376944e-01
-3.008723325294437312e-01
-3.165310245080206752e-01
2.936238739227037819e-01
1.100453489450675254e-01
-1.920461437238169256e-01
-4.883888244575098625e-01
-1.000323737407964986e+00
-3.022851180868788012e-01
-7.266993691220262619e-01
-7.431032793152932969e-01
-1.167398817332659711e+00
-8.826801322787942994e-02
-3.834382915211132503e-01
-4.105667689892993077e-02
-5.914447850210546864e-01
3.318674277426684194e-01
4.010437754890669448e-02
-1.613027442152717428e-02
-3.031779288248829252e-01
-4.263319670926588589e-01
5.076286988716758319e-01
9.822526947542827014e-02
3.035452486796049176e-01
1.627078082372267753e-01
-7.542906961273324606e-01
-6.713806924632231832e-01
-1.152545300820369434e+00
-8.167675610445887524e-02
-3.948109134610211512e-01
-5.402375361997958647e-01
5.115905689911279808e-01
-9.327884837786276639e-01
-5.823963427559870620e-01
-6.311990575187113872e-02
-4.273418275434703317e-01
-5.879811669971963806e-01
-3.363015497711209223e-01
-4.289835126465295079e-01
-3.373135190692457264e-01
-5.508936806585499335e-01
-3.231058035068870571e-01
3.658439183708897535e-01
-2.059069701423170695e-01
-6.732569487284394416e-01
-6.691705825543948771e-01
-3.974657839200675391e-01
-3.934465145143403730e-01
-7.622679269273556768e-01
1.975634025781093095e-01
-6.195560381217343204e-01
-3.510857728827794788e-01
-5.288088748537602551e-02
-3.413702368746370230e-01
2.341917675632178009e-01
-7.250275534328278759e-01
1.243282399559251655e-01
-1.589111794767674446e-01
-1.872226033100590770e-02
-4.883250632840298033e-01
-5.830367620928688099e-01
-6.545687018958769032e-01
-1.304067709749185955e+00
-3.860151769373749153e-01
-8.391036592645121361e-01
-3.752894848506740932e-01
-7.905908513986383834e-01
-1.428004332239699581e-01
1.093887941657167157e-01
-1.794774471159239215e-01
-4.374908487438644578e-01
-8.620809372501824219e-01
6.945212406940531880e-02
-8.012672276516586978e-01
8.282990242357672894e-01
-1.015650601269983300e+00
-7.734567403357400783e-01
1.165987944665565837e-02
-8.213618918762120025e-01
5.176435774505698806e-01
-4.455794090782947414e-01
-4.260788477038752742e-01
-1.216495915475334644e-01
-3.210630190286542507e-01
8.436384955395319352e-02
6.049561960292346718e-01
-1.372620327036252919e+00
-2.841288750171299671e-01
-5.397787833084410902e-01
6.085122232844716317e-01
-3.327010242310723953e-01
-6.504648672049058167e-01
-1.041970847854544857e+00
-6.954032640793573750e-01
-2.598641040477049913e-01
2.670990922019167435e-01
1.141723311865792789e+00
-1.109115763765357920e+00
-9.634996218677450985e-02
-1.715217936319831660e-01
-2.891624509803641385e-01
-9.099668010579088362e-01
-5.829777727200735615e-01
-5.055734484702886222e-01
-2.886920796333847794e-01
8.751053432023488954e-01
-6.984866764957765595e-01
-1.105131059821764739e+00
-5.317257888418381873e-01
-5.763273913636608459e-01
-6.670492435393775565e-01
-1.585468482329852324e-01
-1.942865732789498256e-01
-5.897030468618602583e-01
-7.242945149857504816e-01
-3.384230202341791394e-01
-9.094668263062545555e-02
-5.893527691018156656e-01
-3.953446125141109602e-01
-9.344826107457651077e-01
-7.668776448697236514e-01
-2.640079378320402959e-01
-5.799768044937042566e-01
-8.051364753625615822e-02
-5.485921498042679589e-01
4.376484175491272555e-01
-1.015131165302393557e+00
-9.038160053861526988e-01
-2.590402504339959222e-01
-4.030217906255411098e-01
6.474301739939238853e-01
-4.111323770720932969e-02
-6.804137244778056814e-01
-3.617249963624694642e-01
8.456910519282520577e-02
-3.978422474093258887e-01
-1.507465606032087624e-01
-4.061639664081126977e-01
-3.906948007619905350e-01
1.389524022658247294e-03
-7.281779467684436069e-01
-5.534284448513667742e-01
-2.838215706490880286e-01
-8.443206400338449935e-01
-1.161559000835527211e+00
2.969169380092246957e-01
-2.994635732025157648e-01
-3.183881507624909402e-01
1.648421727189388342e-01
4.122926397623020989e-02
-4.322471874528389657e-01
2.414140900474542883e-02
1.675907205685332468e-01
-5.963586565637254422e-01
-3.348852255945450329e-01
1.135817805408529113e-01
-8.300913105459516439e-01
-4.835595058346601194e-01
-6.644939231123191403e-01
-5.727574847331261543e-01
-4.999177299531776253e-01
-4.154478281186462230e-01
-5.771261430250872460e-01
-1.375739680565627454e-01
-5.300839387241050860e-01
-3.494223940312001786e-01
-1.654259857338602480e-02
-2.801704572412805905e-01
-8.415847982719395493e-01
6.610071172410637852e-02
-4.622318115437403785e-01
4.750204011014779737e-01
-2.314206996336115596e-02
-6.301758493971785224e-01
-7.817295453018132667e-01
-3.460553671808590526e-01
4.582271155948003383e-01
-3.814760231778167032e-01
1.107942745303877458e-01
-5.066195164073038493e-01
-5.868400475473593003e-01
1.554025373244402319e-01
1.631193271581057869e-01
-4.983601628169983533e-01
-5.242976204023169773e-01
-6.394207549452683714e-02
-6.233452347546325489e-01
-1.207685422739557035e+00
-8.613474261494560302e-01
-8.655019038779595553e-01
-3.073988832811853644e-01
-2.274907521430423463e-01
-9.480798548914902424e-02
-2.369336824480042791e-01
-9.393379218528593588e-01
-2.969577801188482136e-01
8.721407999773069797e-01
-4.221733901721730353e-01
5.992759209139073527e-03
-4.874287593918266159e-01
-1.574583710442869766e-01
8.726238792381393883e-03
-5.349396775334875898e-01
-8.952250804590996536e-01
-4.477693725596884611e-01
-4.806939681422687793e-01
-4.136251793010339850e-01
-8.328301836460942909e-01
5.888607957552633998e-01
1.270898101763684451e-01
-1.018716163800469587e+00
2.862009645805506722e-03
-2.533977849218442269e-01
-4.285471605554236341e-01
-1.487916554457577034e-01
-7.555668430916058220e-01
-5.408874780162364893e-01
-8.634243994080222917e-01
-8.416321468735728228e-02
4.290815600746904490e-01
-1.051944532912527375e-01
-4.437612730067393846e-02
-1.220501197925740328e-01
-7.701929485136874698e-01
2.537675660889090329e-02
-4.674857193085677487e-01
-5.768135979497110988e-01
-1.897869218859036741e-02
7.431737106313488495e-01
-4.158547903139533375e-01
-2.186046838095730416e-01
-1.041632838971928487e+00
1.116416815346464309e-01
-5.343285627157206008e-01
-5.234661903808550676e-01
-4.540963816796250163e-01
3.590983223287826931e-01
1.267565443494067436e-03
-8.682486931118584828e-01
-3.546601752296585364e-01
-2.712784108394015181e-01
-6.044498433392516690e-01
-6.517568703422523813e-01
-3.518423597142628645e-01
2.309395033921662066e-01
3.534814147911685134e-01
3.506823386303741796e-01
-2.486278228837031645e-01
5.002966859363425778e-01
-1.312019219765085676e-01
-1.187667153188790348e+00
3.179523007302684778e-01
2.174474815196130451e-01
-1.781618753681548373e-01
-1.734277446759865116e-01
-4.164503291124219131e-01
9.801512836068720924e-02
6.277891773173194245e-01
-2.825891648749768170e-01
-4.577016174501570833e-01
-3.731165829945159440e-01
-1.519199670448355688e-01
-2.939517185327378823e-01
-3.375296889189213778e-01
-1.101215349336884947e-01
-4.970531797782614530e-02
-2.282809854538768723e-01
1.662483936980547750e-01
-1.363023614442734899e-01
-1.050775068068030116e+00
-6.355755802912113062e-01
-2.158867282090723150e-01
5.589190482288688422e-01
-6.700624753214130536e-01
-1.198313957482986636e+00
6.768947402310472594e-02
-1.002747277167497009e+00
-7.285533855185081231e-01
-1.669849729989337783e-01
-6.120540220416175181e-01
-4.179308359698117314e-01
7.374964251101679968e-01
2.073785126470044926e-01
1.532403487065725749e-03
-7.645935705449975472e-01
-9.202822002531141354e-01
-2.688476416776835465e-01
-2.944738308879277233e-01
2.564821791631037851e-01
7.756314099828078013e-02
1.986222902680616909e-01
-6.019509663120481413e-01
-3.833144235768924935e-01
1.382769354014531382e-01
-7.141911241578936531e-01
-4.482983427678842725e-01
2.904074105797882499e-01
-7.007603114583443871e-01
-1.569849010944381618e-01
-2.208885301838836301e-01
-2.554341731486646783e-01
-5.436805323678048918e-01
-4.542734000493887647e-01
2.344675929782007451e-01
-9.518535890734379501e-02
4.632591702760382457e-01
-9.215782847419758950e-01
5.717402099669212090e-01
-5.591237463804589192e-01
-4.360436541597319526e-01
-1.930824818800424003e-01
-5.028212357049384185e-01
-1.042285986525200547e+00
-8.009158894670581619e-01
-8.280451281138755393e-01
2.654545722555944343e-01
-6.484369784866748088e-01
-8.690867623248640372e-01
1.582454359606392802e-01
-5.070877911455259346e-01
4.025165294440939956e-01
2.454401455781189678e-01
1.179024898721740433e+00
-3.099311611206880257e-01
-5.266501230757206220e-02
-1.064586080334594564e+00
-8.279897333186694297e-01
-2.999296736964606747e-01
9.038756592813317059e-02
-6.895483375189459530e-01
-5.899617456615272593e-01
8.667644404366674493e-01
-5.385038035821756441e-01
1.857030311456924210e-01
2.028207801882177530e-01
-3.663410409839476523e-01
-6.616754325650390234e-01
-1.017378726759022717e-01
-5.503260918744110608e-01
-2.490907053142791261e-01
2.406769462732536585e-02
5.329292661094141570e-01
-5.666837894995901959e-01
1.274115625091188642e-01
-2.751029646777307658e-01
-4.387414172733696272e-01
2.731263136203007647e-01
-9.669521157489256724e-02
2.506855423763340029e-01
-3.501702114812186850e-01
-5.731725562733626100e-01
-1.241398843164196880e-01
-2.534557711827644111e-01
-6.369064080334746469e-01
-5.317097068106585445e-01
-9.262487677782475781e-02
-5.098687224647996397e-01
-7.015340068612767599e-01
1.905588601706179608e-01
-5.143827075513347502e-01
-2.935874736336217816e-02
-1.008078357998762442e+00
-4.437925742218435943e-01
-3.350932398524367750e-01
3.223327859206777668e-01
-8.284589215963925612e-01
-7.050851364703089041e-01
-1.067965544826591229e+00
-3.900162932218749212e-01
-6.208675640926198946e-01
4.947149888720649841e-02
-2.928511649824811491e-01
1.093146631136532876e-01
-7.915953545029369431e-01
-8.024712728115207527e-01
-9.076711562494070851e-01
-8.140912488173802641e-01
3.526775114144284906e-01
-7.897870983810393319e-01
-2.227076188860260542e-01
1.153141446620310068e-01
-5.670015660023847159e-01
4.304248480174214242e-01
-9.562245422960018448e-01
2.773676526939200526e-01
1.769831021043834565e-02
-4.106296432635336835e-01
1.065568547589403753e-01
-5.010877319278975728e-01
-6.776128288763472174e-01
-4.596424103245012605e-01
9.541260622862298701e-01
-6.590989735172168018e-01
2.749827080190786477e-01
-6.135391647967078366e-02
-5.647316619894826584e-01
-2.564776309919344355e-01
-2.932750693211040871e-01
-6.514077341929336296e-02
9.559997860544604265e-02
-4.945336994328974334e-01
7.293541204794000699e-01
1.617791804047680748e-01
-1.587004106512917775e-02
5.870559095045674303e-02
-1.034598084635560911e+00
4.686354638615559676e-01
1.631208913448225772e-01
-3.067120310793680638e-01
5.924556376868700402e-01
-7.638396961281943565e-01
-7.167205403535339414e-01
-7.781542521758502140e-01
-5.974186457315230903e-02
4.364980463162142499e-01
4.312588912639527816e-01
-9.072905647859319522e-01
-6.606059944684969931e-01
1.016831255843169801e+00
-2.248700002845149259e-01
-3.173754843780809409e-01
5.172307322806949520e-02
-5.513006342245345692e-01
-3.790989010334110954e-01
-2.135699881972436542e-01
-3.278991518018977563e-02
1.253644021902343919e+00
-9.657677572251770481e-01
-1.836027425505212252e-01
-3.754806835477657034e-01
-1.417100383666408669e-01
1.142213604407882853e-02
2.589125736052810267e-01
3.786057682881054376e-01
-5.591932630864678705e-02
-8.144798721784378692e-01
-5.740637356087729959e-01
-4.186978678302196721e-01
-4.890820777011783416e-01
2.409919357382130090e-01
-4.648073817700384969e-01
-6.954087827958627122e-01
1.248834601146991685e-01
-8.681512950249175020e-01
-2.196411838253781446e-01
-5.255785645210925283e-01
-6.627460362103747976e-03
-8.463372800104819182e-01
2.086865083632075402e-01
-4.441313342474366710e-01
-4.202893030890445525e-01
-2.551268333031247310e-03
-6.475755832048142313e-01
1.927721481056738073e-01
2.156211709799387422e-01
-1.975823715544546000e-01
-4.223921316977217733e-01
1.699090969280895591e-01
1.362130215608563510e-01
-6.626973472535864218e-01
3.214708647039682954e-01
-6.144033411924179067e-01
-7.583461149022514558e-01
1.635103378208766223e-01
-5.645646195518816413e-01
-3.776908714330815681e-02
1.123383325377795214e-02
1.100449161990072061e-01
-2.465366179543226344e-01
-1.014281575788396950e+00
-6.007169286716815826e-01
-2.717253062469389135e-01
-6.104516338706166279e-01
4.153819334220700682e-02
-1.153061460299643626e-01
-2.024158679398036786e-01
-3.070928066236365828e-01
-8.570998576977919559e-01
-2.644932708519711628e-01
6.236985212300294457e-02
-1.577525532014097120e-01
-9.479681044019296898e-01
-3.886002433562828484e-01
2.794000437097116096e-01
-5.267812504322850753e-01
3.309329533959446956e-01
-4.794130193014438102e-01
-1.003255504873639792e+00
-6.240896568200048344e-01
2.143851525140978431e-01
-2.552022653069416225e-01
-9.379820835667054268e-01
8.801922723757932276e-01
-4.537146226965282914e-02
-6.078784663535734545e-01
-9.227446303730353627e-02
-4.225829977677212912e-01
-2.310775341327194754e-01
2.923986321387984644e-01
6.168750210759351704e-01
-1.977629630092173074e-01
-6.239021956129683355e-01
-1.195546048631803970e-01
7.870728905659672703e-02
4.280104360889864790e-01
-3.499522279885924902e-01
-1.689213086448929091e-01
-9.420323308462398293e-01
-8.409589732321550715e-01
-5.974958167408909171e-01
-7.928519806829539274e-01
-6.137257919258507499e-01
-1.788464687748770876e-01
-6.232450460653540247e-01
-4.183204196386844376e-01
-1.244210922395303065e+00
nan
-4.693232157089037848e-01
nan
9.676451491446511066e-02
9.472083211903863376e-01
-1.330215400201126608e+00
8.446944910072932133e-01
1.855993513347843349e-01
nan
nan
-1.120096202706586830e+00
nan
4.663710199287604552e-01
-8.055592876567670979e-01
5.259505644870484664e-01
-1.229116024445816580e+00
nan
-2.782529149271995017e-01
-4.557008103163854296e-01
nan
-8.735252367280731400e-01
-8.400236133997152077e-01
-4.332027694588034827e-01
-3.345436756621044116e-01
-7.446884197631017388e-01
1.052311241116820284e+00
-1.723504987440299674e-01
-9.736817477422591294e-01
-1.391268784142335235e+00
2.861796043722966698e-01
-2.854349961583669756e-02
-2.074220823778797351e-01
-6.142330844948311608e-01
-1.810002005714098916e-01
9.486815191626717381e-01
-5.138432806068810033e-01
-7.987027654754085271e-01
-3.292945279336387809e-01
3.451350655651531651e-01
-4.186153711015037637e-01
5.605555310823691073e-01
-7.640987365564216871e-01
7.539773089053700694e-01
1.716914515641394523e-01
-1.110877242766733497e+00
nan
6.718180632059177482e-01
3.305822025605793524e-01
5.983162456096694504e-01
-8.590951802425069728e-01
-1.164421692684958209e+00
3.835576021332616770e-01
-7.040793687176856164e-01
nan
2.452727055053399996e-01
-6.480607009619302472e-01
3.103406559766961892e-01
nan
4.030732125025500712e-01
-4.352176705398448642e-02
-5.360438899100276045e-01
-1.377108996697542220e-01
-6.981477145710594800e-02
2.302722766088359241e-01
-2.626238207988271234e-01
1.392791823489802350e-01
-7.273373541529642994e-02
nan
-2.625570381557756350e-01
-1.196895367811859012e+00
1.554067770425383299e-01
1.214665760486320245e+00
-7.545302917457868963e-01
-8.036404245233633725e-01
-1.195549150884301637e-01
5.238740193051372174e-01
-5.757616583384471687e-01
-2.422775576153945731e-01
7.562193009455276949e-01
-4.643561300226373700e-01
-8.948472934049522820e-01
1.950670292460381372e-01
-5.154030134577587408e-01
-7.044913769899672218e-01
-2.127190970734414432e-01
-9.562144421988234555e-01
-1.216034536704391877e+00
-4.904254347418570137e-01
5.098661416728750284e-01
2.413171866371433549e-01
1.364726557871221158e-01
nan
-6.922852418481854064e-01
-1.748410690683517843e-01
-5.613112432350615411e-01
nan
-6.995531363493928678e-01
3.506115646320773129e-03
-9.667679538080603541e-01
6.657542372747788928e-01
-7.601370636875431908e-01
-5.174888740959709965e-01
-1.155161902806330243e+00
-6.750517676462891581e-01
8.652766616179720094e-01
3.423144047223803527e-02
-2.353513196451302580e-02
-3.513312430895823013e-01
-2.174776828676860257e-02
7.495919559799670839e-01
-1.187607916074829406e+00
-1.021394729198272122e+00
-5.962701042038527355e-01
-4.284228838003816264e-01
-1.558854131989790004e-01
-1.265242730439235741e+00
6.390680283420896446e-01
-5.308766755097016343e-01
-8.146587568247743993e-01
-2.316014467903132479e-01
-1.120546222286929572e+00
-9.323593642507121970e-03
8.847460440132012272e-01
-7.850035386761023970e-01
nan
-4.562299150221894584e-01
-1.646604635286448015e-01
nan
nan
3.732693216130242853e-01
1.494937156741014683e-01
-8.248678152644604022e-01
-6.965787413491282276e-01
-2.822108880916550655e-01
-4.342635258139144749e-01
-3.640660694758333649e-01
-5.790911885109993884e-01
4.899979813481547541e-01
-3.601005373209634208e-01
nan
-5.389218793103001115e-01
nan
-1.045467133500832535e+00
3.843369179908919797e-01
-8.702314518443078351e-01
-3.636546688634430535e-01
-9.748840017952737913e-01
nan
nan
nan
-6.340480966282545650e-01
-2.588597657448591383e-01
-2.846960175707948792e-01
-1.301719719952307841e-01
-8.107112672455177860e-01
nan
1.938079606232022134e-01
-1.803631595729331127e-01
-1.077064637373726708e+00
-1.916608516576338850e-01
4.515723104202016280e-01
-2.599751441034222066e-01
1.028270589331358842e+00
8.932732332763730909e-01
-7.854275508656345384e-01
5.784044442080626958e-01
-6.774638748441529357e-01
nan
-1.101268128348538156e+00
4.138617907683086322e-02
-1.133205019806172498e+00
-4.701377418394321883e-01
-6.045540496895772664e-01
3.812532794305686923e-01
-5.434998726443679429e-02
nan
9.554826216108142090e-01
-9.862008748811462722e-01
-1.193958161662588724e+00
-1.097868493075188745e+00
-1.118353206118646304e+00
-1.046246860246826893e+00
-1.254189023660677194e+00
-4.585807263265531675e-01
-6.000518401534243873e-01
-1.678431092773448874e-01
3.652125992942779065e-01
-1.338822593216447254e+00
-4.644543634715608271e-01
-6.589061102606557085e-01
-8.506146242027080862e-02
-2.149128950352553746e-01
9.818408776722145070e-01
nan
nan
-4.708775852072473733e-01
-1.595238122959298788e-01
2.762547657909129040e-01
2.958627361606237516e-01
6.881564885958892930e-01
-4.824088575434347659e-01
-3.863402926013294603e-01
-6.489967615085100172e-02
-6.976209497388259351e-01
-3.457305990513500626e-01
-2.027708682804309215e-01
-1.288250855957885910e-01
-1.120193218841922134e+00
-5.218132647623423548e-01
-2.372395211058717091e-02
-1.164776895034747295e-01
-3.643239406640870204e-01
-1.221709487620172618e+00
nan
9.382773103878299104e-01
1.463017625484663020e-01
-1.218865849921711764e+00
-9.529448777197676579e-01
-2.069800800838404176e-01
1.933958346858400956e-01
-5.018927614681181204e-01
-6.520192139768327122e-01
5.036737718003295727e-01
5.721339460070132971e-02
2.458261074497170851e-01
4.036987813644768996e-01
-2.082909225792479169e-01
-3.855716650043816141e-01
-1.283238592343642681e+00
-7.352918775874111024e-01
-1.161721863843203195e+00
-1.457670097197228953e+00
-5.709226624587668830e-01
3.104320291595620285e-01
-1.478869219791707268e+00
-1.605796510929636545e-01
2.779184974366502928e-03
-1.346148187526162721e-01
nan
2.645089814175404785e-01
-6.491077269210888678e-01
1.168001307504819453e+00
6.057372388331700996e-01
nan
1.371366240046416607e+00
nan
7.137368599199912511e-01
-4.118123222024665520e-01
-3.021509722193607694e-01
-7.225410666147041860e-01
-2.053216441798191016e-01
6.592331359881230535e-01
-4.197704855339308150e-01
-4.013002720076720986e-01
-7.896062781285795307e-01
2.851275907194831261e-01
-1.232796893292048557e+00
2.825407219890556654e-01
-6.808408561178471707e-01
5.605203855680732650e-01
-6.897670706783763928e-01
nan
6.704963822557589159e-01
-2.709980969337807966e-01
-1.110734135151157792e-01
-1.328092855624709023e-01
1.307066033923613424e-01
-4.936290493387381767e-02
6.585141590892822083e-02
-6.414421684855218242e-01
-3.901297009533524207e-01
7.938179849522722931e-01
-1.079326537806482689e+00
-1.680686988058657794e-01
3.076899543557203298e-01
-1.168304482406200329e+00
-1.021629868953976450e+00
-7.906229645330621336e-01
4.731991056506140159e-01
-4.680724631029665739e-01
-2.967941714766109823e-02
1.995172160260525185e-01
1.024770061141152766e+00
-2.279868947123984968e-01
-5.006092973315106054e-01
-1.809837171937735689e-01
-7.698043351168114556e-01
2.897157302737567997e-01
1.349946013030412229e-01
nan
-6.497527245953642616e-01
-9.405007423425084667e-01
-1.856665248871919860e-01
-1.472429192402857911e-01
-1.669491995275683427e-01
4.098114752267853489e-02
4.007958806549395403e-01
-1.105760928567551538e-01
-4.098634796565923943e-02
-3.385550646482562986e-01
1.279797765812548949e-01
-1.284445556342917738e-01
-2.999765858010752795e-02
-1.481349543357746990e-01
-1.004695960207173250e-01
nan
3.782528835217500718e-01
nan
-1.179974018635000649e-01
-1.037904483624874502e-01
-3.943714859136762119e-01
-6.652894859066138533e-02
-4.914899879035298375e-02
-1.373736095847551131e-01
nan
-1.102855105497566823e+00
3.941808785706910623e-01
-1.495057020022632632e-01
-1.034932631534918768e+00
-1.006527729725815723e+00
-4.043827995448965318e-01
-9.269137352676677377e-01
-1.256458549799277291e+00
-1.295556346520817803e-01
2.489491592031253253e-01
-1.361971974698485410e-01
2.319256021618042174e-01
-9.180166724823072277e-01
1.785039857650913830e-01
1.402233332440656066e-01
-4.798894466865308295e-01
9.454755443669052850e-01
-1.015774167031300745e+00
-5.025992606091364001e-01
1.286304145311444914e-02
nan
3.990048959730327360e-01
-5.138481455135625042e-01
-5.036205101452210231e-01
nan
2.392497538619296205e-01
-1.084581866789843474e+00
-5.717060532318260155e-03
-2.527477480210692587e-02
5.606348569665043913e-01
-6.878475601735163369e-01
-1.084287616129879367e-01
-5.059340642885260496e-03
6.523363846320650028e-01
-9.518970585096814263e-01
-1.378906966246003618e+00
-2.871781307800780891e-01
-9.797051215763838972e-01
-2.873196475314435117e-01
-9.459342119698355145e-01
