-8.274052775353842870e-01
2.378056181364007204e-01
-2.005305258423755455e-01
1.256196604727209676e-01
-6.383145129202167922e-01
1.711518521052793340e-01
1.588079185069546650e-01
-2.984672559292488314e-01
-8.554165122795228671e-01
9.835893310809130929e-02
-1.246282194063450671e-01
4.611601788836803828e-01
-3.787733167806376922e-01
-7.584622010846268914e-02
-5.359503899036683894e-01
-4.299748257526656015e-01
-3.593590509926692933e-01
-3.490737710054357401e-01
1.114246176624900109e+00
8.399839587757321757e-01
-1.044242635681193798e+00
-7.617768827244131291e-01
-1.027665922365904816e+00
-8.589272859544631877e-02
1.100362762314151643e+00
-4.927147855583325353e-01
1.893302766281630689e-01
-7.998652437180161501e-01
2.518435323515380575e-01
-8.249582243821971250e-01
4.497207299189787122e-01
-3.553493770604143620e-01
-1.570511126615051489e-01
1.532280432916988296e-02
-9.386082163237550180e-01
1.608874812118951780e+00
-5.708570967193107304e-01
-3.584083553237392139e-01
-8.348393462926394504e-01
-3.634059380269243911e-01
4.972392007672300773e-02
5.584563714129729683e-02
-5.527941017345546770e-01
4.959813551431301315e-01
-5.281771853323983246e-01
6.969015812991796732e-01
-3.224934300438044299e-01
-2.707748432086840712e-02
1.236564666626255027e-01
1.140264924880161734e+00
-7.558888189245417388e-01
7.611559676463672264e-02
-1.272622070329576527e+00
-7.524061388095641956e-01
4.450517086239378362e-01
nan
-5.030150285245478248e-01
9.304026366388364055e-02
-9.414137518360209400e-01
-7.965893448994910697e-01
-7.199951499505559127e-01
-1.240066814482660540e+00
3.676228622789551315e-01
1.466122554889776053e-01
-6.363947128171920653e-01
-4.845736794165564909e-01
-6.101217304243780060e-01
-4.526926974478588384e-01
-4.340207779045547332e-01
4.634073503790206439e-01
-1.005473383454975389e+00
-7.949668710738604371e-01
-6.666640224193528530e-01
1.464811380404180408e-01
-1.043254480730216205e+00
-4.432194938483015600e-01
-1.140659010960958675e+00
1.681531431476511740e-01
-3.483051422863280705e-02
-9.183045356082091271e-01
-4.498323416933152491e-02
nan
7.302300982275194974e-02
-5.668897693731289600e-01
-7.026556790366125238e-01
-3.485156188892397922e-02
-2.057485045289198788e-01
1.885645101416544844e-01
5.592561351535905168e-01
4.828685026481541742e-01
7.505578624024785706e-01
7.320472253162474408e-02
-4.612690114365124994e-01
7.227622020516753787e-02
-6.400462535800361952e-01
-6.441109939362730241e-01
1.764298251331690437e-01
-2.492548638184390597e-01
-4.475619480349467549e-01
-5.088842646584735840e-01
-6.937348085996102309e-01
4.894509317259674308e-01
-4.361276099158288289e-01
1.772082736599992214e-01
4.391435639380198430e-01
-9.234114647786999253e-02
-8.100849250617587760e-01
-2.657488770558204538e-01
-2.351105549900995850e-01
-4.001592341398095276e-01
2.297183119647454586e-01
9.405044371936700509e-01
-2.667679621562186187e-01
3.713981143588711009e-01
-1.647088707711676925e-01
5.584215233467555439e-01
-1.128312833088599421e+00
-4.680669934541697996e-01
1.639095916860277835e-01
2.638589244400004197e-01
-1.103840641835371006e+00
-4.816734199484485890e-01
-2.570183567217637632e-01
-9.373541002468009919e-01
-3.386780502074873134e-01
-3.096351011295765399e-01
-9.406081794911891336e-02
1.669092985951206032e-01
-7.127056723305563724e-02
-1.014647571251412056e-01
-5.122480161462148462e-01
1.261485108229157603e+00
1.536288399006660935e-02
-1.141820493205661480e+00
-1.404788504788745174e+00
-1.185628754694677323e+00
-1.070215502032793697e+00
-7.388308249336502653e-01
-4.130158298724087018e-01
3.742245791186004089e-01
-1.296309553137178217e+00
-1.027369468861777102e-01
2.264740529564422677e-01
-3.990427468077276663e-01
-6.557275820444807835e-01
-2.111422118145453442e-01
2.232334578229166200e-01
-7.179440079915833106e-01
-4.185248600237567729e-01
-1.072442091830331012e+00
-1.639223438630444951e-01
-4.890837754086149736e-01
-6.282932534480990538e-01
6.722424103504045512e-01
1.584009555857365803e-01
-9.170648184611748244e-01
1.111903235979371907e+00
4.809487867421626262e-01
-8.434641548605351646e-01
5.260535628954822185e-01
-7.913754359446444064e-02
-7.430541561905277259e-01
-7.672786042516142047e-01
1.513467042029788434e+00
-1.104904160975152649e+00
-6.716806849990698547e-01
1.144312333740946097e-02
-7.180905993220741967e-01
-7.992608312964892547e-02
-1.108098234096628110e+00
-2.409081964324681982e-02
-1.054406736795153288e+00
-1.234396185983118288e+00
6.214076145108736737e-01
-9.255178447048827417e-01
-1.328438629756329425e-01
3.463537043841398155e-01
-1.494165225692823284e+00
-7.039580043652665653e-02
-7.965265878993228466e-01
-3.449136294938499048e-01
1.565447318292910173e-01
1.020074940260530666e-01
-3.539003549424898365e-01
-5.451232980790786664e-01
-1.486512090475295755e+00
1.307829395836253294e-01
-4.204676815040505056e-01
-1.053730269194260716e+00
2.955194041201040372e-02
-1.241026564596454662e-01
6.418433272902824838e-01
-5.878742389164934856e-01
nan
6.934078918329402708e-01
2.805533619213104735e-01
-1.336692300405462941e+00
-2.660229795414751908e-01
-6.256103664271027709e-01
-5.697157608063345702e-01
-7.771579949479900939e-01
-2.168192113551825062e-01
-4.409636239356757859e-01
-1.246580946786191024e-02
-2.771190399893297962e-01
2.183769869477916042e-02
9.707600006175674812e-02
2.903843714758414518e-01
nan
-5.907096264134608088e-01
-5.580499183771706617e-01
-2.261847376558131784e-01
2.927411532325543408e-01
-3.767294716134058086e-01
-1.004278192032834305e+00
-2.411112829644131150e-01
-2.299299692342253731e-01
-1.231008564469253219e+00
nan
-1.256044512760057907e+00
-8.332245881906190643e-01
1.011611015455935902e+00
1.041053885547181257e-01
-1.083464844839051811e+00
3.288873214217551411e-01
-6.880436419402556902e-01
9.991977854325282404e-01
8.560004040948501203e-01
-7.332734363562017910e-01
-4.517952349612049945e-01
-5.566260393663482464e-01
-2.171876589609534822e-02
-6.556543765099309695e-02
-4.379040010852627285e-01
5.519316234306205216e-01
1.328160956355955991e-02
-1.339726043706429115e+00
-8.859625014542839017e-01
1.704160026720816234e-02
-8.585719974528962517e-01
nan
2.600661422049458937e-01
-3.906826946833975023e-01
-5.237082506234387314e-01
-2.207289537451670169e-01
-6.998740828484447674e-01
-5.657430457440170146e-01
-5.000541667140803725e-02
3.470167464558622517e-02
-2.907883625994840404e-01
-3.373369549559963043e-01
-6.698447005634226847e-02
-3.870024901081831614e-01
-1.150199198015367241e-01
-4.414355891406076537e-01
-1.773864907681658564e-03
-7.450772726708740912e-01
-5.742475808875231458e-01
-5.484092800902943265e-01
-3.330423271519186712e-01
5.576406715145473258e-01
-8.329725674717265438e-01
-7.756174764559871093e-01
-6.264376634503651120e-01
-8.555975226596754246e-02
2.793498032838724332e-01
-4.233675866835229923e-02
-7.101006099202867849e-01
3.546480917583006431e-01
-6.879313004341983673e-01
-4.894783507595309446e-01
-9.496705989692466598e-01
-3.390080062927269475e-03
-2.590140904929106314e-01
-1.238550299640422403e-01
-4.411628711247725931e-01
6.127275066320275743e-01
-8.803527513661351112e-01
-1.000025833030339317e+00
-6.742348965876867606e-01
-1.092658691130985599e-01
-7.222127165130638460e-01
1.559452608968519449e+00
1.787844893450466488e-01
2.083568361933516022e-01
9.843728192116367737e-01
1.976941612085389155e-01
-7.287091948579306200e-01
4.247319040192238937e-01
1.903485202157942022e-02
-8.638397228271195161e-01
1.894867888877176387e-01
-1.133562268640725401e+00
1.291706354418418745e-01
-1.253483915665473958e-01
-7.600092869126209849e-02
-1.316427468880748908e+00
-1.364271807032334749e+00
-6.307783335488942322e-01
-7.957022062275140861e-01
-3.994220375164413972e-01
-2.110654804628637748e-01
-6.680224770102913823e-01
7.357099270028728544e-01
-1.624679384515410885e-01
7.346042462413393537e-01
4.050025967200066024e-01
-1.508966226675025224e+00
1.998229131524816293e-01
-5.301180276492305568e-03
4.063059044616005866e-01
-6.818126119615708358e-01
9.782900227573755325e-01
-5.504289258455982159e-01
-5.942563125799350532e-01
1.856262502293880845e-01
-8.192206626088713861e-01
-6.648563293761495796e-01
-2.178492570997371258e-01
3.346019116462897736e-01
nan
-1.627093936972473232e-01
-8.786512312564755955e-01
-4.218715356573228270e-01
2.896039089914647646e-01
-2.427040945685029205e-01
-3.358959864089900438e-01
-1.576115887170915220e-01
-1.305762361528626458e+00
-1.218815609478142159e+00
2.487549682606812473e-01
-1.179291460522632118e+00
-9.177596554527004402e-01
-1.314570671166993110e+00
-4.300005967867255863e-01
-3.376853718908010560e-01
-6.305314055928260553e-01
-7.438192853703640139e-01
-2.006973657878305950e-01
-1.369279881387183595e+00
-2.164034929078112179e-01
-7.306801055353193686e-01
-7.801489724029634365e-01
-1.246512121003465978e+00
-1.939394254107769111e-01
-1.157282579046910342e+00
-6.870722803793152256e-01
nan
-2.711515460836680935e-01
-1.108223003868472334e-01
-6.393771979835314312e-01
-7.325236575537561468e-01
-4.401791927863061837e-01
5.487380980749619885e-01
1.138555014389513870e-01
-4.129352049667378566e-02
-1.081143904201971262e+00
-1.383563388329507093e+00
-8.600792475729018838e-01
-5.999772906279855489e-01
-2.987173954471999612e-02
7.106151903502960776e-01
-4.750482148635540858e-01
5.295389517469105412e-02
-2.946327481027191664e-01
3.020690051111980801e-02
-1.101499263124039452e+00
4.848710660231982938e-01
-6.481047856893589199e-01
-1.845542238062186091e-01
-8.865931948749508074e-01
-1.310794616846917282e-01
-3.955570661690518963e-01
1.956255744920603057e-01
-1.196044555104692098e+00
1.419693389719397736e+00
-6.557001950621645925e-01
9.114689425463806671e-01
-4.286039436152503379e-01
-1.356401307982661175e-01
-2.832926707998428273e-01
-3.936173565373182748e-01
6.878674720189539502e-03
-3.377623954162597419e-01
3.614493968495373633e-01
-2.175171003639295997e-01
nan
1.585661975050650652e-01
-1.118397990562157940e+00
1.050664306210944865e+00
1.188677908914944403e+00
3.983064629623264685e-01
-2.844519723862463101e-01
-8.679864042075521313e-01
1.102554138806321138e+00
3.807538538129922601e-01
-1.290954305525486179e+00
-6.648318057097393208e-01
2.543683462110670201e-01
-8.127315696944831247e-01
-1.593047565641680374e-01
-1.409299882910174384e-01
6.939482003914843045e-01
-4.850637679841332539e-01
5.296229970606329829e-01
-7.025239896893067382e-01
-4.026032001626520529e-01
-3.068090347221495984e-01
7.357953717334417970e-04
-4.710218427037017874e-01
1.735839549966497197e-01
-1.179411114192334964e-01
-4.954167736714022441e-01
-6.658940013023784132e-01
-7.080018124196174600e-01
-8.316785771753061329e-01
-3.972779604536020859e-01
1.274903559473719028e-01
-1.310821115840028250e+00
-1.338086759416059035e+00
nan
6.281569316088306265e-02
-5.422771139805822038e-01
7.626447738564045009e-01
-2.980061077879251896e-01
-2.874443826665986634e-01
-7.033610614449240517e-01
-1.879479873269509216e-01
-1.434369804012941008e-01
-3.583517872805619953e-01
-5.441040985376939532e-02
-4.301271152821944943e-01
2.081791534462086590e-01
1.803692575690568622e-01
-3.113997740602873487e-01
1.831374397450775904e+00
-3.519946130889188840e-01
1.039481634567659268e-01
3.021899195004781324e-01
-8.381834272211694525e-01
-4.644368072618742516e-01
-8.615113464772377050e-01
-3.393253843531254810e-01
-3.558371405685528677e-01
-2.826551435170986948e-01
2.934157716974027386e-01
2.784506652910130331e-01
1.798366570714695495e-02
-2.783506924970347574e-01
-5.636270251985970453e-02
-6.405176414489823777e-01
-3.957972360989036598e-01
-1.031666518300888846e+00
-9.985919050403181396e-01
-2.926336599166898256e-01
5.578019425283221866e-02
3.309147687796734627e-01
-3.969832720732836551e-01
2.201786486425751366e-01
-8.846313688742246661e-01
-2.124733191435538016e-01
1.102094262679733649e-01
-1.119498280906477961e+00
-1.146205869209507844e+00
-2.276122188737025875e-01
-7.094147748696864042e-01
-3.124408651681950463e-02
-4.888928322466576937e-01
-5.661243098216056646e-01
1.022993252007793119e+00
1.754704292860455594e-01
-6.714086814543217541e-01
3.082151777614209331e-01
2.723067627466043694e-01
-5.975060509765900418e-01
-5.102720504440938498e-01
-6.271488265576415089e-02
4.704284891674923585e-01
-6.575682720394535608e-01
6.805075346412152726e-01
-3.348373203847343493e-01
-3.960161947841390195e-01
-5.642425018962938799e-01
1.744260612542214983e-01
-5.096689905886087057e-01
-9.165956521862135553e-02
2.785764854361194934e-02
-1.985626057108883791e-01
-4.102255699035406433e-01
-4.360869449487667637e-01
1.731159000561324213e-01
4.855970415127983109e-01
-4.353825033538348266e-01
-3.733704126009745328e-01
-4.317315015775841786e-02
-1.172408463409145618e+00
1.702289035758113855e-01
-3.007157345241481261e-01
-3.230642514706568713e-01
7.731306142445494300e-01
-1.019397531189189410e+00
-1.250062576965666583e+00
-1.217285186898998672e-01
6.581284044784638798e-01
-6.591543561883481672e-01
-1.310205242880702503e+00
2.582320646052905233e-01
-9.822239546383387809e-01
-7.683631306842029218e-01
-6.498177665687624449e-01
-9.686570987763883922e-01
6.866338238661029783e-03
-6.530824726376425193e-01
2.684374010782851760e-01
5.781431216407152407e-01
-5.383222466890650454e-02
2.246949911159598079e-01
-4.838702243081868803e-02
-3.091780154610992981e-01
-5.960949057096500692e-01
-2.837651620398318753e-01
6.011266267079059394e-02
6.542348971850623363e-01
-8.131103628045687273e-03
-3.034905074930873692e-01
nan
-6.080391963132830702e-01
-6.340290617807903262e-01
-3.449522119789028007e-01
nan
-3.104264931148137396e-01
-3.838452251952683136e-01
-6.482514109725369122e-01
1.134229628574749515e+00
1.901550851944821541e-01
6.452157059534807670e-03
-3.370898202105523933e-01
-2.268755178402435957e-01
-1.366170662171658057e+00
-1.390067508538642693e-01
-3.616055117115070106e-01
1.171858302460474788e-01
-6.955506941849477487e-01
-1.122165194289345136e+00
-4.829070116910331723e-01
-9.517715505279498167e-01
7.172521760847723193e-01
6.128661710659527584e-01
-1.811002410720786993e-01
3.416806304916816805e-01
1.087863371003647411e-01
6.326889433821450970e-01
2.469171011068257426e-01
-4.934988281734519200e-01
-4.713052358786041229e-01
-2.030044759434788404e-01
-4.040184816564947323e-01
-7.569329368962365301e-01
5.584378930752404574e-02
-8.284111378502981848e-01
-6.477096361725778184e-01
4.713444311646421830e-02
1.634714656033011415e-01
-9.998508250188338220e-01
3.203365494971469607e-01
3.230260413914981532e-02
3.932252930132153490e-01
9.005487003770415999e-01
-1.899935078299838931e-01
-5.196635366582286197e-01
1.120103339116523128e-01
-4.167977262418118278e-01
5.345007624619368958e-01
-6.703331074893130737e-01
-4.655217184716871071e-01
1.285647290278675581e-01
5.475468090000398247e-01
5.744266290766741889e-01
-2.619529826643703929e-01
-2.328655108384474759e-01
-1.948963107231596881e-01
-3.337845941607580080e-01
9.516511763656740341e-02
-6.561593799216478562e-01
-5.885116983895232190e-01
-3.147844536014300365e-01
-8.586635305264244122e-01
1.532037044818078952e-01
3.185377627031426573e-01
-5.175837869552634557e-02
8.598479221181924703e-02
-1.191022239631628787e+00
8.252587135861388923e-02
1.961930378130734565e-01
8.353570646643279085e-01
-7.026104694789244709e-01
7.921482486902288456e-02
-5.919505495167078912e-01
-5.421253392030717100e-01
1.525576689993800583e+00
-5.893310242489269157e-01
-1.358571056834365853e+00
-5.579517285741983912e-01
5.125336854286593330e-02
-2.636406709953619809e-01
-4.813620074877987265e-01
-4.815982631775849593e-02
5.043056513905109783e-01
-1.388756640854583724e+00
-1.891484687222023398e-01
-3.957950702244328323e-01
4.293935377399958342e-01
-5.475112180006455054e-01
1.718411950272203878e-02
-2.402943851915381457e-01
-9.677734284448002988e-01
6.807817442034977407e-02
-4.775843987268856283e-01
nan
4.890896874584154674e-01
2.060675396250319369e-01
-1.312883735185043976e+00
-1.883146226796069689e-01
-4.666998183808415690e-01
-7.454494090271355233e-01
-1.141080444722069931e+00
-5.166023629384034477e-01
-1.043381975459746619e-01
6.514143252787740757e-01
-6.495938145311415113e-01
7.501306089815688860e-02
-5.386432676249230944e-01
-6.252959004252900410e-01
-8.774179709240859104e-01
-8.711620842253346986e-01
-4.943205793092394496e-01
-5.987648170233190736e-01
-2.142649788544946088e-01
-5.783414737096927993e-01
4.180533459093545012e-01
-2.011040778454690481e-01
-2.724610222895524347e-01
4.094508126530167491e-01
5.508622703808963017e-02
-6.561557660776188294e-01
-3.371148653422632036e-01
2.196909145521631357e-01
-8.375206990948665942e-01
4.722417439995328925e-01
5.011759100700978742e-01
-4.131176837962359238e-01
9.366984756531511191e-01
-6.285491283140671737e-01
1.608645997781774084e-01
-5.697772325610678257e-01
4.367191374003962512e-01
-8.895869838787098249e-01
1.349951808711721046e+00
-6.876626350825272294e-01
-1.239228753946588490e+00
2.208276135946257712e-01
-1.365387425041507119e-01
nan
-9.234582834029246845e-01
5.765081763004876736e-01
-1.322919396776433665e+00
-1.179740130994749725e-01
-3.970547128177534524e-01
3.362773452588204703e-01
-7.617062905194353917e-01
7.163646346299705758e-01
-1.052413355547609175e+00
4.848083700937798612e-01
1.865899727812085351e-01
-3.244874938650137985e-01
2.372634250931285604e-01
-3.484525603385671411e-01
4.719464687196948116e-01
nan
nan
-1.163565984094061756e+00
4.034873788514661275e-01
6.744104914666121386e-01
-6.365474815814253784e-02
-3.720330826662167079e-01
nan
-7.040712206903615433e-01
-4.793859639948925833e-01
-2.206193360291425209e-01
-6.033969033125229364e-01
-3.679202092508285782e-01
-9.446374872936372791e-01
1.953775750598929772e-01
-1.890296191699572526e-01
1.781142899017852943e-01
-3.228910375996664750e-01
-5.313941060644532532e-01
-8.777460958728577900e-01
-1.030545287816920022e-02
3.142104112784874781e-01
-7.844458813040302569e-01
-7.642915275818348286e-01
3.281701975920182646e-01
-1.120446835060446400e+00
9.629708264427193631e-01
1.609709341948130923e-01
1.417086970079480368e+00
1.762531605660585254e-01
-1.640112009787347558e-01
7.884696612454010767e-01
-4.370746378090358264e-01
-8.060545250443513776e-01
1.419213143491249440e-01
8.273268836052224962e-02
-3.733870502350632448e-01
2.982820289007247494e-01
-1.389085537696479244e+00
9.667921716115686070e-01
-3.801081840877398865e-01
-2.015580247822975068e-01
-4.303765828388915748e-01
-7.547722395825510189e-01
5.526519952368263988e-01
6.651815747471253593e-01
-1.127804003651119213e+00
7.007489242246091043e-01
4.369676931390538699e-01
-4.303538087985647742e-01
-6.800774070135845450e-01
-9.953180167394375388e-01
-4.988384965503280671e-02
-3.586928994284719896e-01
nan
-2.703131668178762048e-01
-1.248228140562325506e-01
-1.075294147511430820e+00
1.263188978683634778e-01
-5.220436189146857586e-01
-9.471033707040954486e-01
-5.266386204022938111e-01
1.992238027371352194e-01
-9.431737360788691182e-01
-3.804943601980450008e-01
-5.647673614505678286e-01
-1.613018712713139013e-01
1.360807090263087771e+00
-1.207210774268593800e+00
-1.139916345273565668e+00
-4.194174824837639814e-01
-7.125854646992556551e-01
-1.987610020132359323e-01
-4.011209967346912042e-01
-4.928723323539868084e-01
2.195924352239305710e-01
1.195626281839326510e-01
-3.862186513059463477e-01
5.616288969744478443e-01
-6.038936876144185284e-01
7.133655783739746292e-01
-6.127659722362289729e-01
4.916779439772652194e-01
-6.545938132298971812e-01
-4.792111657322594143e-01
-5.665696270338577145e-01
-6.659385601395816368e-01
-7.624994327242448078e-01
-1.993937775897937636e-01
-8.134943828355345463e-01
-4.784627844806850216e-01
nan
-7.946239355979121122e-01
-1.949257992723766597e-01
9.203729518744666049e-02
1.238916570870532974e+00
6.230550628641433608e-01
-9.847214412200459011e-01
-3.062997948730052933e-01
8.732821090397222541e-01
-5.950695161809972378e-01
3.249587729009372761e-01
7.673712143899587002e-01
-7.051418501015493945e-01
-6.248303840639645168e-01
-3.754710536605420645e-01
-7.646591550808834459e-01
4.328599311628982260e-01
5.014438630943613973e-01
-7.542768635916933251e-01
-2.900017094174187071e-01
2.295483523151948743e-02
1.554728587366983050e-01
1.608557362736453999e+00
8.929411558983459118e-02
-7.301725607912351590e-01
-5.475606830376366085e-01
-4.386055371601609298e-01
1.691791057996693826e-01
-5.484706777957856216e-01
-7.521990692203063267e-01
-7.912985702122204978e-01
-3.844964795119717449e-01
7.970281295029207902e-01
1.594936029979964268e-02
-1.164037375414986586e-01
-1.121782071582740903e+00
-1.085488124931446308e+00
-2.876285186654971016e-01
-1.473749281987639881e+00
-1.970639690746955330e-01
-1.635320072496141697e-01
-9.762090326914353300e-01
1.495713856166672739e-01
-8.868836833164884803e-01
-4.241547704460316148e-01
1.862966170670952160e-01
3.874207286020101004e-01
-7.398700006982424915e-01
1.037102765809007288e+00
1.606185939498669113e-01
-1.434549374016208245e-01
-7.027336182048732338e-01
1.539000098991782917e-01
nan
-1.396435760314443213e-02
-9.764710079080901606e-01
1.623908822669489493e-01
-2.234418844807133930e-01
-6.079873713445114181e-01
3.137393013446139745e-01
-7.779377057938128281e-01
-2.879228787693401403e-01
-6.625916603521320170e-01
-8.856266640200892437e-02
7.107724298148284658e-01
-6.106076314582611908e-03
-4.889644414403173656e-01
-6.282683562259027132e-01
3.733235256764489557e-02
-1.061064161942039341e+00
-4.656315698147096838e-02
-3.136733169199608651e-01
-1.898237171876498985e-01
-5.813527590814504542e-01
-1.969078799846567807e-01
-2.905871138483848148e-01
-8.678484832051860387e-01
1.783275103179788879e+00
2.640295890015983415e-01
-9.268391771060700002e-01
1.098975826155879965e+00
-1.550430824268054786e-01
-9.409204364609530247e-01
-3.194495285036252907e-01
nan
7.342764813808888569e-02
1.020248086181015701e+00
-3.538111325481821945e-01
-2.535693895858578406e-01
-1.413762680824574847e-01
-4.784434861332897970e-01
-8.555015461658321829e-02
-1.074578768775124038e-01
1.443929755043012575e+00
-1.597213852441852433e+00
1.999135652023429355e-01
-4.125701586251306896e-01
-8.291498060448155849e-01
-6.530386537534142999e-01
-3.259219742427142963e-01
-5.089983658968211255e-01
-2.911146418054336854e-02
-4.367557426018803812e-01
-6.618337805884049185e-01
-1.776866936850464429e-01
-3.568245013765291018e-01
-3.939119927549182276e-01
1.147331403879708542e-02
-7.591734022253250336e-01
4.029582791360472593e-01
-1.629383954463278494e-01
1.469647204004698449e-01
2.041353327682774443e-01
-2.851701708895106675e-04
-1.581210811826771756e-01
-2.576655999858681323e-01
-1.582020031573573848e-01
3.226343477840833973e-01
-3.292176767213935706e-01
-4.893350238203642566e-01
-6.631199916213007528e-01
-1.754145571819766547e-01
-1.981983462687489650e-01
-7.704068133419557096e-01
-2.972689401470448578e-01
4.073739332438887084e-01
2.426934243532763158e-01
-3.716474756678777580e-01
-3.360899120366964143e-01
-1.711190810805185702e-01
4.646090603681364284e-01
-2.060465081942378929e-01
1.427258758636868741e-01
-4.141145339103797784e-01
-6.295333183386602194e-01
5.280710406326267758e-01
-3.183412471361141138e-01
2.984458533970806293e-01
-1.630210462740201427e-01
-1.589758514930584565e-01
-1.529511779140414751e-01
-2.717354533761692781e-01
-5.752108774839246319e-01
-6.880990142514984420e-01
-1.499642957270840016e-01
-3.113936174291191405e-01
-1.457651580669475089e-01
-9.916057722835824872e-03
-4.096054288974568247e-01
-2.522020117708196896e-01
-2.387752803455108763e-01
-1.086998314589309844e+00
1.353238696983599942e-01
-8.304575246219275675e-02
-1.502973236745053752e-02
-6.534323989354233475e-02
-1.072221519018902100e-02
-3.033154184410537524e-01
2.486705578421753021e-02
2.018732172626427623e-01
7.152256313668997612e-01
-1.101231856708756174e-01
-2.725789374073209204e-01
-5.854835086681965395e-01
5.017068736766121251e-02
4.748666067448457095e-01
-2.204001737643739300e-01
-4.282237181870930942e-01
1.659892080897926725e-01
1.828005668382614579e-01
-7.656501197647277990e-02
-4.663599413905023527e-01
-4.864476874608676948e-01
1.798984246459150449e-01
-1.463869312737780537e-01
3.327718415607222157e-03
-4.516304117257215478e-01
1.867641472357055021e-01
-5.810909784406976808e-01
-1.334526372143753914e-01
-3.706273453629231329e-01
6.346212231656223057e-02
-1.333995197704445322e-02
7.092551485991372973e-01
-7.826427075881936535e-02
-3.207679307635741273e-01
5.522607073445873205e-02
-7.003897587166441063e-01
-2.687752482916279662e-01
2.249992109992050293e-01
-4.954054285736866903e-01
-5.180236800146564846e-01
-5.128576396710420038e-02
-8.675060326849178827e-01
-3.084079612426361416e-01
-1.820377874439119692e-01
1.893020576319130177e-01
-2.475022186479219899e-01
-5.651119496008826237e-01
-4.748209716757460508e-01
-3.456153874503383738e-01
-5.803898901098468732e-01
2.225279207558216732e-01
-3.848723104619467539e-01
-4.775957922226978791e-01
-1.802850431868930625e-01
-6.592743215871617324e-02
-4.728891903801648033e-01
-3.691636728679869028e-01
-3.549262344302363537e-01
-5.174628353861192576e-01
-4.181648128677938892e-01
4.215577185042281294e-01
5.439337956983946176e-01
-4.726929308138515945e-02
2.940240585615144231e-01
2.752228905958427063e-01
-2.252856138983663492e-01
-6.966415023166802056e-01
-1.963413743623131091e-01
-6.153317070253369048e-01
-7.446232284586000727e-01
-1.060374770606352379e-02
-1.698374598050336193e-01
3.881934325324250534e-01
-3.144062199929901213e-01
-7.137545059528309643e-01
1.710635659490243876e-01
5.631976089351614645e-01
2.833115077250010494e-02
2.555433077763880588e-03
-6.556280335028347173e-01
4.074160498412527920e-01
4.712914524215752049e-02
-4.602217427738295452e-01
-1.502625011523570364e-01
1.941039410122690489e-01
-5.734068389853482772e-01
-3.204438685319647151e-01
-3.836100260296361197e-01
6.333551043948182357e-02
-2.401777828685147664e-01
-5.713294394197850901e-01
6.188938207939415070e-01
-3.581661342656254354e-01
-3.205290899247500297e-02
9.369213814896526493e-03
-3.689626556705935534e-02
-4.072886147865944495e-01
-2.138142831815471601e-01
-5.574718294189083823e-01
-7.591530041543264051e-01
3.578685559566084917e-01
-2.808877378638814371e-01
-3.645747830071053852e-01
-5.239915805686155004e-01
3.848016001250977869e-01
-1.836277227202487428e-01
7.495795409268654619e-02
3.472314715551648168e-01
-2.777177330314847259e-01
4.634469805107504503e-01
4.478193248622414635e-01
-1.136553420905844630e-01
-5.355719551393565148e-01
-4.637529775289351286e-01
2.289514600535605404e-02
2.224184239243293115e-01
-9.415363139281518468e-01
2.571294047196424071e-01
-4.807394701344629429e-01
-4.148814457624724200e-02
-5.012474102891825156e-01
-4.897197942307650043e-01
-1.993386923180351933e-01
3.117345384676056819e-01
5.589471914104290201e-02
2.325866457745475457e-01
-1.101507828231013342e+00
1.004937744305683528e-01
3.129327181608623221e-01
-3.499323654839814890e-01
-8.331384798244089174e-01
-7.206582611478720146e-01
-5.435819474498865961e-02
9.408054029248451577e-01
-7.453536601211172008e-02
5.593818389774594946e-02
-3.644790225900992886e-01
-7.797544125488545808e-01
-4.953966194071378060e-01
-1.018378542480740251e-01
1.310695165316409783e-01
3.274047941478087087e-01
-7.224009123081255312e-01
-4.730381873639295520e-01
-2.620348927107850057e-01
-4.189282576530795610e-01
-3.741956544516166772e-01
-5.928649226968628616e-01
6.681895094006161384e-02
-3.300937231540300165e-01
1.228933231380408969e-01
1.845760011139511714e-01
-4.149854035075735137e-01
-4.688512915106782253e-01
-5.884202032577542374e-01
-1.773907487489545243e-01
-2.086912331033056178e-01
7.390273614693325666e-01
-2.431103764822584723e-01
-1.720723393096135756e-01
4.233101984674482454e-02
9.073749081188027532e-02
-7.478406995758365983e-02
-9.024080549045945809e-02
-2.088591043104802703e-01
-6.274980512232295471e-01
2.403209308905119579e-01
2.292289119339903924e-01
-2.303288919478062580e-01
-2.829809795543465345e-01
-4.216463892956449078e-01
-1.894000520830319001e-01
-4.630421463324491116e-01
-3.471835052468955074e-01
-2.416381858572005242e-02
7.022844730163052551e-02
1.667301330973620099e-01
-7.933271260069199582e-02
-2.497960541511877741e-01
-3.829524048326076596e-02
-4.177602634957539030e-01
-6.220895250542479715e-01
-3.232640855415030989e-01
-3.519246312382394160e-01
-7.489835903508377246e-01
1.299500658417898635e-01
1.522521300032035896e-01
-1.317155167685096495e-01
2.816843450575062802e-01
4.952650668340372042e-01
-7.276958577807394191e-01
-8.816915524037852170e-02
2.277552982335093457e-01
-1.444106315592420253e-01
5.307771925264938018e-01
3.725402808347095807e-01
-4.905139269856388373e-01
-1.012672923646324108e+00
-4.455042943915425435e-01
-3.755468038188597424e-02
-9.060322885321110409e-01
-3.942579554211526616e-01
-1.055026472958887629e-01
3.993956998610787013e-01
2.183718448585895422e-01
-4.122922476664285796e-01
-2.074428587042606922e-02
3.388530464334843506e-01
-5.717403087585225530e-01
1.801293511831038863e-01
-4.514128362971658315e-01
2.648868146750427699e-01
-1.617078378997824084e-01
-3.309131428746216463e-01
1.096330603952510030e+00
-5.050668590624119991e-01
-4.577023732785954757e-01
4.608927885034625471e-01
5.725717450360178623e-02
-1.563264679108918309e-01
6.082671076076321404e-01
-4.909975561243776210e-02
-9.269889737418928188e-01
-4.101391065181807238e-02
-4.831133068288973043e-01
-4.003347512020042909e-01
5.724421364409314483e-01
-4.693557113959694327e-01
-2.724419626543367889e-01
-2.199092127417758002e-01
-2.992733559040752084e-02
2.086647415562542518e-02
-3.936673777637911265e-01
-5.820761073915963202e-01
-4.462545654850018639e-01
-1.732978159627606984e-01
-3.436897577362253986e-01
1.738970240473551310e-01
1.694000386976077799e-01
-1.416148441850048068e-01
-4.402191954839797944e-02
-4.885148591386920258e-01
-2.357742390505835894e-01
-1.974237874714379892e-01
5.022162876391809139e-01
3.845214333720060607e-01
-6.135122234187102563e-01
4.632757570196866653e-02
-4.505693090448587568e-01
-4.560618014621484750e-01
1.556677201278430234e-01
-2.281516083533558781e-01
-3.216946111151928744e-01
-3.154295525853762633e-02
-1.083100209286464027e-01
2.209082866151840518e-01
4.128250262715194019e-01
-1.138624173531582739e-01
-4.881199164302642973e-02
-3.981944173369782458e-01
3.690902114480605900e-01
1.629912240316573335e-01
-2.529626468636745340e-01
-3.776538414189901660e-01
-9.454618478302732054e-01
2.374693956995887478e-01
1.879461732804087459e-01
-1.248889007534292606e-01
-9.077006075008167696e-02
-1.881397483982987506e-01
-6.971905905638942080e-01
-3.954481376187153896e-01
-5.590947893801522239e-01
-4.074550031704002317e-01
-9.022129175097584608e-02
4.305841629633344603e-02
2.792567601023377422e-01
-2.346537295430794340e-02
-6.055246335799854274e-01
1.353111862778891283e-01
4.439394296561207653e-01
-3.966371007270306226e-01
-6.296766883880164922e-01
-3.876365884883746227e-01
-3.522311019493999384e-01
5.198821365227314084e-01
-6.285413527467181849e-01
-6.928691457849470714e-01
-1.197723307301566328e-02
-5.010741193456713649e-01
-1.840953515017239861e-01
-1.402220366303593979e-01
-1.449651078871451171e-01
-1.419485418116007459e-02
-4.970823630575148533e-01
4.041729984155627564e-01
-4.652944322873636129e-01
1.182443840822729880e-01
-4.400107221937754054e-01
-2.843475298169558241e-01
-6.579300024044691941e-01
-1.187234766467342405e-02
-2.530593364890617106e-02
-2.593004879117192796e-01
-2.717998011487671728e-01
-3.086224945014516205e-02
-3.026667656673736606e-01
-2.990435170550726288e-02
-7.797612277733831920e-01
-8.426225909582274465e-02
-7.886655909475510651e-01
-4.910084110692883308e-01
-5.255088913655496796e-01
-3.209905271739990629e-01
-5.235750553288922582e-01
-2.401832850002817710e-01
-7.472760982010451247e-01
-1.098292675445966121e-01
-9.768905870903121791e-01
-1.731389641431108420e-02
-3.143680728675622982e-01
-1.042894551938547826e-01
-6.327588456064039413e-01
-8.065475367108746463e-01
-3.528378384683955038e-01
-3.764963014264084418e-01
-9.042155454484148702e-01
1.897734135682329348e-01
3.927096865195199571e-02
-4.450569968592780201e-01
-6.520223118565012799e-01
-3.716844140314523037e-01
-4.657443221238371373e-02
3.138935750995270890e-01
4.504343998508735653e-02
-9.789676768700397158e-01
-9.817792764825246377e-02
-6.947557419768416453e-01
-5.033371593646365216e-01
5.362892129045338657e-02
-4.583075839642927057e-02
-7.482175902228550557e-01
2.120514050690671948e-01
-1.490274134128733718e-01
-7.060669675492700081e-01
-1.245879659425071090e-01
7.487446065976087473e-02
-1.156219646209044383e+00
-7.495831404390150832e-01
-1.257060188767384901e-01
-4.236142773138301676e-01
-5.190435886770331519e-01
1.101821055119148740e-01
2.396890974218810477e-01
4.711537662035680807e-01
2.518482973814564763e-01
2.011155841979851422e-01
-6.980202114298117433e-01
-3.833997168126702659e-01
3.959891285310932485e-01
-2.529338564757340202e-01
-6.948791546950460196e-01
-4.723587199876901344e-01
-5.718846790862435192e-01
8.712575760934737623e-02
-3.403240219536884936e-01
3.553486634708475367e-01
2.275660663706803588e-01
-6.203226933053556519e-02
9.853413851333673312e-01
-8.382871183674448501e-01
-6.444523164071298826e-02
-6.536844410725688448e-01
-8.425009840141517437e-01
-2.371057662543388928e-02
-9.134738367780815826e-01
-2.012129509746729550e-01
-9.566435319686070748e-01
-6.238196839759917456e-01
-8.625821327125847704e-01
-2.922861565339153200e-01
-8.242024698466989818e-01
-1.152363516242159047e+00
-6.992856175097872384e-01
3.865757580712806951e-01
-3.790558641864549827e-01
7.820777522946088800e-02
-2.514604127405993816e-01
-8.357734824218966407e-01
3.654096599354334507e-01
-8.223651790582395815e-01
1.820082828035627931e-01
-6.491257514171552279e-01
-3.045972944805302451e-01
-2.584909324090077787e-01
1.624152065294310887e-01
-3.790320006651712315e-01
-7.374575399327873981e-01
-8.916426574649228831e-01
-2.053188235448501764e-01
-9.610121978149759325e-01
-7.006007465490728114e-02
1.262523825613006245e+00
-1.115368926878606004e+00
-5.060615601045126422e-01
-4.983886332217113968e-01
-3.936575402835365001e-01
-7.944769176695908319e-01
1.200106871102737616e+00
2.398609093535384040e-01
-2.002777740060526779e-01
-9.417264460899409384e-01
8.894093429795908445e-01
-1.016172334056466786e+00
-3.338110145179756794e-01
-8.978033755559623463e-01
-9.437506261205040603e-02
-1.884779616231050114e-01
2.295928719724704414e-01
5.921083496933826629e-01
-9.990080907297230750e-01
-2.673004029296177086e-01
-1.174512961739309747e+00
4.165057295816300409e-02
-7.393069436340458100e-01
-2.581646772508805476e-01
9.137008122143285005e-02
4.155951555284481680e-01
-1.702824050845157533e-01
-1.048278990572402147e+00
-4.809378054476836084e-01
-5.718085918742276119e-01
2.435403842642284433e-01
-1.056452854451797041e+00
2.172538326592680924e-01
-4.697633476674427100e-01
-2.995522830121290503e-01
-5.016546378335585699e-01
1.134104727906131593e+00
-9.917220849730001841e-01
-2.248912329786546538e-01
-3.345124468872918699e-01
-4.523252788516591294e-01
-6.704528247487238080e-01
4.044719169551452831e-02
-3.616982764306951870e-01
7.642908626075312073e-01
-6.418602206319526937e-01
2.560502634825363999e-01
-7.254971473963278683e-01
-4.992681864957076998e-01
-1.398164143207761834e-01
-9.174405110020069642e-01
-8.246951027873594686e-01
-1.157219046528970896e+00
7.159113139081687560e-01
-1.989994470922854808e-01
3.484496975141432307e-02
-1.187763012593728851e+00
-5.554960978782165493e-02
-1.027480602424759137e+00
5.837945329133773509e-01
-2.819944767380603290e-01
-1.193042469040504816e+00
1.160049728029412391e-01
-1.409597553679684534e-01
-9.995533523953832322e-01
-1.117221767420180090e+00
-2.834714960668930916e-01
-1.768149654850045827e-01
6.285524337996551969e-01
5.992734698435363550e-01
-1.902206241269277509e-02
-3.845468093159113976e-01
-6.897414251974023358e-01
-4.903021024102544589e-01
-1.962288845507441370e-01
-9.280559758859175945e-01
-3.364302976219651353e-01
-3.176276797332907020e-01
-1.253536499677243121e+00
6.184133566191278852e-01
-1.151507497863553997e+00
-4.349909028779183617e-01
7.404065688244679255e-02
-1.384189923501629726e-01
3.670410478862882742e-01
-5.999505336237528214e-02
-2.473904931797545337e-01
3.370191695115334896e-01
-6.498345862722557653e-01
3.423039439751204838e-02
-7.485405112459100341e-01
-9.625587627403424662e-01
-3.919640439613223393e-01
-7.907637140654060204e-01
-1.391906829641324506e-01
-9.413057526068113745e-02
-3.214784570831670241e-01
7.075120996212540536e-01
-6.628380792412372768e-01
-1.460276824915982263e-01
-1.096385842198420169e-01
4.447345446452656836e-01
-2.047441660426861376e-01
-9.754031923201818000e-01
-2.690674905047217846e-01
3.005850084667391342e-01
-7.797973564529372403e-01
-4.811299879074070196e-01
-8.737968579258018620e-01
6.618769406689516410e-01
-5.276801050604614796e-01
-5.620667784493620367e-01
-3.130901899474998196e-01
-2.280196208797997601e-02
-1.205851905692729487e+00
-5.498698976744698097e-01
-2.047085335090855496e-01
-3.070808619701326236e-01
-6.863332154353801728e-01
2.779810659446296794e-01
-6.134797491676704517e-01
-3.845721293091227122e-01
6.252271266129560967e-01
-6.491377812478534848e-01
-7.402055297153753433e-01
-4.652448762633295543e-01
-3.106379056879893796e-01
-2.288702498830525733e-01
-4.504631083146715675e-01
5.926957232549705523e-01
1.902401763902449860e-01
-8.132173812100431665e-01
-3.543776600615993200e-01
-1.960679348809584999e-01
-3.870380492634226122e-01
-5.458674806052334905e-01
7.021755259646771281e-03
-3.856302156916943114e-01
-1.129509564469272365e-01
-6.194970378102582220e-01
1.119511067091390366e+00
7.900129328453701083e-01
-8.947777089059949507e-01
5.649806644703218861e-02
-5.254243938946555614e-01
1.225269315762114841e+00
-2.633385362506207583e-01
-4.984385146732828176e-01
-4.973198149689603831e-01
-9.460948338814819669e-01
-1.677994397374189262e-01
4.271287494954597586e-01
-4.104019372392803122e-01
-7.892655141460117596e-01
-9.130605460785647942e-01
-8.777601053393155328e-02
2.859547567789433309e-01
6.463055550351778367e-01
-1.119160783938993209e+00
9.678098878796042026e-01
-8.816140267623472360e-01
-5.792038862021658963e-02
1.872092331903824625e-01
-1.953870591966465342e-01
1.674473005129449577e-01
-3.054141403505157837e-01
8.776816979145728448e-01
3.639899253353174324e-01
5.671895990140221611e-02
-4.082064397959857538e-01
-2.244784358140193836e-01
-1.115330818146305358e-01
-1.103088817494443319e+00
5.214197947423259150e-01
-1.290897136807030776e+00
1.969349433200946395e-02
-6.569353772199751917e-01
-3.212937635905798589e-02
-2.786694607370701626e-01
-3.504262647573014311e-01
-3.426028805980210756e-01
-5.038784534476954402e-01
1.162702563138439948e-01
-6.306071788916602916e-01
1.320676729335209208e-02
-2.857149354201462543e-01
-2.720374171557612408e-01
-5.145615443012162560e-01
-4.700456809417794535e-01
-1.029402192774197200e+00
6.093811341502914508e-02
8.021473144267610156e-01
5.565156261677318278e-02
-4.495935062053128539e-01
-1.110605231234806645e-01
2.062440231732766138e-01
-7.227316263135649121e-01
-8.638215063274294891e-01
-2.921991561866035814e-01
-6.190719956622902087e-01
-6.001178748562377985e-01
-1.285984260183905548e+00
-8.867600134660715838e-01
1.083926416728142050e-01
-2.960772963880101138e-02
7.562301780953462060e-01
-5.882019323611621386e-01
1.239194417892273359e+00
-2.022354006825378137e-01
3.143201022643302145e-01
5.605839835357767642e-01
2.366528533522545552e-01
-7.445892715507237414e-01
-1.212443651772300957e+00
1.442702215130925725e-01
-1.277553062784365423e+00
-6.354953981851944045e-01
4.203415956183930158e-01
-4.879756924210115199e-01
-3.091783381111214424e-01
7.024708249788766401e-02
-8.235284948430705576e-01
-7.823826574202462636e-01
7.952781012506269231e-01
1.397583380561013278e-01
-2.108836518040769215e-01
-1.366777606203643802e-01
-9.128190074746704852e-01
6.565527740401273793e-02
-3.119340816235499636e-01
-5.335786681594566483e-01
-5.457989224226085234e-01
1.977103898512023727e-01
-8.329550788221804503e-01
1.470225063113971276e-01
-1.229200746090021834e+00
-3.491424547377706689e-01
-2.687231101896721958e-02
2.702491296088472758e-02
2.064138694989540723e-01
-4.955208511287101381e-01
-6.752627193866673760e-01
-4.734482543413211508e-01
-1.051670224843619383e-01
-9.337075297313679467e-01
-7.705532945059881955e-01
-1.506631413006503384e-01
-1.787297596569130953e-01
-1.728574779058791588e-01
-4.427836169897969576e-01
-1.484571866679738616e-01
-7.084603114826878989e-02
-4.256351983132939387e-01
-3.470682828024808653e-01
1.751296140198003448e-01
-1.187576135591373427e+00
-5.893369767751875932e-01
-1.830027817570144544e-01
-4.740110817117403896e-01
-5.119525682971551861e-01
2.025233920842583468e-01
-6.066307431236126479e-01
4.050743162863131297e-01
-7.750757720044244570e-01
4.656907036639627573e-01
-1.026356317878379887e+00
-1.243155208519153065e+00
-4.284901170122662473e-01
-8.173949163487707892e-02
-4.253882685488831750e-01
-3.822158682715323663e-01
-2.733299498417292583e-01
5.521061575217642986e-02
-3.468424748661216306e-01
-4.258682829634188316e-01
-4.963338704552043290e-01
-1.960004553172488562e-01
-3.323247084594401768e-01
-1.699795840869653685e-01
-2.603038184395644605e-01
-8.896252714428384278e-01
-8.778900108404387170e-01
1.410317647567128907e-01
-5.273523366466900120e-01
-8.181644927900209030e-01
-3.011032507800322500e-01
-8.441841700768479839e-01
-1.718094254400739096e-01
-7.365157444102279349e-01
-1.442290585415319237e-01
-2.979678124973658138e-01
-4.078599281594094128e-01
-6.732813476894922156e-01
-3.261426007340613165e-01
2.343916242274969586e-01
-1.332129293774180490e-01
-1.235858096774994586e+00
-7.999594667098340883e-01
6.506653341562793624e-01
1.166213916806491252e-01
-4.537243585474894925e-01
1.166937573893468173e-03
-3.530124317314500826e-01
-1.148789352733039060e+00
4.081204230982882764e-01
-1.022755225655226641e-01
-3.425930660777003478e-01
7.931590346566540217e-02
-1.884910860599715021e-01
-3.281897527871457942e-01
-3.144661455722521648e-01
-1.551958359505554996e-01
1.468516635269028203e-01
2.503059058018577976e-01
-4.417073539910607582e-01
-1.546437022651560689e+00
4.088737389154701307e-01
-5.565978186384381438e-02
-2.675660821816161494e-01
-8.609472471125978466e-01
-7.981542101948998491e-01
-3.819417247941914728e-01
-1.279200660083616159e-01
7.533304451341252816e-01
-6.977328475572552868e-01
-9.080406917973901093e-01
2.268573904380677131e-01
-6.165347607840434563e-01
-4.767961699650745122e-01
-2.662400096654119475e-01
-9.021902712687723813e-01
5.761484950584139231e-01
-7.629092210656547302e-01
-1.823443543958178092e-01
-4.110915959064613268e-01
-4.012048527782545726e-01
-8.205638711981160238e-01
-8.085342901417824635e-01
8.019553565282175681e-03
5.906661245690927320e-01
-2.344968630484958461e-01
-1.135383817491893016e-01
-1.147892684165003452e+00
-5.553797905725991191e-01
-5.482330275292949251e-01
-3.380071498309944467e-01
-1.132875909561349426e+00
-4.032361601066614676e-01
-1.225708376389834875e+00
1.665350150775466442e-01
2.782072266100709124e-01
-1.822596919439954943e-01
-6.639043032025758739e-01
-1.928161292197274890e-01
-2.024775067568894138e-01
-1.407385445982517191e-01
-3.189858371367434442e-01
-1.842920477596285411e-01
-5.681586754021170638e-01
-9.164553863523475785e-01
6.589414733011220715e-01
-6.101632646483399203e-01
-6.820229032939014724e-01
8.382616539452336646e-02
2.906233720586909874e-01
-1.310774581000148098e-01
-1.156024785851625797e-01
-1.638849389650271771e-01
7.063506652198280333e-01
-4.349163548100008492e-01
1.788514362803321212e-01
-1.232737425612866700e+00
-4.477565512737843867e-01
7.464929155573511999e-01
-7.408009983310423485e-02
-9.786212495809967216e-01
-1.233080559983196656e+00
5.241553542630839058e-01
-6.813509778966977404e-01
-1.298310991079000054e+00
-2.872849645083264680e-01
-6.266219956440367556e-01
-7.970334838631361052e-01
-1.591193943866863469e-01
-1.033839887706358374e+00
-3.019166158270073508e-01
-3.037120632057305758e-01
-3.210703566641204265e-02
4.265974732616397563e-02
-2.653260561448274601e-01
-6.160827683697692875e-02
-8.892162636983188539e-01
-4.483914176658775896e-01
-4.297729911322051288e-01
-8.782225384284580993e-01
-8.205324642696548709e-01
3.114962046360999701e-02
-4.691058698445500497e-01
-9.668562515990610784e-01
-1.257036989297930785e-01
-1.075669658277139229e+00
-1.437432564889812130e-02
-3.043536581539648678e-01
3.970424211464829156e-01
-5.297374704701947046e-01
2.317123538143198436e-01
-6.077147892717333910e-01
-1.407856301539685551e-01
-4.683194231372630467e-01
-1.458388258053679332e+00
-8.372930533434589373e-01
3.859631227089833569e-03
-2.460528825108792006e-01
3.839875840190518641e-01
1.208402026343076974e-01
-8.560768979217127095e-01
-4.382932646521010833e-02
-4.326031405061149804e-01
-5.738230924409755129e-01
-3.603428968111979658e-01
-8.832498982476765237e-01
-8.808202116367402912e-01
-5.411136005012194827e-01
-1.072426146342835951e+00
-2.994092606131346090e-01
-4.504913652398946922e-01
1.292535835470167038e+00
-6.271570381993917254e-01
3.528221361136300582e-01
-2.081702833538464914e-01
2.424018942663220266e-01
-3.145152975306352294e-01
6.963733793000105310e-01
-7.708869946277135954e-01
-6.286154053126944419e-01
-8.503611678953045816e-01
-5.895471460025557275e-02
-2.085310349210947600e-01
5.982419175529652966e-01
4.900590444686019898e-01
-7.032255487363847646e-01
-8.373513461425128312e-01
-1.046157685947851634e+00
-1.127828262655798941e+00
-2.084014715835090514e-01
-2.802435294875446070e-01
-9.304332851594591114e-01
-1.480719405359438301e-01
-2.538285879884655816e-01
1.077717875217779619e+00
-2.652738571946480217e-01
-2.678199068612441835e-01
8.883654918019252833e-02
-1.396479462404566885e+00
-8.103346191608392646e-01
-3.886531645565114990e-01
-5.422085086209603721e-01
-7.377986477682867417e-01
-2.553717590396661907e-01
-2.422486392542032574e-01
-4.993842084730230890e-02
-6.905933724120676409e-01
-2.933850681616557710e-01
1.115798564364622436e+00
-5.251891909071978448e-01
2.801362115331739178e-01
-1.208356613317118217e-01
-6.558156086149672381e-01
-6.724524870519253961e-01
3.039012875354210608e-01
-7.802088236339983496e-01
-1.487295797970153433e-02
-6.919116969676611939e-01
-9.671040740560516991e-01
2.536957649631546019e-01
-1.666732483585800506e-01
-1.071448381372569703e+00
-7.037796426642266567e-01
1.265966322632141872e-01
1.273182899687525238e-01
3.508972489183556035e-03
-4.425392007304177616e-02
-3.513814900385578976e-01
-5.965571519013798119e-01
-7.232252525502498308e-01
-6.329504704643209578e-01
-8.737489218321972118e-01
-6.388302309395136325e-01
-9.859229027761171049e-02
-5.044545870487873174e-01
-3.296587749198110484e-01
-4.149056485240176229e-01
-9.916491628663405278e-01
9.435066014919601951e-01
-6.817822831133480976e-01
-8.482999639138343317e-01
-1.427832996297315193e-01
-7.385010091938623011e-01
1.091977642058012260e-01
-7.245777723617950836e-04
-6.016876793905026055e-01
-5.937925953062574980e-01
4.777202556079209184e-01
-5.692712460272708608e-01
-1.938823752169666625e-01
-3.553009802892076463e-01
-5.967173268380154827e-01
2.482420200530561227e-01
-3.360503596280005056e-01
2.022844480947065815e-01
-7.119727047388760832e-01
3.388598211324870269e-01
3.969059493130160793e-02
-1.067860216679701546e+00
-2.400896839796873572e-01
6.205832807230892145e-01
4.782894480875932164e-02
-6.625938258751641330e-01
-2.600138802769387872e-02
-1.161405676618640637e-01
-4.924317434434573038e-01
-1.929182510162388842e-01
-6.346908343629964477e-01
-1.151646926992834219e-01
-4.123040360998319609e-01
4.378467392535591585e-01
-9.762267106685218465e-02
-2.868799726471307765e-01
-6.401039199244447087e-01
-7.252827739937693641e-02
3.108164588069463052e-01
-1.066881918968795029e+00
3.361011336513524128e-01
-6.420477620299224197e-01
-5.646245246577413779e-01
-2.226137007190600869e-01
-4.363098282242269810e-02
-1.052335623185474578e+00
-4.329492580677735680e-01
-6.512794704135762558e-01
-7.229913973263073501e-01
-6.038404548981719522e-01
-4.277182241537327845e-01
-1.628672837496526749e-01
-8.159244175342339478e-01
-6.619513335505020635e-01
-5.859701841584806781e-01
6.176878333703772483e-02
-8.309805990951342480e-02
-1.953068918864070136e-01
-1.417411581908986085e-01
-6.029738445179778222e-02
-4.859876556104051337e-01
-7.677926905985881234e-01
-1.828572452054645914e-01
-4.064175939889735911e-01
-3.965663052035050401e-02
-6.135524371036500391e-01
-3.564243621215169022e-01
2.425212440054138052e-01
-4.179553941676288908e-01
-9.065816975626392882e-01
1.683748332849518414e-01
-1.328413836506873724e-01
-8.356846332054403137e-02
9.368193931057508528e-02
3.658906457599975792e-01
2.509574161762310740e-01
-2.126983980250741202e-01
1.274093163135708168e-02
-7.747993875126171215e-01
-8.599426403620206161e-01
-7.717763265500953151e-01
-1.443927392802249465e-01
1.442684796928700268e-02
-8.297338245596508344e-01
2.353281229959002796e-01
5.237888059487422199e-01
6.050549405063249120e-01
-6.938545945865549625e-01
-1.007504091370391652e+00
-5.851671323210411169e-01
-5.451145121791822756e-01
-2.657857402518864487e-01
-1.246365351038619951e-01
2.845930639148613883e-02
-3.491840018584724814e-01
-6.883655214867630268e-02
5.456986867381951045e-01
-1.349649176064311895e+00
-2.821726143654779695e-01
2.818662012990036381e-01
-7.304384156508485493e-01
-4.553159027956505955e-01
5.364342087640361356e-02
-1.528631909093641494e-01
8.408367455281734459e-02
-1.813302650490815349e-01
-2.853944753754252273e-01
5.225089334486515691e-01
3.313616243493393981e-03
-7.977819198819522395e-01
-3.551525957640371267e-01
3.194662676491893394e-01
-4.828690782491453781e-01
-7.761853156271257825e-01
-1.452111605277743578e-01
7.318350010968070751e-02
-6.295655317179410515e-01
-1.010741646359156976e+00
-1.040544965955991996e+00
-5.086765858468118573e-01
-9.330811182699921824e-01
-3.361072046423936310e-01
2.962356221542619076e-03
-7.086496570023426145e-02
2.095109384890750104e-01
-4.172114061512613437e-01
-7.895764149893755857e-01
6.428239557736709076e-01
-5.825853445327447977e-01
-1.855583849282270992e-01
-2.186885437684575884e-01
4.735706958702531333e-01
-8.027652347399069632e-02
1.732384776919877467e-01
-4.748881684508532430e-01
-9.373450309538763348e-01
-2.049778160215054990e-01
-2.533640540956992315e-01
-2.808348665315854586e-01
-2.082842313449644600e-01
7.374888003611713982e-02
-8.207282654139185230e-01
1.799036223043002855e-03
-3.677934224673292118e-01
-5.231793646921739649e-01
-2.375876542280827564e-01
-1.010111679213212321e+00
-6.565044779821168630e-01
4.844367126872429208e-01
-3.625749277229495943e-02
-4.732190647350119628e-01
-7.942548303178640356e-01
-5.784633978177307068e-01
-1.324564820928677278e-01
1.790006949371655554e-01
-7.770381748147037193e-01
-3.435688048804755867e-01
1.100784534292614941e-01
-1.011851083727248524e+00
-5.815363988278573343e-02
-8.563539000708301208e-01
-4.763612997831613294e-01
-9.413581468197206314e-01
3.664049471287523785e-01
-4.176136143648190996e-02
-3.077010095376985777e-01
-2.835736625481265483e-01
-3.809251670448736138e-01
3.297133649083375806e-01
4.255376797656144627e-01
-7.769167441288215015e-01
-8.141673241764683100e-01
2.347413821298781622e-01
-2.235329767428722858e-01
-6.481951647703783070e-01
3.488758106862002717e-01
-4.810258054286972729e-01
-1.025057731917005999e+00
-8.487203356375297991e-01
9.163511097057079873e-04
-1.283459492282923886e+00
2.711474800066673851e-01
-1.102928641485738425e-03
-5.917003451807608672e-01
-3.645279990295858252e-01
-1.135065187652957608e+00
-5.110958493147713666e-01
-2.804407752434457946e-01
-4.416227692164899077e-01
-6.105367702014810050e-01
-5.638456019949207310e-01
-2.630807676266104789e-01
-8.076661930533014511e-01
-1.972451614596900660e-01
-3.804644798310815035e-01
-1.265707514169843451e-01
-1.226429366802894161e-01
-7.775081848386414252e-02
-1.151793922372049028e+00
2.993070723779911457e-01
-7.505679391401597345e-01
-9.777281308226392076e-01
-8.528184796140081403e-01
-4.021111969271386477e-01
6.739166739374538584e-02
-1.631395942339583793e-01
-8.838141447326742783e-01
-3.359172624533185991e-01
-1.097665907206947677e+00
-3.740953638667204317e-01
2.565645237216655494e-01
-2.061024060016843629e-01
-7.230099539959072841e-01
8.143467495831840930e-01
-3.699273133538159564e-01
-2.665295561824884696e-01
-1.008069668633073679e+00
-1.547866640211451317e-01
-6.673435545164517757e-01
4.910368454058310766e-02
-3.693167032863068910e-01
-9.814588955988932106e-01
7.314824781368970408e-01
-7.243377905636255720e-01
-8.580531151384115374e-01
1.500331332609028956e-01
-1.292888938565401213e+00
-4.958477722944085730e-01
-2.320592433961727596e-01
1.669063786450982467e-01
-5.600938336621100744e-01
-6.867947688737152667e-01
-3.450831128997579045e-01
-1.341260269421494788e+00
1.143174388796916185e-01
-2.194527812756552065e-01
1.066772452501364016e-01
3.648607813215720697e-01
-2.697281334322049751e-01
1.808779081941155609e-01
-9.828575666776134812e-01
4.909948314778728728e-01
-4.564554763362426715e-01
1.899754882032555214e-01
-9.962972961213678591e-02
-5.780503191834822641e-01
-6.854067219503268138e-01
-8.221516253137003405e-01
3.165848805323830950e-01
1.312449812315482633e-01
-3.908982761763100666e-01
-3.682054286803403409e-01
8.368907309595058353e-01
-4.867429288060199921e-01
2.824016477572223738e-01
-8.906678486340908751e-01
-4.386080151269745597e-01
-2.835413977808232677e-01
-2.381480825927108358e-01
-2.337953075102712150e-02
1.499782544118520577e-01
2.723557073696554753e-01
-7.361983982735147425e-01
-4.908048918206506933e-02
-9.688942175544608126e-01
-1.013939100352797551e+00
-6.081012920214451389e-01
-7.208078014920974441e-01
-5.187492226188830102e-01
-1.447441722414988252e-01
-1.198351638678432751e+00
9.714390178938954457e-02
4.151080050364207019e-01
-1.061059953067582828e+00
-8.616484379910015479e-01
-5.779410737389127917e-01
3.413850338912000071e-01
-5.143193307322426744e-01
-3.092309082188262614e-01
4.612354566005199552e-01
-1.807781162378769568e-01
-3.801118405278957474e-02
-1.253304595687609047e-01
8.405671207290444924e-01
-2.907285604254978284e-01
-1.963750315241557798e-01
-3.088300100280557126e-01
-3.177525952477893711e-01
-3.398588371099229843e-01
-5.093977229675600293e-01
5.839800331198421457e-01
5.226903394419731841e-01
-2.891341694710918842e-01
-6.640471317227005787e-01
1.536882160762267358e-01
5.194934324529537628e-01
-1.304817029034699871e+00
-9.727164968820270485e-02
6.266107018347815139e-01
1.808079480274859818e-01
-3.317485125242708999e-01
-1.680461377084381813e-01
4.824544139409054355e-01
5.759428613944281294e-02
-7.695866101510071555e-01
1.528454506887015618e-01
1.725623843880412234e-01
2.029848695604161424e-01
4.812553483963730866e-02
-5.241193091448209662e-01
-7.056053402802292540e-01
-4.961894541503178782e-03
-5.434262287626752397e-02
-1.007673844488872872e+00
1.317570194588172150e+00
-3.771610799078429777e-01
-2.976240663200132794e-02
-6.891767826475861947e-01
-3.783330398643954262e-01
1.270962299538349161e+00
-6.340398495807860746e-01
-7.121786766140461022e-01
-1.064444196430193446e-01
-4.130029543149853488e-01
-4.129305816170034671e-01
-5.345596460139380168e-01
-5.183736063146583417e-01
-3.912654264868568044e-01
-2.344103162140666885e-01
-1.101668398207516608e+00
-2.548482062685018534e-01
nan
-3.653128734640227054e-02
-4.995122413846477261e-01
1.184456796628063913e-01
-4.575464087080772235e-01
-4.666185753466752240e-01
nan
8.326190387573424445e-01
2.948193639079330630e-01
-5.985404090510537678e-01
-1.267624804082425394e+00
-7.180191661394059732e-01
-1.109598614217550266e-01
-1.279522990891413858e+00
-1.335942205736538213e+00
-1.416977456720604767e-01
-7.559398755773272249e-01
8.162722193830240780e-02
8.420114605761558346e-01
-5.121938465954518627e-01
-5.102466996123249388e-01
-3.775189015190449915e-01
4.599594378103374348e-01
5.533808223367711610e-02
4.487659317073852128e-01
-1.025294822829941888e+00
-6.700223238242819512e-02
-1.438442733860142431e-01
-1.158824672536484524e-01
-6.249386913793716358e-01
-6.682419756996893501e-01
2.741152368995433686e-01
-2.897438717590343771e-01
-3.902573348567513201e-02
-6.649947233333457497e-01
-8.091127651681410127e-01
-2.071710701135129062e-01
1.672881948125823082e-01
4.928451074602229753e-01
-2.824509027957204932e-01
-2.295309539779111785e-01
nan
-6.765121519666746908e-01
-5.376978109484525925e-01
6.091070585232107870e-01
-2.146949610407035969e-01
-1.092022984549947534e-01
-8.284457230493771362e-01
-1.146763840269294094e-01
-7.008451227137137973e-01
-6.129775964720998171e-01
-2.018828546549162051e-01
-4.245629533787835252e-01
nan
2.354004653971663863e-01
-1.065489228200309918e-01
-3.406147406464749006e-01
-6.416514847776108033e-01
-8.259506799569057423e-01
1.284615582288227420e-01
1.687107897941811929e-01
-7.325627134231621485e-01
-5.161403582550673219e-01
-3.285790893041748428e-01
-4.893850698325049597e-01
-6.393539569092477892e-01
-1.345948823506694890e-02
-6.399386068074253142e-01
-5.579585947312494243e-01
6.878315612999591488e-02
-1.131075108010449332e-01
-3.610244868892061726e-02
1.117641528642126930e-01
-7.266675810830189874e-01
-5.630117712225150006e-01
1.208844507269879881e-01
1.028580204221905131e-01
-1.916528183732485457e-01
-3.065628332311873261e-02
2.698437392356897169e-01
-2.983186776189497014e-01
-2.457476140356079364e-01
-6.852794576508042246e-01
-4.079840928129916389e-01
1.238524722811692041e-01
-5.759878856463735985e-01
-4.448255956097356689e-01
9.831484165535833708e-02
-2.436073633906811198e-01
-1.617538423042267914e-01
1.364665122987318568e+00
-7.113007734428774542e-01
1.499814018804228044e-01
-1.170375654202054028e+00
-7.074647937556215183e-02
-5.566574231820557994e-01
-1.114530005843219262e+00
2.838187786913710098e-01
2.360665997977010599e-01
8.064507195272379025e-01
-1.244713648306430942e+00
-4.480552284723927636e-01
-1.096224564636108401e+00
-1.038833819728464808e-01
3.238061530386943665e-01
-7.702689946559982959e-01
-4.438364243564698608e-01
1.073507124601553508e+00
-4.459535484447408882e-01
3.129339647013014702e-01
-2.201008238991879196e-01
-8.877994456123058375e-01
-1.170629432296770078e+00
2.427286488959209954e-01
-4.993460547630289015e-01
-6.155062815475403903e-01
-4.908003563813078118e-01
-2.368538817982306643e-01
-3.271502090430903342e-01
nan
-9.595708071875138634e-01
1.839622346290943344e-01
7.500462616369004687e-01
-1.918650976133042807e-01
-4.012459015497307768e-01
-3.800377442802405636e-01
-7.818781182379144212e-01
2.473594889959164767e-01
1.028200118176677280e-01
-1.619628362507289643e-01
-7.239079647249576643e-01
4.036938667808100123e-02
-5.204384738576853797e-01
-8.916194611127328251e-01
5.037252296048427835e-01
-1.278947074139824558e+00
-1.026263391597275865e+00
1.393789578394830919e-01
-3.775523347837844712e-01
-8.959607096507804513e-01
1.258381844792151982e+00
3.642538103885893941e-01
-6.276328944415426880e-01
-9.358197977766430364e-01
-3.930542932119795996e-01
-3.206791709314357752e-01
-1.165183867318674071e+00
-5.764664322920939193e-02
-3.720228169359124371e-01
nan
6.872490528294828982e-01
-1.128613045661261555e-01
-5.270684936852767510e-01
4.135902619782512724e-01
2.237863174340097225e-02
-1.094205733113213563e+00
2.853747917248228294e-01
-2.934466453596091262e-01
-3.201613161125348855e-02
-2.730104366876296429e-01
-5.929431131727608273e-01
-6.787602492445646840e-01
-1.710737185643363967e-01
9.177463287327616848e-02
-9.353407219946860418e-03
3.048756474402389838e-01
4.757676588300565057e-01
-7.298704375455866700e-01
-5.561261975008943148e-01
-4.636937134384933046e-01
-4.440339860373654357e-01
-5.467305089696713472e-01
6.773243130105678633e-02
-7.617415313241283625e-01
-2.462658575139574646e-01
9.888290615731181177e-01
6.383310215156126621e-02
-4.502679247784671657e-01
-7.588484466445448717e-01
-8.597428747757397405e-01
-6.383613584575072164e-02
-7.551408598747798573e-01
-8.998716721965537291e-01
3.742129543395166236e-01
-7.919689866842672954e-01
-3.640617092033573976e-01
-3.930545022734989735e-01
2.382538108559789369e-01
-5.431108139600625551e-01
4.358099572597395333e-01
-2.662354565321518596e-01
-6.307382556894998160e-01
-1.108902391513846064e+00
-2.583509300733594083e-01
1.271293889198174820e-01
-6.503756897374689538e-01
-5.106678223236654768e-01
-7.409500493544715072e-01
-6.478346694701571096e-01
-3.320387119014864274e-01
-5.051176280413990360e-01
-1.585538046377081289e-01
-2.047940275243012587e-01
2.884924036529244451e-01
-3.207824448447476606e-01
6.731184210162582948e-02
-4.686268799279747488e-01
1.093014102462488868e+00
-1.737167985887237143e-01
-1.936204352229964065e-01
-7.705736993211728114e-01
-5.621418219451305154e-01
-2.393316532817333642e-01
-2.859247556194008735e-02
-4.689783361923410276e-01
2.109968007908688548e-01
-2.936945280879053044e-01
-2.062083608575883686e-01
-1.467681975660609928e-01
1.091765672121640524e-01
-4.739362120551791624e-01
-1.926475802232661960e-01
-4.382692287586655300e-01
1.448861883668735251e+00
6.405583192204428178e-01
-9.902985405237653138e-01
6.651182400918940196e-01
3.768623201730427197e-01
-1.182803679647238981e+00
-1.047554056313372506e+00
-1.078177833856631684e+00
-5.128809262365978672e-01
-3.359586502207486114e-01
-1.132760866880970357e-01
-6.539811561153230368e-02
-9.175105596511465289e-02
-6.836736274940468094e-01
3.342534479612780940e-01
-4.211220210629884053e-01
-5.467549169355746530e-01
-4.346626360395654531e-01
-5.138692592434885853e-01
-5.113984187916645885e-01
-3.839511616542892747e-01
-3.938747210703097412e-02
-1.658323536425024836e-01
-3.706008441540211557e-02
-2.064313034049213569e-01
-6.170803480855288070e-01
nan
-9.648188368670910231e-01
6.669984262834295352e-01
-2.880797293114213675e-02
-3.817903323969556451e-01
-3.595963100910250509e-01
-5.927194143572102059e-01
1.104175705867383173e-01
-7.409462711545231617e-01
-5.495032253930973720e-01
5.922018136698625757e-01
-4.122919610586527894e-01
-6.110701215519285245e-01
-1.146660033530660511e-01
-1.159576738028367471e+00
-5.446265120856385034e-01
-9.000283978606297142e-01
-3.705643530428569341e-03
3.689600386063589532e-01
-4.591383288408304453e-01
-6.181167826824847111e-01
-1.105196472549023978e+00
-7.395429218286396766e-01
6.777268625868737573e-01
-5.266754493011598370e-01
-1.441103314304309213e-01
1.047724057288012545e-01
-1.194171509202262449e+00
-1.140742411324825678e+00
1.123590461071863195e-01
3.925542012656814128e-01
1.256832587850028604e+00
-2.857161504334835289e-01
nan
-3.845141095419116750e-01
1.613688529591131626e+00
1.727214557197223610e-02
-1.224253772825844716e-01
-7.546486045809115417e-01
-8.407375563780700167e-01
-4.571899437074584127e-01
-7.010018481441139260e-01
1.768708464801123370e-01
1.191412326139794781e-01
-2.378798006481470939e-01
-1.337166034036346429e-01
-1.362934030414825859e+00
-5.152662417295355013e-01
-2.660045885706774915e-01
-1.207080807787919152e-01
-5.201352911244762067e-01
3.676492330564893884e-01
-1.130957106944402712e-01
-4.887747402686591913e-01
1.210952078416837052e+00
-7.731589758595019957e-01
-4.566379308337741860e-01
9.504834847749930038e-01
-4.015201809936023158e-01
nan
5.332388904184900968e-02
-8.025671999673675838e-01
-1.217297456536714728e+00
-4.356087629934739525e-01
-2.774951647082992690e-01
6.562762058490847483e-01
-1.045414930482043925e+00
2.220161544903894169e-01
-5.648528906586217646e-01
2.214581820539160695e-01
-2.629571910836049353e-01
-8.574977536481143137e-01
-1.008972691850539727e+00
-2.636943506066262155e-01
-2.227970193472273153e-01
-8.986795938702966113e-01
-4.874373644134284977e-01
-5.910543781122591378e-01
-6.289458706091589635e-01
6.657120159113358304e-02
-7.124249895679594102e-01
-2.279609952888908275e-01
-5.936613395264014326e-01
-9.784727490366260105e-02
6.907595451507494433e-01
-9.742297407748404803e-01
-4.218510463357025286e-01
3.199848239366270275e-01
-4.668242375746202155e-01
-1.066419266234841512e+00
-7.114940909310840667e-01
-5.468139716666011729e-01
-1.019193405192655222e+00
3.101083181568752845e-01
-1.347448175487391042e+00
2.929578300907998423e-01
-1.194030226602509126e+00
-2.062700453377845355e-01
-5.074630909344827190e-01
2.615390026841812876e-01
-7.614874058815698232e-01
1.295957608872790323e-01
2.539972707297822319e-01
6.807589731872826407e-03
-1.222220916500352583e+00
-9.837671099427527932e-02
1.835244873947190269e+00
6.785752021046692617e-01
-3.135550614588586416e-01
-3.165768159070853072e-01
-8.151080313825269652e-01
-7.247299452835808120e-01
-4.833814333376874883e-02
-1.019765139025818002e+00
-9.353115712744842769e-01
-1.274814325556587580e+00
2.344600656339708780e-02
-1.148908927937469571e+00
-3.126164637625172826e-01
-3.072049653698601390e-01
8.039648763645110829e-01
3.105444381401355480e-01
-2.510518439592305806e-01
-5.946284753116874988e-01
-1.629173444798104997e+00
-2.633548970761201424e-01
-6.050884793438560116e-01
5.933586877242139623e-01
-1.118490964826150069e+00
-3.883805340387732619e-01
-1.677935850245564353e-01
-1.147360742956747615e+00
-2.943743166084397123e-01
-3.371682553826794160e-01
-7.327921214168537922e-01
7.580470483556578376e-01
-1.048494735665239652e+00
7.613752668325085571e-02
5.011918342353263167e-01
nan
-8.801618524165635143e-03
-7.332892792262147852e-01
-3.609333056100795800e-01
-7.655345299255287284e-01
-3.005354612419751104e-01
-7.430717240231003995e-01
-1.103215618506671492e+00
-5.672245260927603061e-01
9.665178774162888065e-01
2.331417279063466019e-01
2.772349432006411818e-01
-2.427267753651554116e-01
-4.831316641741166262e-01
3.947344511637678188e-01
9.212815056592475738e-02
-4.593621152934262986e-01
-5.561027993203033759e-01
-4.478321894798634184e-01
-4.818457037034893364e-01
-5.050694301784943718e-01
-5.829171918149753662e-01
-1.424999057102949385e+00
-7.274784829361256033e-01
-1.270709996175668710e+00
-2.866299677301766269e-01
