-8.440741711441795969e-01
-2.086249646887670672e-01
-3.884642437667314430e-01
-5.683438065902655101e-01
-3.183142376593861567e-01
-7.440975580660056377e-01
1.960939679784075018e-01
-7.202488545920234797e-01
-6.382416370044581289e-01
-6.094974537577092510e-01
-1.062662500923797770e+00
-1.083218533737293487e+00
-5.578354703934373937e-01
-6.620561700589225884e-01
-6.805817508941583993e-01
-4.089246281535973554e-02
-1.285013797902192278e+00
-4.803005977363020151e-01
-9.702206213813540092e-01
-5.820064493014259766e-02
-1.698244951001439962e-01
-4.227980530053223052e-01
-1.000954586510481414e+00
-6.405612364844761597e-01
-7.982052453682284554e-01
-5.230076270641138558e-01
-3.008968400183744119e-01
-5.870163897014748500e-01
-4.305446714128159380e-01
-5.359672378971007678e-01
-1.410455942046649591e+00
-4.551930671731167499e-01
-6.593606145182172584e-01
-1.139348653539054679e+00
-5.861230296620866254e-01
1.447821608582377795e-01
-1.790452708432825890e-01
-6.706867034309060838e-01
-8.169870447991184337e-01
-6.383146147598990350e-01
-2.916456420271531513e-01
-5.938918185200093847e-01
-4.889116939633788572e-01
-7.639661590308342021e-01
-6.489886500895282184e-01
-4.122748375402808252e-01
-5.575545183702815821e-01
-7.241981402063560891e-01
-1.956168424944803863e-01
-4.448648802442609629e-01
-5.393893478026070554e-01
-1.182416895235276044e+00
-1.032457967079062067e-01
-9.821885102710610216e-01
-9.387259804492960047e-01
-5.973616965142035662e-01
-6.407585310542551760e-01
-1.661325911707335623e-01
-6.368064306505322181e-01
5.949753878655417855e-03
-8.810772532268922319e-01
-3.627593099389092024e-01
-1.017931006867230703e+00
2.592281971504351024e-01
-4.177792192302046126e-01
-7.965923579371164687e-01
-1.163180175626786328e+00
-5.572343912244326347e-01
-9.150077694863772981e-01
-1.190594714438283352e+00
-2.933236834844692442e-01
-1.130886700900444186e+00
-1.294574027143343686e+00
-6.809061121490933566e-01
-4.625438011103230052e-01
-6.222866054064649100e-02
-3.972109305657107181e-01
-4.285761615422515880e-01
-9.004873467625579275e-01
-8.141956580765361551e-01
-2.110634352855448592e-01
-7.466603128236989351e-01
-7.132467627702852031e-01
-9.878211709859713308e-01
1.795651549544803605e-01
-1.038591487256812274e+00
-6.456209616592883949e-01
-2.951232122564730886e-01
-1.287500547589942146e+00
-3.441431837283359663e-01
-1.343036423493421117e-01
-7.386153820579320906e-01
-1.174939250286124226e+00
-6.086015634411803266e-01
-3.416652572104466046e-01
-8.770209516208625766e-01
-4.991198155720570906e-01
-7.849071662676783134e-01
-2.518338297927487646e-01
-4.698645088549229798e-01
-7.452757338575225488e-01
-1.062866961991834946e+00
-8.278167499127584428e-01
-9.719249505137140810e-01
-3.447880665791221988e-01
-8.156264328864425428e-01
-4.643506176838755467e-02
1.145445390140548553e-01
-5.542577552193220791e-01
-1.146912094337003557e-01
2.662802955164382812e-01
-8.679476417415050715e-01
-1.091778580697481682e-01
-1.063697785961284392e+00
-4.927576455927502597e-01
-5.365388157096204758e-01
-9.115711056869557627e-01
-9.438345584030451985e-01
-4.092939872147819957e-01
-8.002128921140976292e-01
-1.142258021434012560e+00
-4.531463312669530286e-01
-1.038099214846359919e+00
-5.717233087524253854e-01
-1.098541665548599111e+00
-2.468602996928825066e-01
-5.953507458610828307e-01
1.274473314177389516e-01
-4.993686845503790273e-01
-9.686001294048952603e-01
-5.378017731391702139e-01
-1.653844995138308294e-01
-5.568915617268936913e-01
-5.276023325322498625e-01
-7.094650252713257110e-01
-1.079371929625210003e+00
-8.804683677373643658e-01
-1.876342445466452208e-02
-2.863152368218646604e-01
-2.112217866537899613e-01
6.836814957248567304e-02
-3.362218929224904396e-01
-4.224052163349999445e-01
5.135025089274784793e-02
1.650514466667876989e-01
-7.703749408253713904e-01
-1.011158149079062207e+00
-7.916994069520810751e-01
-4.481668858992955418e-01
-3.441945696950308303e-02
-2.980005844537653159e-01
-8.055096899402531818e-01
-2.043950959887936292e-01
-1.971451554957964203e-01
-1.511464802007681740e+00
-5.126726017542410085e-01
-4.471907189980764419e-01
-4.761940574756369227e-01
-3.391403556169837047e-02
-7.764322006962717237e-01
-1.196035141001868141e+00
-5.339999966448881752e-01
-6.753362889159959526e-01
-9.827225149789536873e-01
-2.930760421410618100e-01
-4.794840782705753757e-01
-4.087543483297819136e-01
-7.049232987365847691e-01
-5.907487572976418688e-01
-4.137762685026053489e-01
-5.362134337644647308e-01
-5.304952896425725317e-01
7.046929168525098985e-01
-4.738609953777359052e-01
-5.792460166637825036e-01
-1.255717734079555281e-01
-5.056051472102729427e-01
-1.248719482256120950e+00
-5.559346131450537687e-01
1.445433983342862272e-01
3.159823673984353820e-01
-5.778266176919629737e-01
-4.020111787410803883e-01
-5.671456556621085054e-01
9.412688685924005538e-01
-1.189197069253273842e-01
-7.131956941493898805e-01
-2.108836070851335398e-01
-3.200474510269979977e-01
2.710687119062152317e-01
-4.272908981669820694e-01
-1.011216143250930344e+00
-1.387177677578702861e-01
-3.438378424710760162e-01
-6.385337441570269057e-01
-5.433614384212109849e-01
-4.060673906436292890e-01
-2.581913325344059040e-01
-6.285505273396676529e-01
-6.579492197948249022e-01
-6.743639172378136371e-01
-8.994051640621697485e-01
4.093513864508762090e-01
-1.213541869397446682e+00
-9.870135884952011551e-01
1.629723810777897880e-02
-8.390558387174303911e-01
-1.055972447944533155e+00
-4.630465823357435839e-01
-6.330032271445844572e-01
-1.519939387018956478e-01
1.801460763289806644e-01
1.656150753687511412e-01
-1.220146805177017901e+00
-7.268775203148454267e-01
-1.266861060206276035e-01
-4.258974087190968705e-01
-2.539067230780638895e-01
-1.065714586270303466e+00
-3.748426201068343344e-01
-7.422792406704389334e-01
-6.259614323730221530e-01
7.774330256609468526e-02
3.245167623021300574e-01
-1.058786643110729342e+00
-3.969377505662832761e-01
-6.528939080763112024e-01
-5.863023251244574574e-01
-8.742997585479794775e-01
-8.434955697533363939e-01
1.008861048659027843e-01
5.842839533371610994e-01
-1.497228143696009317e+00
-6.723627305483323990e-01
-6.040602991922270348e-01
-3.564164542553098225e-01
-4.924629940074836676e-01
-2.162417098391185011e-01
-1.259708897271023753e+00
-7.264701169218470422e-01
-5.386683131699132598e-01
-9.898407791872164685e-01
-2.741005373270501977e-01
-4.983712635367442134e-01
1.106266888464228493e-01
-7.338193005053663676e-01
-7.964605846600731898e-01
-8.600199702514431666e-01
-1.559966751150805964e+00
1.229691714029335220e-01
-1.343281227110577847e+00
-7.150117799663397999e-01
-9.441173181335948961e-01
-1.852455630135178832e-01
-2.254249567560664969e-01
-7.185342988918032026e-01
-7.037185227902059692e-01
9.633398225913786250e-02
-3.860328264505820672e-01
-7.787629261944920556e-01
-8.830748360172838707e-01
-3.321881296034803199e-01
-5.913724396969254338e-01
-4.297642413645904602e-01
-6.307851980067493702e-01
-1.063074051780086071e+00
6.415329937585326769e-01
-3.496821290644562263e-01
-1.409478292166958635e+00
-5.633516904906634704e-01
-6.572418297923818820e-01
-9.102284833426480537e-01
-4.566977512335472777e-01
-3.175071964952439485e-01
-9.704837856351321568e-01
-1.272694748441574930e+00
-3.510870905414358312e-01
-8.375751947792712260e-01
-5.607495511335405247e-01
-1.907225207232229047e-01
-1.061069053620933289e+00
-1.006372827129644598e+00
3.522022333665005833e-01
-7.288202479615738527e-01
-2.593986453923208813e-01
-4.211100872422127162e-02
2.702198684110973526e-01
-1.685090965784122596e-01
-7.319794563871325765e-01
-7.420673610013606147e-01
-2.377001826261435635e-01
-4.898621583703453020e-01
-8.384541965133093244e-01
-8.388142138931014014e-01
-7.018585342686993744e-01
-1.044451304806196967e+00
-7.508363469337847595e-01
-3.691198469508183977e-01
-9.986954660732360045e-01
-8.104454172206321250e-02
-1.037335218091811173e+00
-5.546682264168033560e-01
-7.703009180370783415e-01
-9.738759341825353744e-01
-4.115349018556583305e-01
-1.543636402992245582e-01
-3.787525950332160662e-01
-4.843946852989166607e-01
-4.105034965040835759e-01
-7.893090415778993840e-01
-7.276191162747234209e-01
-7.502403209715080568e-01
-7.748949385060767137e-01
-1.162965231763767454e-01
-9.941357113643354282e-01
-7.280276573642083804e-01
-9.111521602616484694e-01
-5.705061082511095893e-01
-6.361552374001008259e-01
-7.506372315074849588e-01
-6.198154194152210444e-02
-2.921494019036928180e-01
-5.806848423558844674e-01
-7.380703353397286559e-01
3.123034096163803119e-01
-9.239794860288015332e-01
-4.548107979832721193e-01
-7.962160915879608059e-01
-6.522436962926646542e-01
-6.629371089112419124e-01
-7.841374688559216155e-01
1.124831377148141978e-02
-1.162629742695336477e+00
-1.101171205422555754e+00
-5.249802978840869550e-01
-6.645761647343180201e-01
-7.097570463292853793e-01
-5.977608902220766796e-01
-1.096188017177869511e+00
-7.959725086039302067e-01
2.479247482918119361e-01
-4.608871744355886868e-01
-2.084193822233758320e-01
-3.846478627784317705e-01
-2.944588599154876474e-01
-1.495670676803999344e+00
3.862002083907541405e-01
-1.601572296450063382e-01
-7.575850442647479310e-01
-4.791524013584628205e-01
-9.156536998496667135e-01
-4.860647942076272154e-01
-1.876982706034661386e-01
-1.146024385925596079e+00
-9.974762655594859861e-01
-7.472998237654753240e-01
-1.652978025468981593e-01
-1.373574975211749427e+00
-3.614582218787981693e-01
-2.989295390750829617e-01
4.211233344310000293e-01
-4.176156502389867242e-01
-9.119217408507761524e-01
7.729317651683338675e-02
1.548386546502748817e-01
-6.152714906183660570e-01
4.407429054836612403e-01
-4.762407562205105138e-02
-6.790763563874495645e-01
-7.049050980064835992e-02
-4.102925836963617900e-01
-7.137125567054006803e-01
-1.359036379581554987e+00
3.292858981156776554e-01
-7.328597980777141752e-01
-6.265626873608671765e-01
-3.201719819091372043e-01
-7.820872708065486067e-01
-3.810628977534890605e-01
6.073657181372719149e-01
-6.274320931908974330e-01
-2.585958775780660135e-01
-8.359753131285438954e-01
-4.200252989106044721e-01
-3.475536855008847237e-01
-6.412145237976367707e-01
-1.158217594186739419e+00
-9.115124619526382421e-01
-7.129992292486445615e-01
-2.674219314080464316e-01
-1.299827170531932807e-01
-4.984453675896571845e-01
-7.602177695542032820e-01
-4.463769495699118073e-01
-8.726616336506025640e-01
-4.977610093228010402e-01
-3.962274661084556060e-01
-5.519014372868403379e-02
-3.543225546884213872e-01
-6.264704335413961989e-01
-9.615543981179454081e-01
-1.170058048890035840e+00
-6.086584468145121718e-02
-1.027773674968237350e+00
-1.018535223841491977e+00
-9.753222559701231198e-01
-2.051585997243271786e-01
-3.361102484612081276e-01
-9.487435359455397010e-02
-6.881600235178975122e-01
-3.745788755359049649e-01
-4.043692639922802923e-01
1.987005585360122895e-01
3.724610534626315306e-01
1.296156918574700723e-01
-3.875992615033312938e-01
-8.948499487167001221e-02
-5.707818066295559239e-02
-6.646899698347531471e-01
-2.119694555107990985e-01
-8.253393981459181683e-01
-9.704439708144743104e-01
-5.065304447705885060e-01
-1.871975337246767068e-01
-1.276159297663780334e+00
-5.949615088999548052e-01
-8.629460918408199399e-02
-6.650771252786192855e-01
-5.523616221287639405e-01
9.442801159867469929e-02
-5.650461816839139617e-01
1.416871698846829952e-01
-2.940003494144966534e-01
-1.368423616003864585e-01
-6.474541705761358568e-01
-2.336573226789163404e-01
3.663281547177288933e-01
-2.053333630695226564e-01
-1.039937800766572051e+00
-1.439078376997886266e-01
-3.551955242597453766e-01
-3.471807771757038363e-01
5.677270776081800863e-01
-4.832737704491665842e-01
-5.528251996663977597e-01
-1.089488645419750323e+00
5.975329847539287420e-02
-7.455944946732444567e-01
-5.123135351661913806e-01
-1.120184653986815659e+00
-7.209948157541035130e-01
1.318050044645340535e-01
-9.609788158930366864e-01
-3.071442887797286581e-01
8.810506466574583584e-01
-7.134744118375238031e-01
3.617579008908165111e-02
-1.132803722073532970e+00
-6.334301486555902194e-01
-5.047969995011948319e-01
-1.197398691860661335e-01
-8.418964732425513464e-01
-8.991468232966029483e-02
-1.875797009591824993e-01
-3.654183450313211456e-01
-1.153724123387235290e+00
-7.601680573863925927e-01
-5.006530058815693573e-01
-7.252250020973342037e-01
-1.278749679593693400e-01
-4.709950668110919336e-01
-6.552879477942208375e-01
-9.304900982053448955e-01
-5.150265819152901603e-01
-7.409026424187652449e-01
-9.544111541941977528e-01
-1.056540258250380893e+00
-3.916014861378528389e-01
-4.470457943987036220e-01
-4.488782734283201514e-01
-3.217898179433246741e-01
-5.387819887740599167e-01
-5.784196680623709952e-01
1.524142251763193623e-01
-3.136908887482906527e-01
-5.372676882965622402e-01
-2.593821764990797973e-01
-4.459332116857423478e-01
5.919877789444478143e-03
-4.066173650958496699e-01
-7.476706317764774123e-01
-4.611958908420514258e-01
-4.424876093609087513e-01
-8.109870077038257019e-01
-8.267908594558113222e-01
-5.279377234907515204e-01
-6.409498709878641565e-01
-2.809381157759873737e-01
1.142698882608837729e-01
2.744149759310037795e-01
-6.602051553973710130e-01
-7.821682091313464369e-01
-2.616406541436724909e-01
-1.040338780579988853e+00
-5.914866200460680012e-01
-5.047751945286055308e-01
-6.269811797464605041e-01
-8.278210318253880207e-01
-2.269871240427761283e-01
-2.112382510770452748e-01
-5.988531511037491484e-01
-5.360450329017064641e-01
-3.372525665353192648e-01
3.793623990817851510e-01
-4.065283071925708258e-01
-1.191249268464355526e-01
-1.089911175470378968e+00
-1.374925765293564472e+00
-3.157520322994352702e-01
3.303926203410241236e-01
-9.222472039168307933e-01
-4.580841803733699535e-01
-1.111102365114717161e+00
-1.063706349596240441e+00
-2.465913033720141534e-01
-5.590223595146052160e-01
-7.688806841057098662e-01
-6.489987089728933567e-01
-9.100866007360348675e-01
-1.112747835098623073e+00
-2.382324608485330286e-01
-6.406040041712104394e-01
1.088583262716701500e-01
3.224644005517751655e-03
-5.191558172279852057e-01
-2.303235129124282521e-01
-7.897904538369814320e-01
-8.017137859609221318e-01
1.580347837753789120e-01
-4.133953452491990754e-01
-3.375095947362072302e-01
-5.608625768459586380e-01
-7.915779110092306947e-01
-7.232380495877849258e-01
-7.741524964727076741e-01
1.161287860151658524e+00
-5.415166346026858424e-01
-4.971991675862529325e-01
-3.631090134562811045e-01
-6.289914187731336925e-01
-7.115238857245455018e-01
-1.013993588338272689e+00
-3.203344189330632058e-02
1.721118277669892449e-01
-1.036387677469992719e+00
-2.329400000048131580e-01
-1.061495752605651877e+00
-3.318655173312169970e-01
-5.318690892580101304e-01
-6.203477894138337279e-01
-3.146957323949696739e-01
-5.440347638191191937e-01
-8.921241692022062741e-01
-3.602235312953835922e-01
-9.595345231125135266e-01
-6.687548997961145769e-01
-4.327643059495222544e-01
6.566935237662099856e-02
-6.477267903264188886e-01
-4.771724458177727946e-01
-5.430448532231034742e-01
-1.567899487807830616e-01
-5.740474914016321373e-01
-4.965946688783007268e-01
-7.897106040007224603e-01
-8.757993075956848061e-01
2.078101934146780669e-02
-1.553103624232238689e+00
-4.714040414326485517e-03
-2.008443649352214533e-01
-1.472197189385935134e+00
-4.975533006599286434e-01
-1.053619923466195596e+00
1.024272754068769609e-01
-4.648715919330495550e-01
6.408634986533803257e-01
-9.737188700123712293e-01
-9.914961693639763318e-01
-4.753136943559643779e-01
-2.493214340966930787e-01
-8.023873957787324152e-01
-8.620010240379991640e-01
-1.125003747761630368e+00
-4.603658080553860166e-01
-1.033217041244417489e+00
-5.379794576069615308e-01
-9.155259005452083265e-01
-8.904439207222607511e-01
-1.637409684008187538e-01
-6.048800018701906422e-01
-9.125131349167086015e-01
-5.556128271275251329e-01
-8.174594065635967244e-01
-6.288452671384848758e-01
-3.834651281455142002e-01
-1.137068290379176894e+00
2.469032371821658078e-01
-5.683712186083968998e-01
-2.060077787792610471e-01
-6.409910406765075841e-01
-1.013961242586221445e+00
-2.801849276890636675e-01
-9.170429303539872068e-01
-1.032473988859425651e+00
-4.207964504148797857e-01
-8.392394470609595425e-01
-5.487935771890501968e-01
-1.023478715168123943e+00
-6.214476717677909212e-01
-6.632603383722458501e-01
-9.617964277576510623e-01
-6.481342922175422627e-01
-5.620569360422620342e-01
-2.750172756251832995e-01
-3.081427039413542901e-01
-6.672308087046874281e-01
-3.323438545048362225e-01
-3.638209275841061685e-01
-3.985391755117850821e-01
-5.614050883449764884e-01
-9.648081038680958454e-02
-2.756539301126132435e-01
-6.012506914742233866e-01
-1.087253848654554517e-01
7.912854968013369183e-02
-5.463189485635228104e-01
-5.899948905299029489e-01
-7.522790314091103436e-01
-7.180477520873337349e-01
-1.020087187205956480e+00
-6.173312538809674205e-02
-7.390299386206166110e-01
-6.679456817216398168e-01
-3.988833704386355872e-01
-5.900566086373019159e-01
-1.065165635428710234e+00
-8.024997591605573799e-01
-1.096967436454744149e+00
-3.444892590121521048e-01
1.117085636488269196e-01
-6.899326121608913009e-01
-3.955374388820270259e-01
-4.575347714953074130e-01
-3.885947638481331845e-01
-9.555706685775049170e-02
-9.563963749079541499e-01
-4.601327272159448367e-01
-6.462486602431922744e-01
-4.257178136183020212e-01
-7.077171322476789872e-02
-9.399172787607843471e-01
2.532627659654070329e-01
-7.721280843441689079e-01
-2.008023834073783820e-01
-7.553379200982900388e-01
1.174544938472841110e-01
-5.754279462040642334e-01
-7.525719605091187869e-01
6.104400209617957124e-02
-7.775413103247397206e-02
5.566386738815138902e-01
-5.147524446513602747e-01
-1.027530060170959603e+00
-5.789002791516163482e-01
-5.081166367027113440e-01
-8.346344387431487988e-01
-7.041339626479514724e-01
8.041034122664462991e-02
7.643273974052924857e-02
6.961928958631627418e-02
1.121983195558567820e-01
-6.802698319893434320e-01
-1.013818097054760781e+00
-4.312852529349175956e-01
2.257335323763309462e-02
-2.505854554070696683e-01
4.298525216223351986e-02
-8.305970203069789060e-01
-4.734954373427922025e-01
8.037697433398909297e-01
-8.380469549638304150e-01
-4.282025121348730368e-01
-8.508425660626459663e-01
-5.261745109577347090e-01
-1.298229212332789428e+00
-3.932343865127424509e-01
-8.787699959292954999e-01
2.859492058773290823e-01
-6.254694919050435287e-01
2.827621296484422730e-01
-3.901675222053975212e-01
-6.062158369446681849e-01
-4.701571322823566712e-01
-4.400827266524603987e-01
-5.818106120366082212e-01
1.985402167505789517e-01
-3.857993115576801024e-01
2.030600011411691219e-01
-1.222977575019190466e+00
1.070142876599899234e-01
-1.034104482404104353e+00
-3.608362479245158516e-01
-1.403589240916510716e+00
-9.703771782904574428e-01
3.523696490173219287e-01
-3.223911637909614991e-01
-4.163093655282323891e-01
-6.306169941898056575e-01
5.774354445443870276e-02
-8.084768229181044097e-01
-4.618588237846094069e-01
-1.291123075657012453e+00
-7.676243440884096270e-01
-6.303980871932158836e-01
4.680344579444438956e-03
-9.118220527315273882e-01
-1.102039507444078970e+00
-4.933162577783722358e-01
-6.339913189273035377e-01
-2.256687982965462913e-01
-5.325786694271543720e-01
-2.492067571454106012e-01
-2.663152332857712246e-01
2.275261314157213735e-02
-1.001100118188662513e+00
-1.692887275816136405e+00
-4.393526649453785571e-01
-1.095925002702333451e-01
-6.953804165636265910e-01
-2.291380405016155142e-01
-1.752159820898889220e-01
-8.749399612504289436e-01
-7.400683236305453105e-01
-5.532093423021375855e-01
5.261413131936581999e-01
-5.150856861628445582e-01
-7.580774340384585086e-01
-2.290327079163976265e-01
-4.514442517392279752e-01
-9.012727954564594413e-01
-4.876158899800370206e-01
-8.138361119752230977e-01
-1.223577699159731136e+00
-5.053924255862549675e-01
-2.861092294148334103e-01
-9.578840007827897907e-01
-4.627884966811556811e-01
-7.669402094805962689e-01
-2.807320411466369126e-01
-1.937828516664966971e-01
-4.413246507837569887e-01
-5.346996766509524157e-01
-2.897054562697733981e-01
-3.885511612294842987e-01
2.338942368310995557e-01
-1.359601746988431392e-01
-7.686606987258401968e-01
-3.672644169087817545e-01
-5.167157203630939888e-01
-8.489191000238875684e-02
-1.275378662998587265e+00
-5.111046017935026997e-01
-5.536048181750443664e-01
-2.652486077068784143e-01
-6.859685831685191637e-01
-5.470545885079716175e-01
-3.410786606523172892e-01
-6.434206458730281630e-01
-2.422965847536017736e-01
-4.698892606982915110e-01
-1.592143186190433157e+00
-9.261905658565633415e-01
-1.648639603437516699e-01
4.721981906544827634e-01
-1.100758526435992035e+00
-3.546242117993544246e-02
-8.250192143214375440e-01
-6.396798138579691262e-01
-8.387689145384437106e-01
-6.704018932433549738e-01
-2.911489331954967286e-01
-5.367299395448364985e-01
-8.230333378777133779e-01
-6.283211244351905034e-02
-6.372004186160928896e-01
7.768889667312094405e-01
-8.875611922366950512e-01
-8.481573658404578664e-01
3.918216725667827416e-01
-8.122556166971175440e-01
-1.343133668542851045e-01
-8.656001009035197979e-01
-4.439969365149963876e-01
-4.727615428036999745e-01
3.214742786921889750e-01
-4.336664251921669710e-01
5.519843171018686823e-01
-6.241200797954911117e-01
-1.104705094513119823e+00
-6.044960883144390174e-01
-4.853398069988953956e-01
-1.446049645606207468e-01
-9.909736017726423762e-01
-4.382005043573756198e-01
7.572516441423948232e-03
-1.105118882007503078e+00
-8.947559607721684571e-01
-4.479996579680442514e-01
-6.051757469606746653e-01
-3.826277343910293172e-01
-1.068554633040379231e+00
-3.747695650665383571e-01
-8.358646189002622018e-01
-5.933159479911344070e-01
1.479686584124244864e-01
-6.108181327649181425e-01
-1.068800663157811970e+00
8.297529391339716343e-01
-4.014058519482776033e-01
-1.420486701272976882e-01
-1.098818004243328650e+00
-6.945290485714377127e-01
-6.374708915847853152e-01
-7.150863699164047294e-01
-1.500041560976718147e+00
-8.240848453662223960e-01
-6.448684620271472046e-01
-4.563070199999166854e-01
-2.036960377216927853e-01
2.928015686772317359e-03
-1.004706253639415126e+00
-9.809920822931562645e-01
6.849047450322894026e-02
-1.197344756521504738e+00
7.794990539956583864e-02
-5.531874575762771862e-01
-2.245243439823457199e-01
-1.216366241304827733e+00
6.055573904617460312e-02
-9.352905512676586985e-01
-3.279814260877827459e-01
-7.430988421511999231e-01
-7.075669235406728541e-01
-6.924725619589846559e-01
-3.261136521171896785e-01
-1.182717608221441896e+00
-8.367354595782993121e-01
5.446578517224016647e-01
-6.562356190008078460e-01
8.614073623493812004e-01
-1.274580243739452667e-01
-5.020722155714725243e-01
-2.396114803917386848e-01
-8.822047358582034704e-01
-7.793009370959727011e-01
-5.683387519796606613e-01
-9.116225103729928003e-01
-2.914444529068520029e-01
-8.544854392203975468e-01
-9.060933912274776736e-01
-1.013172349451592291e+00
-7.989910688269715733e-01
-7.418476345316533660e-01
-1.758770615298644036e-01
-6.459172722435750913e-01
-2.682539076674866907e-01
-1.128568355227625553e+00
-1.080113083723803991e+00
-5.324720256635729898e-01
-1.297605642412330118e+00
-3.037432734926740485e-01
-9.812523049540428088e-02
-8.117526653261109004e-01
1.908211871912783228e-02
-6.008852999546051565e-01
-2.349437240495078905e-01
-2.179404274580488687e-01
-5.256372452197923817e-01
-1.323709971090962778e-01
-6.404970250405749299e-01
3.773553322338117633e-02
-5.714476175946582304e-01
-6.349142731409194162e-01
-5.031010963914893663e-01
-8.555283782234536227e-01
-9.166394534574272557e-01
-9.007962051567869333e-03
-1.899160509329975155e-01
-4.168236884229905570e-01
-1.091743310347239593e+00
-4.310206543969294923e-01
-9.895210034186732173e-01
-4.318119892733007781e-01
-9.615314823622173046e-01
-6.277363856575962631e-01
-1.024385699302727382e+00
-1.851392865780961405e-01
1.219434290061572057e-01
-3.255267538579073583e-01
-7.916487171787226496e-01
-4.497763125456745170e-01
1.856178137028405284e-01
-3.620456326060986219e-01
-5.592403955218188116e-01
-2.379611503191798871e-01
-8.363220804298564515e-01
-9.571475282892185632e-01
-6.455754956398764843e-01
-1.602413065148120264e-01
-1.064690276820436710e+00
-5.719588127426165070e-01
-1.160409948067248481e-01
-1.179416155911532788e-01
-6.433513187856961801e-01
-5.355406699036809881e-01
-3.964161178248500339e-01
-7.408849793947464013e-01
-7.553522551436517851e-01
6.090809502485773352e-01
-5.932873231729992591e-01
5.709773985186584327e-02
-9.868957938695729348e-01
-8.874630848794747839e-01
-1.611673538110135917e+00
-8.229945107776635016e-01
-1.108491441077696406e-02
-7.596388579106305369e-03
-5.911794936103248466e-01
-3.669098582908448813e-01
2.564090478001548878e-01
-9.164245379545846726e-01
1.045404840281351833e+00
-2.683331651924419914e-01
-5.795994212583516214e-01
-3.586563503911842088e-01
-1.907913685058826581e-01
-5.525033036432688283e-01
2.192132938597196601e-02
-7.392588330745547553e-01
-8.109720276253864490e-01
-5.000225007231164920e-01
-5.418526092420465901e-01
-6.688606621804733532e-01
-4.047642851142010945e-01
-3.893335681239210588e-01
-7.860629772543409333e-01
-8.694977339959494289e-01
1.330351289491116529e-01
-4.799279946999123747e-01
2.149455784245036527e-01
5.452638560338189666e-02
-4.285857311244306023e-01
-6.683565858241432567e-01
4.078201248487722808e-01
-7.097294544092173085e-01
-7.272461812334179987e-01
-7.032440861748020522e-01
-9.218390155938286368e-01
4.524584584194665249e-01
-8.690345487085588960e-01
-6.975913656940112562e-01
-5.753735511565810645e-01
-2.598211608836751840e-01
-7.042767317757936407e-01
1.940055743020298665e-02
-6.140868885846884062e-01
-3.498905994446138146e-01
3.967096817293943589e-01
-1.012975016020456920e+00
-7.876194600826809111e-01
-8.236744055709649404e-01
-4.561498876152438875e-01
-8.137172265954648598e-01
-4.350360201732196286e-01
-6.232694316579712179e-01
3.926830267589502821e-01
-6.598463513493315613e-01
-4.377478177941738768e-01
-1.037458351450596838e+00
-5.252711369067540881e-01
1.363562808094586909e-01
-5.200893701069967401e-01
-3.125976368606208089e-01
-1.436392653185864843e+00
-6.094546370363981280e-01
-3.898897483693881671e-01
-7.264519017391193323e-01
-5.426185995928931582e-01
-5.599091044905594172e-01
-5.920547890744099102e-03
-3.787354519574009926e-01
-1.008189152780109676e+00
6.068316976645017347e-01
-5.731253182282302072e-01
-6.650354705220391516e-01
-8.013556819762310268e-02
-7.569767667923923415e-01
-8.864960557269313535e-01
-6.035579502059695844e-01
-1.302588766994498215e+00
-4.640315704551317144e-01
-7.743629357321417661e-01
-8.150663277275843610e-01
-1.917228782965575140e-01
-1.171614135364480308e-01
-8.255244060597282107e-01
6.624660226315640110e-02
-4.348115413104832183e-01
-4.496320416123428254e-01
-5.614203285619463468e-01
-2.810973578793257710e-01
-1.120395536383122170e+00
-6.152974792243849356e-01
-8.515482634635223036e-01
-1.180272319992194952e+00
-9.245514979386403320e-01
-1.384149501583981923e-01
-2.094130469355316437e-01
-5.895546559756624783e-01
3.265751296201048759e-01
-6.379488914083812912e-01
-4.147281120211994687e-01
1.050479397430068129e+00
-1.185156251971039021e+00
-8.299364373512474469e-01
-1.319489200225078818e-01
-4.846827439684268102e-01
-7.114384404703536502e-01
-2.956879823803308938e-01
-5.224727134693898933e-02
-1.019105114928843481e+00
-1.256478340139183025e+00
-7.057662835549459723e-01
-2.954331928683970321e-01
-6.849170338833282523e-01
-7.231803679876948054e-01
-8.165541543952844483e-01
-8.581304049622450192e-01
-3.070069985545847979e-01
-6.524711469060321400e-01
2.976779223488209419e-02
-1.132932738966786035e+00
-6.822805941269874941e-01
-1.193054434009304332e+00
-1.264838885583330630e-01
-5.515607998407376922e-01
-1.259839081494322111e+00
-6.793646588900955630e-01
-8.280757000348382135e-01
3.439378223476392549e-01
-1.021249723318462088e+00
-9.576029903259757337e-01
-4.946289813511903222e-01
-5.150897248321080202e-01
-3.535165354069218502e-01
-8.388449389293308744e-01
-5.605485867473519734e-01
-7.690129297574344047e-01
-7.835987376257932402e-01
-1.284316137857618445e+00
-7.070822460493205730e-01
-5.868267321956441851e-01
-5.172620827536200672e-01
-8.104180024485496681e-01
-2.732252169637018335e-01
-1.066788114772180718e+00
-9.675413189931125757e-01
-7.652242070189114731e-01
-1.235074278918021073e-01
3.598007322660087270e-01
-9.371258791332816029e-01
-5.325685578999106440e-01
-3.708536608757779796e-01
-5.239379045291665538e-01
2.223336072894539772e-01
-4.632355102622157661e-01
5.544168818720919267e-01
-1.079865057397060957e+00
-1.041969267713488190e+00
-7.220794986494954992e-01
-2.877801467991768503e-01
-6.123943579121556846e-01
-8.649429652964601978e-01
-1.148259038283747646e+00
-9.140385533335780854e-01
-1.089886670550650916e+00
-6.125041611073175352e-01
-5.191095568866115340e-01
-5.903152277061831654e-01
-5.720860525569640975e-01
-7.212422276944202570e-01
-9.784365892883906124e-01
2.017544665185422859e-01
-9.999871451398352207e-01
-1.974117616358765301e-02
-5.978894320871509516e-01
-3.155550510518356777e-01
-1.515987144622562288e-01
-2.090893915270743419e-01
-7.313153950644051271e-01
-8.201284820065385395e-01
-9.905222119552975490e-01
-1.051525563400775187e+00
1.936529805954076144e-01
-7.515157936232891300e-01
-1.025738651322996242e+00
-4.132014982835002237e-01
7.556725886583902652e-01
-5.200306245054724386e-01
-1.491061281952323236e+00
-1.109086659969870381e-01
-4.146350214414667446e-01
-3.112760180283491995e-01
-5.246977260838011636e-01
-9.169567601822048442e-01
-5.923820417868368438e-01
-3.503297901885736310e-01
-3.611953908513264588e-01
-7.719354762850871854e-01
-6.680141329478959111e-01
-6.635068726497260760e-01
6.087499685971617946e-01
4.570015948367140562e-02
-1.575471635431313910e-01
-3.349933600055451377e-01
-6.744688109658505404e-01
-7.148766540198903119e-01
-3.655262329472782068e-01
-8.013943483321063210e-01
1.711465890534365555e-02
-8.013588913731676255e-01
-2.418175385081941520e-01
-5.170903767362472481e-01
-7.968408802078502662e-01
-9.928475141764719902e-01
-3.526894677618737650e-01
-6.459652070230618159e-01
-8.089640677821487991e-01
-5.816809736641209705e-01
-5.357833052275593477e-01
-4.932437260946824220e-01
-9.016002492517570799e-01
-2.787785330001610329e-01
-6.531589186018759152e-01
-3.485737680226939084e-01
-9.292395852493797737e-01
6.525715003380601065e-01
-7.176884822902643846e-01
-6.563109089505758664e-01
-9.931063297272688661e-01
-5.115474239012828273e-01
-5.109496524087857594e-01
-4.692998986258551386e-01
-3.452201185924452798e-01
1.616335018378585175e-01
-1.057269058421702379e+00
-3.622594889552215314e-01
2.397733681578473053e-01
-1.225242958780374675e-01
2.967241811014900144e-01
4.512762228396947073e-01
-3.671710439782036595e-01
-2.289783259700922391e-01
-8.556672624877001976e-01
-2.090789990843775759e-01
6.492803868747608342e-02
-1.120760823813824025e+00
-7.902070856247273012e-01
-4.497006427852417998e-01
5.959321459984910918e-01
-6.595006487933516848e-01
-8.620835868858761630e-01
4.699043485715536511e-02
-4.784990739647431712e-01
-1.176729316508543066e+00
-1.121252791710208863e+00
-1.296553526002289236e-01
-5.733598263576988874e-01
-3.305443278241513849e-01
-7.256736064434575473e-02
-1.865094492897859113e-01
-8.007544659610159599e-01
-6.810742172490089619e-01
-1.265760535689506527e+00
-6.547181168095400627e-01
-1.511529958801880076e-02
-5.924717013114223496e-01
-9.152596209745821332e-01
-4.342089142249485473e-02
-8.241776023863748302e-01
-9.477225866850574887e-01
-5.410407716444219917e-01
-5.090697250473970037e-01
-5.623650483974469427e-01
-1.316126845907660714e+00
-7.359949150690979769e-01
-9.594319407559163126e-01
-4.572539563967043530e-01
2.695145068168583111e-02
-1.258219727349343398e+00
-4.009434847137628988e-01
-8.527474608871119521e-01
-8.054590236009877557e-01
-4.803335077766232586e-01
-2.396951248268133494e-01
-3.954228536704738617e-01
-6.282088899709169505e-01
-6.432011355390216956e-01
-5.027591950649626940e-01
3.019133942458223502e-02
-3.921132609157327864e-01
-7.464535703616161921e-01
3.818796798878736076e-02
-1.266972443934325288e+00
-4.762747121202020976e-03
-1.387873180532270379e+00
-7.899793193999931074e-01
-4.650819294811890936e-01
-7.107942710726971036e-01
1.436588882677383716e-01
-8.251591286899404576e-01
5.571639216577469744e-01
-9.650099001101860585e-01
-8.088267461141896986e-01
-9.374504972463398866e-01
-1.127523436880200514e+00
-6.353633781327915342e-01
-6.841274589435127895e-01
-1.505855390963092733e+00
3.305627913763264369e-01
-6.757824433256023333e-01
-7.813131606926486672e-01
-3.024515538929196112e-01
-1.128331548718081390e+00
-9.277870502724802071e-01
-3.302134465655760520e-01
-8.128540323637020171e-01
-7.063847221674073307e-01
-5.344245374349464450e-01
-5.033320816638781059e-01
-6.582236976210420476e-01
5.057032215022708721e-01
-7.895573889905552756e-01
-2.288140394187014037e-01
-8.283717789503682871e-01
-4.198406342054778473e-01
-7.769173150660872995e-01
-2.463582404581437235e-01
-9.226375314704512443e-01
2.225370872532879685e-01
-4.560562861519220634e-01
-5.684108947977989379e-01
-3.684376350469256711e-01
-7.632966349171435017e-01
-6.480914796785274268e-01
-3.484633487125611273e-01
-2.437186536913983625e-01
-6.788085228885566424e-01
-1.200602178327859065e-01
-4.967341401256615829e-01
-6.396346317408939663e-01
-6.165600874882227744e-01
-7.064832335459710899e-01
-9.894382336386366994e-01
-8.429533820010630674e-01
-1.062586500082945307e+00
-1.311780907597669965e-01
-2.910398887130947188e-01
-2.218815443671874332e-01
-6.350127537742858985e-01
5.867570144006242772e-02
-6.993126532022034825e-01
-7.183154733185093122e-01
-1.284937435981168941e+00
-6.172241572539259868e-01
-8.215850387552027234e-01
-1.181568487355893149e+00
-6.923045193248432705e-01
-9.295804762711842306e-01
-5.319581175032929155e-01
-3.412841118694029396e-01
-5.217687765991522175e-01
1.886400343351347930e-01
-6.652701301968826364e-01
-3.922241700635437645e-01
-6.021352137097345514e-01
-1.267162246831114170e-01
-3.758310502770084160e-01
-6.383839457463423850e-01
-4.727195711722070315e-01
-7.881950830423969379e-01
-4.342961018043595134e-01
1.354727048314254279e-01
-1.042873535264220441e+00
-9.856844445891824180e-02
-2.595736505471230027e-01
4.795418038843985986e-01
-6.010753980766155857e-01
-6.833482234420684698e-01
-7.806667700612107685e-01
-5.483459219902023785e-01
-4.451430746437714525e-01
-8.783954408172404138e-01
-1.086773793837378266e+00
4.047663215360507855e-02
1.269365613774633417e-01
-4.801947721273738812e-01
-3.980997663653401686e-01
-9.043799391056316361e-01
-5.798980668195449217e-01
-6.409076184340506410e-01
-5.871813348025370916e-01
-3.680908563447928272e-01
-6.435030886692165719e-01
-1.299286493060604730e+00
-7.360100838611201013e-01
-7.570918866930447244e-01
-4.685017312134244216e-01
-3.147131564728580244e-01
-1.381373626539051713e+00
-1.127227162207756206e-01
-1.264028691661535919e-01
-1.005426420228816120e+00
-5.928539348734673808e-01
-2.867447612043221294e-01
-8.186862637195218007e-01
-1.058287827568185735e+00
3.984119413449829228e-01
-6.129279511560575822e-01
-9.327874856272265758e-01
-4.401446320361871445e-01
-9.990874113441823579e-02
-6.899999322188690165e-01
-1.052314323777573390e+00
-2.134158589483629020e-01
-8.744242198402576438e-01
4.008573948634468892e-02
-7.575013992396056883e-01
-7.480778212649316639e-02
2.885991052777960864e-01
-5.885845169117256415e-01
-1.178080831154735553e-01
9.144175059989720911e-01
-8.355352418383689139e-01
-6.460795236378925888e-02
-6.051402069645968052e-01
-8.190087779640270460e-01
-6.296063180580360186e-01
-5.686324404297136148e-01
2.741885891031421441e-01
-8.342828661764423170e-02
-4.869939638729514075e-01
-7.237548925611038131e-01
5.678091901288690596e-02
-5.250418115573508571e-01
-7.733349794432990976e-01
-9.058657921561799053e-01
-6.183096830854162285e-01
-6.798692836529829364e-01
-1.387251422308303228e-01
8.422043990361025023e-02
-6.177663824749529686e-01
-6.116747924512112577e-01
-6.219204788663428296e-01
-3.772652025019364586e-01
-8.094820953372254546e-02
-7.136044135918973019e-01
-3.258300607074494648e-01
-8.204752374290603667e-01
-1.287945047424639444e+00
-5.912370091338465805e-01
-6.241227799248020292e-01
-7.843217615102456852e-01
1.300322423792390492e-01
-9.031893079218824560e-01
-9.915413020145976697e-01
-5.036734359389115623e-01
-6.033382925000505548e-01
-9.525745187725918051e-01
-3.090760584255122234e-01
1.502303120588787885e-02
-4.056562126811270597e-01
-1.751451132292747015e-01
-9.629345918075760125e-01
-2.532946103362227475e-01
-1.170150023276931295e+00
-4.067099197089856233e-01
-7.659634598405210548e-01
2.600740124190118463e-01
-5.400186809002129884e-01
-6.558165161181488401e-01
-8.951210970328563610e-01
-1.287477770335499205e-01
-1.418362248098011813e-01
-7.402548267823654271e-01
-5.601206439303001439e-01
-5.263714462497639385e-02
-3.272374147088178420e-01
-9.079070725032849509e-01
-9.292919848207124855e-02
-4.733021919847611447e-01
-4.628366767013876171e-01
-2.429083888862745011e-01
2.786373508175222710e-02
-3.232725829363544690e-02
-6.093812385038058776e-01
-3.868347714615893995e-01
-8.415457916255696391e-01
-8.667694866391874031e-01
-5.260893032711541073e-01
-5.551104816955488852e-01
-3.526808470159217279e-01
4.524262823644605025e-02
-5.811347840023604050e-01
-1.837642439113541248e-01
-9.174806655420658652e-02
3.573976645686806064e-01
-5.735137744537045501e-01
-6.965184657921397182e-02
-9.147812076552613858e-01
-7.130321435340865148e-03
3.645758843937851879e-02
-1.048994697918890662e+00
-7.183677363941954885e-01
-7.327499559038167520e-01
-2.298172647240784294e-01
-4.511043331351308194e-01
-7.165536854601970429e-01
-6.358037533408503750e-01
-8.796896788204314754e-01
-3.747247022328337174e-01
-7.553603513907272138e-01
-1.093119048029274731e+00
-3.676946974753094177e-01
-1.348182683896118617e+00
-3.108341711203798097e-01
-9.114145917391691665e-02
-7.654576019791695107e-02
-7.037617487455828380e-01
-1.171780665770295188e-01
-4.291015079025617407e-01
-5.599981663167028501e-01
-1.033292482395699263e+00
-8.546526809248309320e-01
6.239861104236904023e-03
-1.009257153326674761e+00
-7.927627498643343706e-01
-1.082784160668571083e+00
-8.180579011689542712e-01
-6.197755042858736907e-01
-3.139552632455652748e-01
-1.229124688781184638e-01
-4.678976048827144796e-01
-5.917632660438100212e-01
-3.778230324180831268e-01
-1.069684015821674494e+00
-8.489582866640635883e-01
-1.046653246692442973e+00
-7.776058884995602494e-01
-5.363458422383224899e-01
-9.272082455079775354e-01
7.117389519863322189e-02
-1.587255781928597342e-01
-1.026678192446669025e+00
-8.329738647428438503e-01
-8.670248004046630097e-01
4.312959728111968594e-01
-8.127447365003478419e-01
-1.459836665473842332e-01
-7.450673145830499777e-01
-2.984209710248186265e-01
-7.347474702930799628e-01
1.894954908425380280e-01
-4.196156353971629005e-01
-8.674986534090978196e-02
-9.112968207518208352e-01
-6.072909590102953947e-01
2.307451115999867852e-01
-5.696623579017501271e-01
-4.520806082205733878e-01
-3.521512293416766970e-01
-5.372925245734315736e-01
-7.312106482308931010e-01
-1.649924552471446204e-01
-1.090919440746358215e-01
-6.743685515374836514e-01
3.092577628839661419e-02
-8.358972382168171344e-02
-5.742457428109569717e-01
-8.595227573152615097e-01
-5.858336519372018270e-01
-8.814900121839501779e-01
-9.981085215473320948e-01
-3.172827109000808110e-01
-1.103636417661464808e+00
5.462130201188127726e-02
-4.528608131893063771e-01
-4.814550010826602611e-01
-9.213661347183282890e-01
-3.864883032716680544e-01
-5.619031993215564125e-01
-7.945788002779569092e-01
-6.897903779865663942e-01
-7.553439696626483846e-01
-6.611431217705084906e-01
-9.440819643508898684e-01
-1.516457499369326944e+00
-9.224062314421458408e-01
-6.077776771511331777e-01
-1.315761087201417157e+00
-4.796249788431485861e-01
-5.140958878051492542e-01
-8.376557089796261568e-01
-6.303481423175052445e-01
-5.774070746377812924e-01
-7.757442255141567822e-01
-4.382018810758919747e-02
-1.095701948887083166e+00
2.515406338157531452e-01
-9.607875960074139243e-01
-6.117664992599369800e-01
-7.043168397442517437e-01
-4.551599203689604689e-01
-6.890600578133614373e-01
-4.929449877662021029e-01
-1.140718596618388814e+00
-1.277009200379053688e-01
-6.972672581519644419e-01
-1.300629628649560221e+00
-1.598709389388002777e-01
-4.906429818909478491e-01
-6.254380863410814451e-01
-6.487735525871833608e-02
-5.415500120452693134e-01
-7.664496868760327652e-01
-4.572526923481178840e-01
-5.928384997813133106e-01
-1.485094994395935508e+00
2.087334847937623861e-01
-8.639422649704413537e-01
-4.955742535015216221e-01
-8.457764618660070788e-01
-1.145328443949610309e+00
-6.748206977525567085e-01
-7.723250411825890449e-01
-5.179842315478200288e-01
-1.034031557005324009e+00
-7.056522358310348686e-01
-4.599570506035305373e-02
-7.178844903357781693e-01
-7.841241117868044119e-01
-7.520287228929842804e-01
-4.797806579298727336e-01
-6.073188767057601245e-01
-2.479387323250166753e-01
-1.005439988359621895e+00
-5.256104330343284170e-01
-9.813449789831286685e-01
-6.234219202815863836e-01
-1.478332606455460496e+00
-4.193520454170899803e-01
-2.987088899276864606e-01
-5.989784435932181683e-01
-5.338211947801135837e-01
-1.349320475047423251e+00
-7.431857726389867747e-01
-7.074931940149593590e-01
2.925914600486491102e-01
-2.874357731989009013e-01
1.647048318270927236e-01
-6.075005146264274014e-01
-9.085590755747380287e-01
-1.339200409885858756e+00
-2.743880861286150941e-01
-7.951380835136364622e-01
-8.666719789199203161e-01
-9.169453813705525924e-01
-1.558003745589097710e-01
-8.581395733921333147e-01
-9.024356509753973521e-01
-1.262128405496371286e+00
-1.013954428268109442e+00
-1.234052035834448890e+00
1.456670621274920759e-02
1.852604778787495798e-01
1.205836757131712317e-01
-1.246614199582160243e+00
-4.589346173097057224e-02
1.627864982776794645e-01
-7.650367241428610576e-01
-1.083232675323972938e+00
-5.715012563654130462e-01
-6.589147991733597109e-01
-8.117931161853172428e-01
-1.059923059992271988e+00
-1.710849077156097187e-01
-7.293001641292716775e-01
-3.636037340169459564e-01
-2.458682429278164217e-01
-1.213364124982431846e+00
-1.123191551595100313e+00
-1.222926262351535120e+00
-2.170218778067042331e-01
-6.242083408208946027e-01
-1.579513791850337245e+00
-2.370968722479123783e-02
-7.333730504337998557e-01
-1.042525478055925658e+00
-9.741030599251909727e-01
-3.304763282235823052e-01
-9.320720262042031523e-01
-1.263542789221219209e+00
4.122385250381648825e-01
-6.251811516051323236e-01
-6.417821337308172724e-01
-1.020416490169275603e+00
-8.794126064940623877e-01
-1.424317064456912307e+00
-1.263974250972682914e-03
-7.511177940320742374e-01
-1.263563866080295861e-01
3.132912785549792356e-01
-6.748490313529076357e-01
-9.246298450250254319e-01
-4.004145711800540242e-01
-7.888122398370106536e-01
-2.814168927752397353e-01
-1.149693581691549449e+00
-5.609430723113548733e-01
-6.862922034586511622e-01
-6.224201625292117290e-01
-4.914163440699712559e-01
-8.259577788651684127e-01
-8.966490067028353161e-01
-5.880085827367516060e-01
-3.794134362231913471e-01
6.908587892985404433e-02
-1.013679017147957051e+00
1.675327775620888970e-01
-4.077767275696569937e-01
-1.129179080401867319e+00
-1.907204009346703810e-01
3.770655185038181423e-01
1.041809203333725203e-01
-8.076895419328437020e-01
-7.086050601051870068e-02
-4.185019824027897961e-01
-9.440392092366260979e-01
-4.165729389387624604e-01
-3.631280797694722562e-01
-8.759289224255707440e-01
-4.990207126574962571e-01
-7.970364659782942507e-01
-1.059354410807860081e+00
-1.106112504335574842e+00
-7.873552770572717074e-01
4.297193782677747459e-02
7.010705563890832354e-03
-8.394539211367412213e-01
-4.242439971745135541e-01
-1.071997545555163356e+00
-2.636812867107237723e-01
-5.176471760612706419e-01
1.783851693025162166e-01
-4.100642146056600046e-01
4.685810068296455966e-01
-4.318656296038032583e-01
-8.872016337753636517e-01
-6.465177437694367146e-01
-5.018116752472833175e-01
-2.251200026843706292e-01
-5.202688899348348883e-01
-2.210361698169505118e-01
-5.760996607184456497e-01
-5.272546615272577508e-01
-8.438152338578570610e-01
-3.950539740739823502e-01
-1.069950865469258217e+00
-2.676103392063194364e-01
-6.794262051423470838e-01
-9.341577636493468839e-01
-3.407208981711408180e-01
-1.036422663515612630e+00
-6.611223621949342544e-01
-5.050742994150704268e-01
-1.137474856264118594e+00
-1.462263036042741604e-01
-8.781694592829351886e-02
-3.653915276622685671e-01
-4.167856392581624769e-01
7.574367716209128298e-01
-1.072988189797983605e+00
-1.016327241677093207e+00
3.407725771035575169e-01
-6.701786944427614579e-01
-7.696098789301396570e-01
3.040130882361554154e-01
-1.068554121665667322e+00
-3.837128902104049444e-01
-1.188507472482732918e+00
-1.041961421935552412e+00
-1.310276356174305823e-01
-3.110741550682820655e-01
-9.493818049449388452e-01
-4.808111066944492640e-01
-8.712347697965533433e-01
-1.074627668350414345e+00
-1.194583855352799873e-01
-3.637725510758644254e-01
-8.845586745781028881e-01
-2.609012312542987599e-01
-8.083780812175216379e-01
-1.000888625765612661e+00
-5.920344201760070479e-01
2.296706938467550085e-01
-2.879202409583423439e-01
-4.315350959932968133e-01
-6.755560474449846531e-01
-7.267493560371749428e-01
-5.403183477078867814e-01
-1.823140006179721773e-01
-8.271498421607709206e-01
-4.084210824585235988e-01
-3.970431102380184707e-01
-2.924761510502365547e-01
-2.597590014625710819e-01
1.181051033475304379e-01
-8.887030602827436510e-02
-6.699824532998087667e-01
-5.461424625682607115e-01
-9.850726170796576531e-01
-9.221566911737889838e-02
-1.662928420788141182e-01
-4.784551347109747277e-01
-9.673020666367659892e-01
-7.553879436546253601e-01
-8.626930258158259646e-01
-3.710165900841966846e-01
-4.047478649516591531e-01
-3.066534778362723923e-01
-8.164259143754619696e-01
-5.545621674829296355e-01
-8.085483067341575625e-01
-1.620612124596251480e+00
-2.483617246698293923e-01
-1.289844669133578259e-01
1.495134963015495311e-01
-9.959445097697524618e-01
-6.502613537539627675e-01
-3.498007713586716028e-01
-8.964755204930603405e-01
-1.016603582438390774e+00
3.786158868882981698e-01
-1.121662192639090616e+00
7.539061522430583473e-01
-7.056910673609594342e-01
-5.880278532038925032e-01
-5.020859866035689567e-01
-3.758413752747802872e-01
-5.488839776230858281e-01
-2.631700834798093025e-01
-1.088249886305405090e+00
-9.794268772222968211e-01
-1.935768166172776583e-01
-2.145763145540568184e-01
-7.786478196847912425e-01
-6.469702188219754735e-01
-8.320213478901198334e-01
-7.750784346650447798e-01
-6.113074697892687537e-01
-1.069258713436428199e+00
-6.982857948651641777e-01
-2.269662169197049495e-01
-1.240621304639625722e+00
-1.468504778173844172e-01
-7.312859328072769394e-01
-8.952086763728178687e-01
-7.457872624413406371e-01
3.930465649153656177e-02
-9.564435986731748551e-01
-8.560031513464966269e-01
2.869818311201386418e-01
-9.964027595243225566e-01
-1.437939128220579697e-02
-1.249681325660535747e-01
-7.134959980724319140e-01
-2.351415401508231140e-01
-6.064264468626666682e-01
-1.436177442886380218e-01
-1.075940081551783001e+00
-7.482166739048620174e-01
-8.809285273484657175e-01
-1.301063314263534831e+00
-7.574878077627746897e-01
-8.672523503663575051e-01
-9.432103161298780458e-01
-5.497464875551536512e-01
-6.065562263915209584e-01
-1.132897887733021580e+00
-1.328777418565400548e-01
-1.562361402910817931e-01
7.100018087019559498e-01
-5.443541934718265640e-01
6.977064371609510429e-01
-2.849488003282404369e-01
4.706228001507463676e-01
-1.033928335657548381e+00
-4.154431857745518042e-01
-5.118581679688796737e-02
-9.390316585276924366e-01
-8.080932786801217071e-01
-9.083103991008442679e-02
-9.757650366799505148e-01
6.242869819581515767e-01
-4.954921985187843991e-01
-7.241940362276340082e-01
-1.084203671233048061e+00
-6.446257782940800762e-01
-6.902820792336035183e-01
1.721500119544734642e-01
-1.315402364657666689e+00
-1.968995116996750394e-01
-1.376513854542710469e+00
3.293809352825841086e-01
-1.873973248851963924e-01
1.861906837137230764e-01
2.094397400167002099e-01
-7.175557563717812615e-01
-3.851846411344957422e-01
8.628890571086972328e-01
-3.845161887715415339e-01
-6.451007856452662947e-01
-6.074762370936127587e-01
-8.896039930184149180e-02
-7.609992256553954615e-01
-9.500460091906119953e-01
-5.244410938217588525e-01
-3.852078246415053253e-01
5.085760250466675458e-01
-3.055392313074343225e-01
-5.548365316282527493e-01
-8.716056394538320706e-01
-3.200391182799773859e-01
-4.145013785561824093e-01
-2.844982848012366783e-01
-1.893679317059164535e-01
6.327065677208540961e-01
-4.953013581834752599e-01
-1.269652861610173211e+00
-1.232970715195805589e+00
-5.762017134152792597e-01
-6.133345193858923405e-01
-1.093074999513927281e+00
-3.930612561447539566e-01
1.636213422917646987e-01
-1.456291103256672215e-01
-9.659256945530972915e-01
-7.511144160961888971e-01
-6.323874083875034025e-01
-5.144875434933172675e-01
-1.031533926908499543e+00
-8.089999326293915161e-01
-4.936946767399789660e-01
-1.058121285963694369e+00
-5.917577576697941044e-01
1.899372032143614025e-02
-5.591789435537976027e-01
-9.913348911959879439e-01
-8.965033384942993067e-01
6.168919193317017324e-01
-4.044049703621447334e-01
-3.395943917166348025e-01
-2.863028956497949973e-01
3.262718056062034050e-02
-3.136015446824678699e-01
-4.181090005134091570e-01
-8.635947483833030791e-01
-2.604137067985219933e-01
1.084116059750794003e-01
6.110806894070413414e-02
-5.665310033448990312e-01
-5.326498037682608766e-01
-3.292897809954094535e-01
-1.088009848309057892e+00
-1.002274487430041106e+00
-4.522518589744861095e-01
-4.943877474345966805e-01
-1.017375964297992263e+00
-3.270181062038961251e-02
-1.692722113296732944e-01
2.858557691265907752e-01
-8.534962307194723374e-01
-5.874127554065811108e-01
-1.113521165025164850e+00
-1.118662377202872538e-01
-8.568729156845881212e-01
-2.500963172124908152e-01
-1.585031293100026828e-01
-1.151499575481855109e+00
7.934064580843802617e-02
-1.343998896310421909e+00
1.327232562262670723e-01
-7.716098276933782696e-01
-9.997397226963962158e-01
-6.602931152824597083e-01
-4.842639930360742584e-01
3.450616928263877115e-01
-3.734047565672344859e-01
-4.994061163691154714e-01
-5.162525776688821066e-01
-6.342006563553462817e-01
-1.020813917781258517e+00
-8.183231265997358284e-01
-5.465242544133616098e-01
-2.403438715226081657e-01
-4.049671008154941132e-02
-6.054244970362254730e-01
-9.813587680823614434e-01
-4.514466193334398803e-01
5.759249991306711891e-01
5.991405888009880831e-01
-4.632093406585708339e-01
-1.293906681888195465e+00
-5.087213709305914433e-01
-2.771623339078033155e-01
-6.273026832370303119e-01
3.800106819723720331e-01
-5.448481735438285289e-01
-1.288568092789572850e+00
-1.016386032240718329e+00
-5.896167495103913359e-01
-9.068094684753724710e-01
-9.137932402811209665e-01
-9.220770069259087709e-01
-7.453430656557770151e-01
-7.347704908906194099e-01
-2.958773945530397409e-01
-4.712732034169741513e-01
-1.598632741422512327e+00
-9.671846996943285202e-01
-3.765360801863967266e-01
-7.719225317574601730e-01
-9.808143671583781087e-01
-1.235362455408962612e-01
-1.188099027152919263e+00
-4.268456554828488070e-01
-1.312671741637277290e+00
-8.185492957859352714e-01
7.453172942976644677e-01
-4.864673685255279656e-01
-7.183241786351091118e-01
-3.022194223383640188e-01
-9.515957121466871171e-02
-7.003838828308236453e-01
-1.122394946984839326e+00
-8.441031218682164550e-01
4.569236577532068688e-01
-6.036794689611630904e-01
-5.566277290553532930e-01
-1.083495985972380282e+00
-6.002645793432883625e-01
-3.529558956193329378e-01
-4.163316267205973698e-01
-6.540715063115387640e-01
-6.756565458372373323e-01
-4.856462376572913686e-01
-4.348163108933061904e-01
-3.609570669779608720e-01
-7.207454237539578923e-01
-7.516707238560381699e-01
-1.272780271530792540e+00
-3.414976203891582213e-02
-4.110723430911115139e-01
-7.927507906865806364e-02
-1.121478109657122912e+00
-4.893189328612689848e-01
-2.478206932367658932e-01
-6.655903478751012958e-01
-1.493969946642891289e+00
-2.651848653818235646e-01
1.244943522031626143e-01
-1.214389198060584762e+00
5.922700203522356377e-01
-8.088408909911267708e-01
-7.611025434565842351e-01
-1.038198039674522066e+00
-7.725073204779165925e-01
2.989547096718561670e-01
-6.936403506856740897e-01
-1.142768318395384064e-01
-1.018767246667535042e+00
1.335233599691948436e-01
-1.656046408453246688e-01
-3.019945453555356596e-01
-1.007517112608986437e-01
-1.717716985051672696e-01
-1.125819541392719114e-01
-1.046011357337069514e+00
-8.856488995038740430e-01
-7.236036159500083276e-01
-7.378884622647119418e-01
-6.068251202488649243e-01
-5.316969583233678298e-01
-7.881232836085849680e-01
2.538502417777144249e-01
-6.971216123185187685e-01
-1.057174335362891071e+00
-5.125320384652422012e-01
-3.098676959884075766e-01
-1.019359533485807212e+00
-4.922173789710830860e-01
-8.046780365595713747e-01
-6.186549373738889912e-01
-6.194281993629336958e-01
-1.225863465924285745e+00
-4.817659204206955481e-01
6.871781857078085309e-02
-8.613876649147566011e-01
-7.413855512797112857e-01
-6.076422070271881859e-01
-9.958719135505793574e-01
-2.493252578323615701e-02
-7.745266415730212017e-01
-8.508017537190993851e-01
-3.241018426312601286e-01
-3.724328995896294958e-01
-8.694895970966390886e-01
1.118412133614398590e-01
-9.768009836387735456e-01
-6.468133719754884936e-01
-4.691009491163430911e-01
-1.569531821288128182e-01
-2.566654390804233299e-01
4.510133653830701861e-01
-1.659444609243467816e-01
-5.537679426779132386e-02
-8.468401969839766119e-01
-6.559707324246242255e-01
-7.177623972046355272e-01
-8.185606545966547243e-01
-5.443878138252461474e-01
-6.085229852237219461e-01
-5.539580733530278245e-01
-6.918534441460829632e-01
-7.805209165689441786e-01
-5.570760409293910032e-01
9.980125912722918879e-02
-5.625167130767168011e-01
-1.740281527278768892e-01
-5.846402127848245867e-01
-7.917183458487623282e-01
-1.021858318211048555e+00
-5.487226280652447441e-01
-4.150670255179946255e-01
-6.609893088585861998e-01
-2.780338152892316006e-01
-9.075976823643817637e-01
-5.809109724870115121e-03
-5.697569470150944948e-01
-1.429198790960643617e+00
-3.619157047524670379e-01
-8.301067947909176459e-01
-3.863904141331298003e-01
-3.239914629264263879e-01
-3.986565396978988263e-01
-7.573818659386143404e-01
-5.494919125529522663e-01
5.332260984458571107e-01
-6.423574208489397641e-01
-7.582141634101686734e-01
-3.433252872639916409e-01
-4.728412737740667615e-01
-3.658938703963671712e-01
-3.421237345353747017e-01
5.214814531727639535e-01
-4.287889187901982591e-01
-6.375616454828670898e-01
-6.614906452471059906e-01
-6.364385179638988310e-01
-8.099725367995886938e-01
-1.262767056848576264e+00
-4.448217240145952989e-01
1.146614937415545432e-01
-7.849917930643028896e-01
2.273454684808142168e-01
-6.274421702584349891e-02
-1.130387755054931276e+00
-1.289223162798229128e+00
-1.045183715131605684e+00
-7.631573398836473121e-01
-8.966526387824822475e-01
-3.310412671507495432e-03
-1.118436519807134433e+00
5.192033103937455651e-01
-4.436818644626275288e-01
-7.832714321320646267e-01
3.809920261284460152e-01
-9.638468071042309848e-01
4.718911454389938531e-01
-7.151869929635331635e-01
-1.065947491066616681e+00
-5.143923738987459249e-01
4.896416507703542365e-02
-6.817461071102608461e-01
-9.519308785966339448e-01
-8.061336065357874725e-01
-1.405688195489336545e+00
-7.070566299372850194e-01
-1.282579707307716366e-01
-6.648884655698679147e-01
-8.822946772046623698e-01
-3.736443804306061045e-01
-5.269625516704363744e-01
-5.287350054931458931e-01
-2.757947589053813542e-01
-1.193656949482621021e+00
-8.817523389779423348e-02
4.195916610385851397e-01
-5.026541912792295008e-01
-3.607872016590094599e-01
-1.306915666635136697e+00
-3.648216252498964196e-01
-6.028678355807395306e-01
-1.837206825656038378e-01
-1.652975477943653404e-01
-9.387167079471402387e-01
-6.817667374438448613e-01
-1.005077268170625926e+00
-8.868999854232466618e-01
-8.329181150480399198e-01
-5.410695640145960494e-01
-2.252048400561099673e-01
-8.813510426442280332e-01
-8.442963526951482445e-01
2.830470419003213584e-02
-2.100995145125343910e-01
-2.169183288653616648e-01
-3.639022140850686204e-01
-9.352018066021358100e-01
-5.351124988367235158e-01
-6.248722552807828290e-01
1.208118311301587644e+00
-5.810391148900292402e-01
-3.647551472105866610e-01
6.027748852292116183e-02
-1.225981423112798563e+00
-4.838302947934690623e-01
-9.338946512225437813e-01
1.774126177085401379e-01
-7.882239222541930213e-01
-3.296021333133241638e-01
-1.290979869413845904e+00
-4.217621647790291139e-01
-8.590086588428740288e-01
-1.034421003220241664e+00
1.026002138647511275e-01
-6.108157772113239625e-01
-3.464170975098495031e-01
-1.180437220949687588e-01
-1.029444926215675515e+00
-1.052707819410971357e+00
-1.524471907163201245e-01
-3.958988224525695765e-01
-1.228724022141574279e+00
-6.465158540630526474e-02
-1.003154698208407636e+00
-4.761203250221480165e-01
-1.358880360666391562e-01
3.321486195651853213e-01
-9.146678113581517833e-01
-1.015921925439869922e+00
-6.129415211817781373e-01
-4.512249772117512547e-01
-4.288564669089346970e-01
-8.603895877778796608e-01
-8.511850175423402165e-01
-5.717690096304235414e-01
-1.996869338564818963e-01
-1.062522163650049700e+00
-4.788560978410216218e-01
-1.208656334177768965e+00
1.793345848827695710e-01
-3.430136101400053095e-01
-4.505629884233856020e-01
-1.127196198217528256e+00
-3.403678864914703728e-01
-2.097115835303819120e-01
4.570474164632306047e-01
5.965987679314477266e-02
-5.228284805362742871e-01
-1.849505933337660668e-01
3.265206703311935438e-02
-1.124400518174108049e-01
2.094496541472280760e-01
-4.268914163048500576e-01
5.618161106564837359e-01
-5.435793203591157696e-02
-6.018164076159966402e-01
-1.077212413868650076e+00
-9.920079793721404970e-02
-7.466829115237345604e-01
4.076897476015849398e-01
-8.852850322716965259e-01
-5.300540873604651093e-01
-9.166368112330723905e-01
-6.430279214582779179e-01
-1.243733085044118475e-01
-8.143547110973522463e-01
-6.913372067925345477e-02
-7.030227394196112423e-01
-3.636956572691123490e-01
-5.975748406998243611e-01
8.361036326750984626e-01
-9.778185152443080730e-01
-2.343995273046025618e-01
-1.339064208907327469e+00
-6.824499658779730193e-01
-4.401067657417670476e-01
-1.309758300961419097e+00
7.462931484701004203e-01
-1.478163292095265313e-01
-1.186002196167805334e+00
-4.421863237723466233e-01
-6.549616654118576298e-01
4.430451649358003174e-01
-5.763061878284239103e-01
-8.878711483691225093e-01
-4.418964572307899630e-01
2.827747487105568003e-01
-6.749006869237690331e-01
-7.397533370655448026e-01
-4.340325256122990472e-01
-5.687497465775795957e-01
1.109367374077347562e-01
-7.813693506584178383e-01
-9.051984655685981762e-01
-1.293712298292558627e+00
8.486861166110377941e-02
-3.685300107398541969e-01
7.304436500488972750e-02
-1.151291859771934822e+00
2.193713943747699069e-01
-7.114692047958197652e-01
-3.494057012882592073e-01
2.228600451339853294e-01
-1.091272611470239351e+00
-1.273699837368540866e+00
-4.640154692773999501e-01
-1.001854228388016521e+00
4.795985944614484242e-01
-4.746321115824950199e-01
-8.119081269049741589e-01
-5.460994888010601844e-01
-6.684615979315033929e-01
-3.820328066897782926e-01
2.992618262708459653e-01
-9.045291181283978688e-01
-6.168242665327495766e-01
-4.211574117722625687e-01
2.205305636817767312e-01
-4.479033036013160829e-01
-1.015349302234936912e+00
-3.151561664813763430e-01
-3.050657789355120664e-01
-7.885448798099602419e-01
-1.310471602622221399e+00
-5.426079947405325621e-01
1.646837406800396586e-01
-8.415564271687702158e-01
7.405396820465145330e-03
-3.804485994489626433e-01
-6.352017237437074249e-01
-7.814836674857411625e-01
-7.636729005151612348e-01
7.893349890816202252e-02
-4.703347531899791378e-01
7.317957389314225791e-01
-5.872709831149679482e-01
-4.050632350425809047e-01
5.611032487474486574e-01
-3.110259675241618949e-01
-8.116875641106346961e-01
6.661223127305069235e-03
-6.078627607211725126e-01
-1.033429868176586108e+00
1.188715204306911993e-01
-6.543659872196676552e-01
-9.201216464619762503e-01
-1.669138589849563203e+00
-7.489487717827312263e-01
6.147545399008503830e-01
5.443011490622124970e-01
-9.312446150707281989e-01
-1.048033363985549249e+00
-1.026183642164528065e+00
-2.595338738386272492e-01
-1.088698087966551764e+00
-4.095870348210567391e-01
4.679291860575895967e-01
-9.222292290361073785e-01
-2.569437324802436584e-01
-3.947189437815509239e-01
-1.022284749083046451e+00
-4.014415421403035311e-01
-6.142239736229355707e-01
-6.780300309710705076e-01
-6.145845991313421131e-01
-6.185531806916668707e-01
2.242447151808599215e-01
-7.264171199860048889e-01
-5.434122746670916326e-01
-3.946069919703561468e-01
-5.065517265374082090e-01
-6.422220037393560066e-01
-2.227558205057366403e-01
-2.545549782729625288e-01
-7.358171388530215795e-01
-9.097110161284956142e-02
-1.292373645905160018e+00
-2.755115740897827181e-01
-2.231262185652070629e-02
-5.608789639315936437e-01
-8.496566809378797158e-01
-9.129489270589118410e-01
-4.385185335545920826e-01
-1.856791169541136821e-01
-9.243199990631518759e-01
-4.088955886195647649e-01
-1.072050677382622386e+00
-5.839047910994089596e-01
-2.339684478822612879e-01
-4.181648532072977376e-01
-9.049061334306223170e-01
-3.938666777588885060e-01
-1.199828955710046996e+00
-8.579603706500503746e-01
4.351880608136363127e-02
4.791536884083800185e-01
-8.672841564935948044e-01
-2.712873255826821484e-01
-4.748165280710488489e-01
-5.072950393008487380e-01
-1.074521485143788757e+00
-8.457790659369933406e-02
-7.962947353466335310e-01
-1.214212636002103274e-01
-5.747626707366292331e-01
-4.253227361565603548e-01
-1.744924014825374736e-01
-1.044839011182276511e+00
-3.061026684028010370e-01
-3.487289046168723927e-01
-5.487630375047557463e-01
-3.380004267740319146e-01
-1.585681630446831303e+00
-1.003877254787401752e+00
-8.552192146157160391e-01
-1.058133359530710083e+00
-5.847000062601644954e-01
-7.062909580732407155e-01
-8.175468156303330458e-01
-2.024911522810801112e-01
-4.526135851518283126e-01
-8.195439067635806873e-01
1.436319706901738151e-02
-9.037510125498741109e-01
-9.682410621277900420e-01
5.938610919368961794e-01
-8.524557820305461719e-01
-5.463477255945010658e-01
-2.268410638301075477e-01
-1.184404569676563490e+00
-6.358390333646459780e-01
4.846654915589457269e-01
-6.980491089203247901e-01
-2.446492927038853571e-01
-4.092970907198827391e-01
-1.048779586582530454e+00
-4.794209115370178242e-01
-5.223265449191493159e-01
-5.263536108644822908e-01
-9.084447339040354619e-01
2.523662993373623764e-01
-2.573403522900976625e-01
-4.934221490910527530e-01
-3.375499703383076366e-01
-5.910033201465537678e-01
3.222675934822775701e-01
-2.370891427184884104e-01
-7.997310776226845830e-01
-3.216075666400056154e-01
-3.648742377123549430e-01
-2.436753113689021366e-01
-1.281391651527207243e+00
-5.245040310574177189e-01
-8.839819085195018689e-01
1.815682697315316174e-01
-1.154076942608239342e+00
-9.111645131195487135e-01
3.001979186727394069e-02
-3.601836874703702174e-01
-4.283039932967419583e-01
-9.263643707878143063e-01
-2.918030285216225983e-01
-9.740483231971542866e-01
-8.233318609348867501e-01
-8.732354070790918632e-01
-2.852021290079770899e-01
-1.019788601179285381e+00
-1.344130249951890933e-02
-8.049506421962819847e-01
-7.706043785855306583e-01
-2.628088545860012837e-01
-6.906987619891287178e-01
-4.821792956129049568e-01
-3.056840112405270760e-01
-4.508351741848655170e-01
-5.730984822124968181e-01
-7.714645723745622297e-01
1.524706142133127121e-02
-8.252471685565277992e-01
6.270380376244722997e-01
-8.255298419311056790e-01
-4.982118828318330972e-01
-2.983143304969164689e-01
-1.389557007003468625e+00
-4.917967037816796116e-01
5.303785320555085558e-01
-2.026795251326145020e-01
-1.161533425468007863e+00
-6.044692396794357769e-01
-7.539267324511906843e-01
-6.027824691926554346e-01
6.208816406879162642e-02
8.322499292283253025e-01
-1.133253758709989123e+00
-8.534709888532040489e-01
-1.124917421539696205e+00
-5.554325744281557453e-01
-8.016026615954301437e-01
-8.840409777331977859e-01
-7.179668379367924735e-02
1.149713225365151192e+00
-1.126054817109833017e+00
-5.698746348858180211e-01
-5.367930291281133304e-01
-6.169064040821486961e-01
-1.183227863879041886e+00
-4.304637354975873187e-01
-1.911839479007965692e-01
-1.395317917120001416e+00
-4.696488122875961402e-01
-1.489589368709789696e-01
-4.755699883780892812e-01
-2.520994894960826849e-01
5.050209564988458188e-01
-7.966391166327132511e-01
-4.071311094378201600e-01
-5.869684217180107799e-01
-1.027369124459325045e+00
-7.208803114269722867e-01
-4.104585631810008794e-01
-3.008000731584138943e-01
-1.228084982387251944e+00
-6.368651976888967114e-01
3.686883681844053684e-01
-6.505879389189436202e-01
-9.066169326635642456e-01
-3.304618239446230343e-01
-4.977414217538223551e-01
-1.164934668886428160e+00
-1.658496079430649695e-01
-3.525162830292057348e-01
-8.960895602076555111e-01
-1.430012193357178996e+00
-3.784375160504647173e-01
-9.575935955327082860e-01
-7.635249514155900696e-01
-5.484764574389191516e-01
-3.663775228686265706e-01
-3.702585483497902175e-01
-6.860582840167595009e-01
-1.510707711073888404e-01
6.851850284078921938e-01
-1.594725069464850153e-01
3.177606595443185911e-01
-8.466374536651037896e-01
-6.648351427927798318e-02
-5.595614935821618952e-01
-1.062979215163379676e+00
9.793173435317671302e-03
-4.921545553711398346e-01
-1.333567946493532608e+00
-3.407586129206605641e-01
-4.853815188060366936e-01
-5.513275950246264712e-01
-1.141692649029693030e+00
-7.416952933692200212e-01
-5.856528900028623585e-01
-1.032869722822532310e+00
-9.500120008338606148e-01
-4.974851523457069491e-01
-7.533157159349271881e-01
-3.199391690413352918e-01
-2.956248468827395448e-01
-2.028566045130180406e-01
-8.450231606664264650e-01
1.531112213959199497e+00
-1.135768303109134791e+00
2.055073064836358265e-01
-7.940229533741303136e-01
-1.075717280932082742e+00
-3.251304090033250160e-01
-8.530043840310364001e-01
2.027423614516858652e-02
-6.436325209356092980e-01
-8.196095250725398129e-01
-5.909077355396530340e-01
-7.155879350298167685e-01
5.599258732945125994e-01
-2.774456126242951792e-01
-4.384830032412767031e-01
-4.135187593232430570e-01
-2.249851365383956706e-02
-5.527208432410707362e-01
-6.279535308673513949e-01
-2.825168957013889370e-01
-7.289491623507643459e-01
-3.282989946440905138e-01
-3.559269094820427526e-01
-1.792770765818628431e-01
-3.893646600319674023e-01
-5.058040906853239482e-01
-7.770661939400885787e-01
-1.599090101187957691e-01
6.703769511801076497e-01
-8.616834261180433829e-01
-3.358052931106361161e-01
-6.705718580134963913e-01
-9.089396476329826280e-01
-1.733500817015536932e-01
-1.187865377072973461e+00
-9.380179903861911583e-01
-7.028783167369697660e-01
-3.644861381162394220e-01
-5.166657824986293779e-01
-8.254345384977069822e-01
-1.344893082288062480e+00
-3.868402000472588864e-01
-7.611336612909415100e-01
-9.732109090527009121e-01
-5.164824607062853401e-01
-8.882181056556787135e-01
-5.414929179523926273e-01
-1.172175928566623559e+00
-7.779165744655913706e-01
-3.371148628736447272e-01
-5.902748622437868908e-01
4.539818423471570635e-02
-1.174574299319411708e+00
-8.212538798886818148e-01
-4.217545932331022152e-01
-4.912829306474445490e-01
1.837868957231526545e-01
-4.618498341453940448e-01
-8.957417691198149567e-01
3.176721922161472589e-02
-2.997511310631722492e-01
-7.251557730088270537e-01
-4.815000536292566302e-01
-5.215990199971558550e-01
-7.296358022934129606e-01
-4.821577261799140368e-01
-6.410000694449523584e-01
4.621703049721895967e-02
-1.153931364867326198e-01
-8.139883665924341205e-01
-4.305329043301583947e-01
-3.539292177445661769e-02
-6.232324533744230122e-01
8.300332214032627234e-03
-1.282235721384893168e+00
-3.980276755566647950e-01
-7.788871647146247690e-02
-4.873709648796861749e-02
-9.403973767136662998e-01
-1.279355083220084621e+00
-6.848373034399244386e-01
-3.329588173316070376e-01
-1.337212510760950879e-01
-6.633208004829510562e-01
1.147246913457507178e+00
-6.862789026520943469e-01
-1.540400049726061482e+00
-7.663908816696438642e-01
