-8.274052775353846201e-01
2.097095004924915684e-01
-5.662219377404602988e-02
5.354475158637604926e-01
-1.014407082190311310e-01
-9.242886587671927945e-02
5.844988102881425451e-01
-6.415709778497988847e-01
4.217687975174994053e-02
9.909684768927299325e-01
-5.146414809605240892e-01
-3.845759122121227835e-01
-9.501656520911639925e-01
3.582087811888369222e-01
3.174896776200795134e-01
-1.202478305883216692e+00
-1.040208919547719367e-03
-9.013484758930737639e-01
-3.878463723573664090e-01
-4.792613409904711852e-01
1.172963561063583293e-01
-3.082263342963770247e-01
1.478291983135503029e+00
-4.206346867062705774e-01
-6.201080049274332318e-01
-1.918389502856628348e-01
-4.079381682553537974e-02
2.174398257739989238e-01
nan
-2.502928939628782934e-01
5.402954486473459106e-01
-1.210457518288091894e+00
-2.162511392751358119e-01
-8.113527316131341482e-01
-2.449298047681307822e-01
1.680510895605336619e-01
-1.551024142815933538e-01
-1.022466612139196540e+00
5.103207496958104411e-02
2.798416438248260141e-01
-4.472213254900939683e-01
1.919380714356069134e-02
-8.216251355461553496e-01
-5.898145119005415715e-01
nan
-7.817907453077977964e-01
2.849103330425730163e-01
8.007679293653037489e-02
-7.181178384449691254e-01
2.970719823894402145e-01
5.569773054426374603e-02
-4.599497115319316487e-01
8.025833221851814275e-03
1.030520600550625249e-01
4.736237246763860820e-01
-1.566732351431559811e-01
-5.184356732549488811e-01
-8.440621949056542617e-01
3.106723207522244512e-01
8.798406525739036477e-01
-5.857166948523168104e-01
-5.189869111040072980e-01
2.873608105066788321e-01
-5.618789692713874739e-01
-9.600447444020927534e-01
-6.489820706139711737e-01
-1.202294434049397065e+00
5.715305826964559577e-01
-2.564453820079667934e-01
-8.273961842638736242e-01
-4.845736794165564909e-01
-6.101217304243780060e-01
-6.238521071712307409e-01
5.148152376394874441e-01
-7.658879924103538517e-02
-9.070018129560974973e-01
-6.066496339820369732e-01
-1.192392098384718491e+00
8.252069805345930709e-01
-1.041398035771793795e+00
4.758232313390681756e-01
-1.034684575937463658e+00
1.261837565520170512e-01
-4.648628468039173178e-01
-8.070172626584879438e-01
1.591480792421648763e-02
nan
-4.830546973678048195e-01
-3.461083413159439792e-01
-8.698570523857553916e-01
3.096308928344747302e-02
-2.000046171053565525e-01
1.885276806439839248e-01
1.230546722611782218e-01
3.368818918311000665e-01
-2.035950565558289627e-01
1.748133732208168256e+00
-2.809082022352599184e-01
-4.021413250715846210e-01
7.227622020516712154e-02
-3.928563186638391880e-01
-8.882232896604805861e-01
nan
-2.492548638184390597e-01
-1.413200610065040996e-01
-9.767005731468078045e-01
-2.656483474196079664e-01
4.356999725686985792e-01
-5.129242728878633528e-01
3.011909221296563133e-01
4.391435639380203981e-01
-9.234114647786999253e-02
-8.100849250617587760e-01
-3.154019625623937784e-01
-3.451142872712366638e-01
-1.946935052873893235e-01
2.297183119647450700e-01
7.376101669690974250e-01
-6.159000921879123069e-01
7.840491751409670584e-01
-1.647088707711680255e-01
-1.374272752242439166e-02
-5.403125723606757580e-01
-4.850570779523235565e-01
1.461127255395795743e-01
-5.607942047569861033e-02
-9.459496105099255425e-01
-7.392296998917943229e-01
-3.917048068068895161e-01
-9.919823943607618544e-01
4.034296711227780552e-01
-6.726706804627899938e-01
-2.472910542605409323e-01
2.208550014574455767e-01
3.672746604031464357e-01
-2.282950451739857584e-02
-4.054112919474961996e-01
1.849439164706972727e-01
7.957592023824946459e-01
-2.621953706490586788e-01
-1.200709882240759585e+00
-1.474209921767855702e+00
-2.048928283685104157e-01
-6.169115503282783797e-01
-4.568366891145524411e-01
2.814721673227435494e-02
-7.276947854374180014e-02
-1.199558175992337272e+00
-3.461362018871473878e-01
-6.124301862175410976e-02
-4.049862533857936930e-02
-9.710516911293392006e-01
-2.010610842056831105e-01
nan
-7.709533589876828297e-02
-8.665391870823777598e-01
-1.062002899181066384e+00
-4.714102099474335589e-02
-7.017182054572507210e-01
-1.868267851566981219e-01
4.616174208285908631e-01
4.638128159422862939e-01
-1.351370671456200989e-01
4.947943048380917253e-01
1.222504507306981514e-01
5.696029863069924926e-02
-1.956846493492486183e-01
1.535524460549242409e-01
-9.276637426302943856e-01
5.649531726773430185e-01
-3.254226716538514141e-01
4.243732634533037285e-02
-8.134533372767688286e-01
-4.725604140950089849e-01
-9.199397407468357102e-02
-6.775608095699960920e-01
-3.454864342276721123e-01
-1.108098234096628110e+00
-2.409081964324681982e-02
-1.048655165146863633e+00
-1.244287312500899967e+00
5.415262135915978048e-01
-8.721356634479446868e-01
1.395561542084973183e-01
-4.590426892972650913e-02
-1.021989014188567912e+00
-9.262685473131075653e-02
-9.275350978202562269e-01
-1.494069057486764329e-01
-9.300135863940232894e-02
1.120134773859723515e-01
-2.386860725055073018e-01
-7.572781931816712220e-01
-7.992772604346770615e-01
-1.125053670707723663e+00
4.135737715068313336e-01
-1.167730761613990698e+00
-7.662165227010656610e-01
3.334130026634740673e-02
-3.412524812089554049e-02
6.789255365482677052e-02
4.073966678704962208e-01
1.003002100181549894e+00
-6.810108573019046929e-01
-1.989923762212409408e-01
-8.794998513175117383e-01
-6.508200741679677215e-01
2.339642105490187252e-01
-9.437257111421326616e-01
-6.700890687729729178e-01
4.804550930914722184e-02
5.000023291425322869e-01
-2.623979989866904727e-01
-4.012262044147851259e-01
2.483309859447778156e-01
6.807174698139298874e-01
2.903843714758414518e-01
nan
-5.240743300181235353e-01
-5.580499183771706617e-01
-3.407744913676022391e-01
3.490878198696703572e-01
-3.767294716134058086e-01
-1.004278192032834527e+00
-2.411112829644131150e-01
-2.630911861292447029e-01
-1.177175950677344263e+00
6.372217104290010814e-02
-1.256044512760057907e+00
-6.484310939339715807e-01
7.619761466993252297e-01
8.648726716504068213e-02
-6.232421835638274343e-01
1.480266333606294060e-01
-1.007227417163358396e+00
7.834597190787961907e-01
4.225531568801001447e-01
-6.922637210996285262e-01
2.818585213564754333e-01
-6.070287196806418706e-01
-1.713253981356846478e-01
4.697222758175274571e-01
-6.238364860718972338e-01
-3.938982683105348714e-01
2.019813071401313151e-02
2.095813397030321656e-01
-1.339726043706429115e+00
-1.470895106729126489e-01
-8.619341514104467139e-01
-6.981963966876192362e-01
8.314650024870994249e-01
5.982982324641122895e-01
1.072807712154156157e+00
-9.025671168162854308e-01
8.047848006418706346e-01
-4.123881389670262521e-01
-3.664377514069376840e-01
-6.633061425488563367e-01
4.114347642497025448e-01
-5.562650674733041756e-01
-2.760363931301045293e-01
-1.035546942318336938e-01
-1.703828451769308083e-01
-3.166122931402309271e-01
-1.988912494608729986e-01
7.612419375224832585e-02
-7.223375976805220811e-01
-5.734870903682743881e-01
-5.678353286006589951e-01
-3.658461977448469460e-01
-9.695972592007596758e-01
7.304658540923081311e-01
-8.902730020680648115e-01
-6.869821282585923949e-01
-3.385825299093504492e-01
-3.592428524554380775e-01
-5.583856502270819755e-01
7.387980088006211865e-01
-2.996856607675847939e-01
-5.244303992582665108e-01
-6.591488261854930863e-01
-7.946280193164854955e-02
-8.017587297578280259e-01
7.380083824232985812e-02
-6.404783709070062114e-01
-3.625519144945300171e-02
-3.729085366597294504e-01
-1.729270851155210176e-01
7.991704317606838082e-01
-7.915898355293402577e-01
-5.380869654631098564e-01
-6.742348965876867606e-01
-3.542186752840507658e-01
-7.222127165130638460e-01
2.017501143960823029e+00
-4.875871346413004348e-01
2.083568361933516022e-01
1.003601336725235216e+00
5.891956382934888659e-01
-8.815031437297878858e-01
-2.433275296069273841e-01
3.122535817718135043e-01
-4.317458546539411079e-01
7.015392739188719418e-02
-1.102602382096301570e+00
3.436570667607700136e-01
-5.800311286469881367e-01
7.606270064520539442e-01
-1.341663192505200497e+00
-1.231664524446999920e+00
-8.317333698791441465e-01
-6.600520453923000019e-01
-4.264662445189535411e-01
-4.998742906070764991e-01
-3.741484411174334501e-01
1.209276400970654697e-01
-5.284386713032374061e-01
5.377488367467923025e-01
7.929654299600372713e-01
-7.540808370613534262e-01
-7.813591806296487086e-01
-8.038318739737330132e-01
5.150569951030238292e-01
1.973600629168703324e-01
-1.050056928184920496e-01
2.184981388469917074e-01
1.585734298041066859e-01
-7.676780052402134569e-01
-3.138121454889106210e-02
-7.625019173316796017e-01
-1.061185132777066498e+00
-3.068994240661702677e-01
5.059824148621521189e-01
5.626052723491220542e-01
-3.576793966679340242e-01
-8.786512312564755955e-01
-4.434926749238078392e-01
1.495111270987722063e-01
-1.837165382636084254e-01
-5.523198957963976197e-01
1.199517291927067533e-02
-9.590213341388598156e-01
-1.330544266344669158e+00
-3.015801871479059648e-01
-6.819193921025438199e-01
-3.100450402102896685e-01
-1.541622951216947923e+00
3.824730338329102031e-01
-7.992310799018317313e-01
-3.958597901257659979e-01
-8.622487293487983429e-02
-6.165885862618222246e-01
-3.561878435621032568e-01
-9.410309282573687817e-01
-5.186123668249941199e-01
-4.693155308282285776e-01
-1.133793273272416302e+00
-1.151016583419741668e+00
-3.034554347696760135e-01
-1.146570051285120462e+00
-1.737693310543586556e-01
nan
-4.480055623777501328e-02
-3.345798479709536921e-01
-1.100660832804378098e+00
-4.947764879401191362e-01
-5.739837706642414439e-01
1.007714852409180351e+00
1.138555014389513870e-01
-4.129352049667378566e-02
-5.805879340270601041e-01
-1.130754539738695996e+00
-8.600792475729018838e-01
-5.999772906279855489e-01
5.988308816234659826e-01
5.739130429046866988e-01
-1.225830929141439041e-01
-1.059215216926318925e+00
4.711433556084115848e-01
-9.559618661043335353e-01
2.692804275034313410e-01
1.696957807665439300e-01
-2.910390077775376061e-01
-4.708022260297789474e-01
-7.688918263337729542e-01
-1.150505603588274139e+00
2.445340010845382106e-01
-6.570384454430263643e-01
-1.068181595078472323e-01
-5.332439853061718971e-01
nan
-5.252694447052826954e-01
1.001807514436802604e+00
3.414803728608855476e-02
-1.940791547784188054e-01
3.376749118831887803e-02
-8.942899657295020344e-01
4.529214615730963733e-01
3.411252351351216211e-02
6.477600293744457671e-01
1.953551256142632975e-01
-1.243459802066162245e+00
2.103770826738370348e-01
-1.023748219953823479e+00
3.385497347267678037e-01
2.370408725226222035e+00
9.133021678742714311e-01
-6.627409522069455106e-01
-8.039431123237357202e-01
6.960128489508904392e-01
5.645211570317895111e-01
-1.108118397172082048e+00
-1.054594754418744618e+00
4.121018334069602163e-01
-1.282153467507275990e-01
-3.767857040483779119e-01
-7.133803524055337686e-01
3.772663438591775109e-01
2.221949925782805146e-01
4.890201732113421546e-02
-4.377934327919889568e-01
-6.291250738249855312e-02
nan
-1.686586975027496993e-01
-8.038247150414316866e-02
-4.819695058929428511e-01
-6.461441156255313956e-02
nan
-5.627054016447697871e-01
-8.164734965337576700e-01
-6.324525821283016880e-01
-8.088008330242775212e-01
4.493123428708751810e-01
-7.975802929227672200e-01
-1.412408568035490308e+00
-1.258944827649300935e+00
-6.625281678235365179e-01
6.281569316088306265e-02
-7.756128699697901752e-01
1.335938034238612682e+00
-2.980061077879251896e-01
-7.013745063353739040e-01
-1.092854821741898186e-02
-8.643706420556751535e-01
4.076614029312832232e-01
-5.738725136181661579e-01
6.055108900833455765e-02
-4.644724444528594565e-01
1.433294895819956782e-01
-1.138104204087010130e-01
1.058057164272751427e+00
-3.944100562154660983e-01
3.691663714708381949e-02
-1.003451189108852531e-01
-7.501639975619512901e-01
-1.924924506831417748e-01
-1.114096017334532007e+00
-5.464497483195792649e-01
-6.273640333047691975e-01
-3.111102072282265207e-01
-3.640837449568225526e-01
3.316912915518175908e-01
1.126054084692237611e-01
-1.481112343464594250e-01
-3.261903095800789965e-01
nan
-1.750469390643738243e-01
-8.166819649777375956e-01
-6.555254432029894440e-01
-4.148548661068164889e-01
-1.366071981041399042e+00
-2.375881077232164240e-01
-3.211047589378597245e-01
-3.662054832358882517e-02
9.098636241011040515e-02
-5.809125032165325386e-01
-1.082680784123496220e+00
6.137711740132218985e-01
-2.576578484831723026e-01
-1.122215338974318577e+00
-1.146205869209507844e+00
-4.690995109765270787e-01
4.083371588394102969e-01
-7.838567269650631442e-01
-4.888928322466576937e-01
-1.724109201547802117e-02
1.382574869323832667e-01
5.947409159027094994e-01
-9.484743949279702546e-01
1.843132444100288314e-01
-6.723913333760146438e-01
2.267995612045106690e-01
-1.290924683741161649e+00
1.447789487076744486e+00
-3.385854390958145665e-01
8.826105060485599507e-01
-5.133380602667307890e-01
4.844551278293102725e-01
-1.207229390107827038e+00
-3.513675002333334629e-01
4.097880833198688233e-01
1.206135824321305332e-02
4.857204020117502630e-01
8.698800671505654281e-01
-1.156475521695284892e+00
7.444900741499230756e-01
-6.779842615153097718e-01
-3.879621115818091548e-01
4.333523580871593284e-01
-4.026916073895038251e-01
5.208405649750519339e-01
-6.067388049312034681e-01
-7.429067897571808299e-01
nan
1.702289035758110525e-01
-1.575116953651887475e-01
4.908288632720565758e-02
-1.087644038865158563e-01
-9.969447432381682850e-01
-1.129471365670495775e+00
-5.229818614937220556e-01
-6.417276320561501879e-02
3.020187410388826266e-02
-1.804214605329703403e-01
-2.392600027593641820e-01
-8.557609360475065818e-01
-4.669413657152867714e-01
-6.473719775821049627e-01
-6.461493609214340461e-01
-7.349459270102628450e-01
-8.423041118458719778e-02
8.376073592057834416e-01
-1.163302602582317637e-02
2.082031774160107707e-01
-3.173977890082975428e-02
3.071253729696779566e-01
-1.591682061036759910e-01
-9.565139866085711207e-01
-2.592331196977716856e-01
8.203610268852645770e-02
-3.724114766017174172e-01
7.930118685441108761e-01
9.921851126612184490e-01
2.164660698256493099e-01
1.969904757821377694e-01
-2.720932985173358243e-01
-9.705690889469734683e-01
-3.542712034240645957e-01
-6.807913913682954454e-02
-4.185788017225196556e-01
-3.874604869315220745e-01
-2.119135008346600402e-01
1.220827649720522684e-01
2.630322484881308931e-01
4.883373319275955970e-01
5.851539459671250415e-02
-8.197281089494438122e-01
-5.420043189765828551e-01
-8.498934063205492162e-01
-4.115099972569077891e-01
5.582551101387739356e-01
-1.116631927030268256e+00
-8.041895570871454568e-01
-8.783357193183324307e-01
-5.699898886479696225e-01
8.496226329498037799e-01
-9.610427255339896169e-01
9.611880294655459345e-01
3.297429806090565463e-01
5.206279355034250100e-01
-3.522220971855056226e-01
9.905533581375342012e-01
-9.093293515107566671e-01
-1.636380794379009851e-01
1.898600112211996371e-01
-9.559545603081857079e-01
-1.050887571658591646e-01
-3.880960903666655915e-01
-8.535652956417487669e-01
-2.233351139627942628e-01
-9.661715405586475125e-01
2.724698979782458688e-02
-4.303165059706096640e-01
-5.693213654863997775e-01
5.930277312721512484e-01
-4.605443060153662782e-01
1.247865180885119551e+00
1.541369031199821549e-01
-5.897743038108911318e-01
nan
8.513766686980218934e-02
8.510317827567204230e-02
2.349429341341099930e-01
-4.719930456588167234e-01
-4.655217184716871071e-01
3.210678169752913536e-01
3.311507622044317922e-01
5.744266290766741889e-01
-1.480048207278984174e-01
-2.938876288224921418e-01
-3.494688749313197285e-01
1.208353784392313668e-01
nan
5.994660554172538403e-01
-6.108838085855516908e-01
-3.217732687410860826e-01
-7.513612964612356171e-01
1.532037044818078952e-01
3.185377627031421577e-01
-5.175837869552634557e-02
3.139324036027366649e-01
-8.889290041549479104e-01
-9.457817068500946611e-01
6.092382499706967547e-01
1.068217434532278576e+00
-9.694402891283345758e-01
-2.989236559694166684e-01
-1.576786532150390718e-01
-2.079134750514938235e-01
5.289485119279792036e-01
2.198498474748535603e-01
-1.536242439874658805e+00
-5.305969765146674177e-01
-6.911440719917741893e-01
1.150762881883502647e-01
1.892787055094797832e-01
7.630910368531408638e-02
-6.628440196646935290e-01
2.109968551004496873e-01
-7.519858690387164479e-01
-1.133422426133777972e+00
2.888031288087899995e-01
3.738654861048668621e-01
-5.559651033112659180e-01
3.045030650184824602e-03
-6.082585935972072422e-01
-9.506422697027127056e-01
3.691040507251840963e-01
-1.969261281306743383e-01
-4.365925138347865331e-01
5.633432140361661622e-01
-7.787187365231938996e-01
-9.958641781836123918e-01
-3.776902952728535268e-01
-3.847247956481599784e-01
-9.511694010686453371e-01
-5.798309993716731503e-01
4.607881953748111173e-03
4.966546022649821479e-01
1.083644377094226674e-01
-3.217490100422638194e-02
3.034451781416976912e-01
-7.628337661350266252e-01
-1.857259085662217035e-01
-5.511038632731294351e-01
-6.318156361613391780e-01
-5.887780380409339820e-01
nan
2.109053794329078801e-01
-1.215101987138515582e+00
2.900144454742842326e-01
-5.482226383605746239e-02
5.102673307321277385e-02
1.255586092952892807e-01
-3.968590874133171367e-03
-5.269699174459776536e-01
-3.395434933587324622e-01
nan
1.722340106457806441e-02
-5.502907167588543258e-01
6.961048497196469231e-01
3.111059033405344509e-01
-5.350224180297343812e-01
7.288749708387098902e-01
-6.285491283140671737e-01
1.608645997781774084e-01
-4.266563662787410394e-01
1.716447021794246797e-01
-7.093383118669638332e-01
7.378667194544922259e-01
-1.228473534697030800e+00
-8.589577451912054906e-01
5.943394661240470889e-01
-2.677479121352035474e-01
-1.107521440596260370e-01
-6.806855125711727128e-01
2.141620479522792220e+00
-6.664153280088027653e-01
-9.866028737180282393e-01
6.679091762339312011e-02
-6.439616479226352164e-01
5.549008130859670040e-02
4.368458121458812515e-01
-2.875335356019725341e-01
-2.557354976343866326e-01
1.030057598643500105e+00
-2.544655620413638908e-01
3.180303829039305419e-01
-7.201096834040242312e-02
-5.722964219259233376e-01
4.261108379423255710e-01
nan
-6.045466110971696727e-01
-6.017381699999769795e-01
2.011687084376037327e-01
6.640057405579564698e-01
-2.648093599608918325e-01
-5.594978845541086487e-01
nan
-9.506778024020309248e-01
6.167371513053267890e-03
-4.522128765326132727e-01
3.233719991016183876e-02
1.047986610826684872e+00
-7.946041180396491432e-01
-4.825874091870023253e-01
2.825533442530583916e-01
-1.244960316593697325e+00
-5.317499213110461476e-01
-3.947691771447355835e-01
-3.269800733127774528e-01
-3.405905118246781438e-01
3.142104112784870340e-01
-3.870914403879978094e-01
-9.844255017408345410e-01
-1.410163088552127686e-01
-7.155531194238163861e-01
7.807697334490417695e-01
4.892416845859964662e-03
1.154406978209368662e+00
5.902858475118299975e-01
-9.202334460294161467e-01
1.387385752249102211e+00
-3.636685553096801193e-01
-1.077100565585193737e+00
-3.223763089395592085e-01
-5.091424278645158008e-01
2.534678392275924175e-01
-3.851908757433384900e-01
-3.289282894967229254e-01
-5.466503143269950682e-01
1.252083404755520268e+00
-8.689142715882082202e-01
-8.669836439469570319e-03
-6.544916900908072099e-01
-6.917382593525981394e-01
7.236341904373287948e-01
7.269117216918024038e-01
-8.866981678022699542e-01
6.386367547905763553e-01
-9.769630323525385629e-02
nan
-8.268151354458493918e-01
-8.370911686050470646e-01
-1.371405376895877271e-01
-6.124693652927312021e-02
1.312110061619006507e-01
-6.158362888419778303e-01
nan
-1.059993692585087244e+00
-1.195250240251097967e-01
-2.973446817354542526e-01
-9.967718651552471831e-01
-5.099497171625035907e-01
-3.217651502588542711e-01
6.969374027712037512e-01
-9.403611661580094649e-01
-3.840502864152250950e-01
4.040366215015901707e-02
-9.415536409284578356e-01
nan
-5.998435769749111968e-01
-8.218556176658494694e-01
-2.736050625012229620e-01
-1.254486482438832651e+00
1.088196627318298304e-02
-1.645957362700998516e-01
2.322681373423202966e-01
-2.476373966547499861e-01
-2.827651533656285188e-01
-4.741404576807934923e-01
8.312215468715373756e-01
-6.659591440573432441e-01
7.944217456473767758e-01
-5.738134977606070691e-02
3.045187190992352036e-02
-1.006284211119653715e+00
-8.988550580890326824e-03
-6.989138306175479709e-01
-5.751827458756875178e-01
nan
-3.496089753790689314e-01
-5.318870151758372522e-01
-4.017594450466328015e-01
-1.222821938074549086e+00
-4.077529667105833089e-01
-3.425246488545453660e-01
7.765827669226333940e-01
1.113558889786243178e+00
-9.176758623778769053e-01
-2.205947746455929337e-01
-4.322255033242587419e-01
2.467609999895329920e-01
-8.004921030903532353e-01
7.440803258883472715e-01
3.250270922339040802e-01
-7.051418501015493945e-01
5.984412709495661176e-01
-1.034880216021156540e+00
-9.011002591433895370e-01
2.868476735294584468e-01
4.167678633738637894e-01
3.800688342433836131e-01
-1.337721332420735432e-01
-1.985040704442903592e-01
-7.984870770262545436e-01
3.853307142872390290e-01
9.533906069016215845e-01
-1.784107717130413440e-01
-4.158844414545051493e-01
-9.016316003820195046e-01
-3.437923436295990953e-01
-2.236376730488599252e-01
-1.126635365760505769e-01
-1.235017679378480837e+00
-6.526889319112595400e-01
5.230939697637452257e-01
4.950766506038572351e-02
8.159189727919234289e-03
6.399358128707350879e-01
-9.112653841584942294e-01
-3.987055914489882613e-01
-1.045395185570785035e+00
-1.457408100235062287e+00
2.857410986819622911e-01
-1.835839532615455849e-01
-7.105124541104803626e-01
-2.888296055519349315e-01
-5.668121720484885495e-01
-7.376919796619219039e-02
1.015110194504461827e+00
2.162247788804986526e-01
-5.818130521010063116e-01
1.024857536605361386e+00
1.606185939498669113e-01
-1.434549374016208245e-01
-1.591345031392099318e-01
1.539000098991782917e-01
nan
-3.570370596463669499e-01
-1.208221822205825857e+00
-3.435870576882032457e-01
-2.219598948382047465e-01
-6.079873713445114181e-01
3.525366768889070523e-01
-2.765007191407530263e-01
-1.368007425153661694e-01
-6.980434998325452112e-01
-8.556369836669354134e-01
1.086081240741657128e+00
4.724829010250504724e-01
-6.583671557141423936e-01
nan
-6.526113310605474727e-01
-1.086095957877588614e-01
-6.713511837313663744e-01
9.514025047136756563e-02
-5.622441037265905051e-01
-3.618184749832398239e-01
-5.330364335393950048e-01
-3.047328149732136393e-01
-9.908437547558336667e-02
-7.711869438840341928e-01
9.260112875683209621e-01
-1.166861642400243565e-01
-5.739991099842224331e-01
1.706579498348568535e-01
1.574119536020063270e-01
-9.316709578880589815e-01
-3.216109288037656277e-01
nan
-9.908735121633642784e-01
1.198274231670179546e+00
8.636687671988924064e-02
1.908821588543681974e-02
-1.413762680824574847e-01
-3.867029151597379810e-01
-2.813387270190985667e-01
-3.105777616572573674e-01
8.191064733599887626e-01
-1.507381438846649324e+00
1.999135652023429355e-01
-4.125701586251306896e-01
-1.073870440759758571e+00
-2.198195135981562964e-01
-3.224895829376115963e-01
-2.049859744398868922e-01
4.780394812689701678e-01
-4.004553681665100617e-01
-1.981627556192750161e-01
2.617917865065366168e-01
3.377582092389329327e-02
-6.474296607341325505e-01
1.429356327152600248e-01
-2.971264480970386423e-01
2.291811977195073492e-03
1.502215385810751203e-01
6.044751093560331023e-01
6.180555572424428074e-02
-4.952089179809053832e-01
-3.660737248098436258e-01
2.491782308735020768e-01
-2.643643584511513045e-01
-2.416593672861514497e-01
7.725234103445294265e-02
-2.826007319212810870e-02
-1.520547461108944509e-01
2.352202040653547932e-01
2.349710039808461659e-01
-2.410870960281099595e-01
-3.233844489131894040e-01
-2.700333694832157683e-01
2.732101898066687795e-01
4.216569015009842269e-01
6.760006046019375603e-01
-5.128989465654675284e-01
3.123454252735146097e-01
-1.872065403956698626e-01
4.094764037855234684e-01
-1.466088759046768088e-02
1.200410338169286328e+00
-5.107194751712605951e-01
-4.664408950181574420e-01
6.984744293184433350e-02
1.116185376010560976e-01
5.319780959357536254e-01
3.787412029689591342e-01
4.593540598975238698e-01
1.545830096158411562e-02
2.723701041693991631e-01
-3.819288204084011484e-01
-3.369555286150941464e-01
-6.223207549433179553e-01
-3.288686135520582643e-01
-6.791849708796565688e-01
-4.490473318156913973e-01
-7.158324703709459391e-02
-4.975369565559788487e-01
-8.781587522927590539e-02
-8.146669106401475124e-01
-2.341437505820613274e-01
-6.289955852666693215e-01
2.002160940407813339e-01
2.525429939754390007e-01
-1.042773001791502674e-01
1.856641856429246118e-01
2.370444414428150570e-01
-5.234993434154685543e-01
6.834957128796999293e-02
9.296529792299715322e-02
4.352939727608320930e-01
3.576367446390567584e-01
-3.548170176221903671e-01
-6.953449421208232062e-01
2.270046755722413268e-01
7.888082382013409388e-01
-2.252278914310400504e-01
3.798741428883521676e-02
3.941370031013562980e-01
4.264998734639000033e-01
-3.480714348269407787e-02
-7.478997396672848463e-01
-5.561213592074081280e-01
7.014857523414899099e-01
-1.686905085029995477e-01
-2.492240373574210188e-01
3.147467867654692997e-01
-7.007485531847776339e-02
-2.512445184368171658e-01
-6.671552107228493345e-01
-5.174235760782381899e-01
-1.402795323794500115e-01
-1.030922613813542860e-01
1.457881232199125798e-01
1.098620496738537344e+00
1.851510637124816339e-01
1.120074091976161340e-01
-2.694588209502018494e-01
-4.298883907399658061e-02
-5.468568084712242122e-02
1.496063367532189381e-01
-2.179617989412912515e-01
-6.206249600614685002e-01
6.971567003226981918e-02
-5.669426302170453846e-01
-4.792417725902605175e-01
1.605286653150826137e-01
-1.143128346613571100e-01
-3.369055198165923914e-02
-3.369497306810548265e-01
-2.851652116741668075e-01
-5.066625816028716978e-01
1.026112079910317942e-01
-7.461572062500870794e-01
2.597392039829666266e-01
-6.492174190972609393e-01
1.084790447665419100e-01
-7.667724166135166108e-02
1.886223744259111212e-01
-3.758130746889162821e-01
-6.613145890187285270e-01
4.728728212623038440e-01
-2.978479398758052676e-01
-3.635729426754156224e-01
-5.663846995264172346e-01
9.238784570748401204e-02
6.563823471364579332e-01
-1.112464715741402765e-01
1.041105424139263519e-01
1.880691418063032139e-01
-4.619431385767439752e-02
-3.375575662493772722e-01
5.390769188085717811e-01
-4.381079998274501341e-01
-7.803036469779678352e-01
-5.788215896235856528e-01
-3.399653729431778570e-02
-2.740919495631224945e-01
-4.726132380626190121e-01
1.115642356469473406e-01
-1.205115838767659986e-01
6.155769957992262009e-01
2.060940035528500414e-01
2.291962163364262284e-01
1.513019370408645037e-01
-6.993476532737393780e-01
6.998245740947426352e-01
-8.622963094755536906e-02
-3.475629225630817443e-01
-1.226765679544740001e-01
-2.254591108749533918e-02
-5.304112181770366252e-01
-1.476632506909493769e-01
-5.552765633256221411e-01
-1.644268793436982901e-01
-5.340681691480064774e-02
-9.509567315993952552e-02
1.659643687004555557e-01
1.265094523713367891e-01
-7.263644971800926886e-02
2.026514858002054775e-01
5.009561942531647744e-02
2.092113055219893547e-01
-5.858570312896924787e-02
-1.229790729276180467e-01
-6.280599097472459348e-03
-9.949388336203541794e-01
-9.710820796499599131e-03
-6.928090227973979220e-02
-4.531953250666168609e-01
-6.714524453253839509e-02
3.220907473842024027e-01
1.144778703875981019e-01
-2.676586003364780919e-01
4.692707027607022074e-01
3.662519077362074160e-01
-3.232398982940463683e-01
3.556470020021098577e-01
-1.150031845548518325e-02
-3.169996580492963623e-01
1.391250388770879365e-01
-4.840943125464756691e-01
2.556863963878042156e-01
3.408583703588492497e-01
-8.849793188893779750e-01
5.937478980875650070e-01
4.875708495916525331e-01
-1.742964911997666733e-01
-1.169971973567917323e-01
-1.830913227399357524e-01
1.697328910497838406e-01
6.544173518778902132e-02
6.847753793722999305e-01
-5.616659612484623532e-01
-6.923456770406785643e-02
2.782960645689394052e-01
1.192314002201425999e-01
2.400892493891148768e-02
-2.209537940940817791e-01
-8.633627559344672076e-01
-8.864207914445766390e-01
1.526046127183201262e-01
2.120709866592758452e-01
9.609682008126221517e-03
2.717077263067652071e-01
-3.693545755379019080e-01
-5.740933942854060668e-01
-5.554593435912809074e-01
3.702510915273556913e-01
-4.987120579655840436e-02
-1.413434018846484175e-01
2.482085593647135602e-01
-1.093417983852393860e+00
5.375198578601471100e-01
-9.594816204429597317e-02
-8.568744213685289268e-02
3.337975919318341145e-01
-5.178047169565817842e-02
-1.287871536237830128e-01
-1.462708344725982268e-01
2.662872807335687000e-02
-5.684783747110536828e-02
-5.349485326590041057e-01
-6.219512881923110470e-01
-2.591691366759691362e-01
-4.234668196745272617e-01
-3.098652505895411191e-01
8.692759167082532157e-01
-7.253230748087287072e-01
-7.093118639688410221e-02
4.016159840615239895e-01
-7.755952520839194675e-02
-1.534833405917144233e-01
5.379826516610310971e-01
-2.410277813386752233e-01
-5.034542136918320754e-01
-1.494467565496876149e-01
-3.029625907717086175e-01
1.600372404007968652e-01
-3.959999278043680460e-01
6.249380874601510177e-02
-3.957612858624898755e-01
2.702327368963339804e-01
-3.978374478530665587e-02
-1.637370216818079260e-01
2.617262924659142787e-01
4.333072672824510030e-01
-9.558911605640238451e-02
-2.473395368681497730e-01
-3.395979192669975055e-01
1.678818999250226984e-01
-1.492043093956165467e-01
-5.984353878469036436e-01
-7.180922643877414580e-02
-5.754001076583546981e-01
-7.151912532425006019e-02
-3.417262859348149662e-01
-1.154409587988328711e-01
6.710202964679780335e-02
2.698508548163017773e-01
4.027857667620589610e-01
5.556359343937734563e-01
-1.084066985825544061e+00
6.164127918682581891e-02
4.961725895976323852e-01
6.503351897379787416e-02
-9.112071190984935565e-02
2.265202814145431676e-01
-2.098745817062871166e-01
-3.929499715162831919e-01
-2.401511314463325442e-01
-3.550486511577089499e-01
-9.866028976692152452e-02
-3.101609612221680745e-01
-4.057462239873999010e-02
2.724436079902779057e-02
1.363521929571185620e-01
2.374689650958919374e-01
-5.871143951203300348e-02
4.161392710624661206e-01
-5.512987300297608056e-02
-6.896942326464319262e-01
4.598689227573052873e-01
-6.369585425137344048e-01
1.163766681680963172e-02
-3.845918681824594954e-01
-4.551702984645303318e-02
3.490568159930874659e-01
-5.148819295891768899e-01
4.332002698309472821e-01
7.612761644283642937e-02
5.903730812756197155e-01
2.394164353015755531e-01
-1.716811422755433816e-02
3.333322949488358167e-01
-3.826763914950256362e-01
5.397796310035266054e-02
1.762970012456755720e-01
5.518562699742410316e-02
-8.385664769183346356e-01
2.672638338639709010e-01
5.801739344558558553e-01
4.500318421125312773e-02
3.116824787486335846e-01
-2.556762844154449876e-01
1.954609874624979871e-01
-3.535123832684926581e-01
-5.198432273977963147e-01
-3.084119669074754100e-01
-2.982110829234289051e-01
-1.081545076867093669e-01
-5.018131960845395589e-01
2.298796697458409255e-02
-2.778960301110928177e-01
1.405470168670691355e-01
1.165612873912311442e-01
-2.585635411590881394e-01
-2.939211450099142309e-01
1.902061292608962506e-01
-2.000537495956173362e-01
9.321469169039728886e-01
6.973504333582956072e-01
-4.521086898781121466e-01
-2.690503269194995939e-01
-6.689577991362778420e-01
7.546578316654772856e-02
1.143155339556479605e-01
-1.530841736964803357e-01
4.498967969151531077e-01
-5.255522385875804892e-01
3.326664703972620485e-01
3.702909949478086320e-03
6.741524820222281889e-02
4.534759974295168306e-01
-4.145986925622588970e-01
-1.234751439995843691e-01
-8.965441305877605571e-02
3.949437497760396321e-01
2.244958674674932542e-01
-2.875524158836477717e-01
2.412099353111370748e-01
-7.099946769586342743e-01
2.258418140662916407e-01
8.357983229508304523e-01
1.733684017601282157e-01
-1.339332436222975820e-01
-2.963909102703610188e-01
-1.566830075508921227e-01
-1.457888150748753164e-01
-6.778742130257870979e-01
-1.674849060821300695e-01
4.681504734212194596e-01
1.104862467965043449e-01
-1.893654779184979209e-01
-2.066359551333395717e-01
-9.425476302336086021e-02
-4.580390528253641680e-02
-8.803980652131536411e-02
6.592384854297045349e-01
-2.136530888298978081e-01
-4.728689289499524162e-01
-3.986463449253215691e-02
2.178677069443281933e-01
5.318443708980583051e-02
-4.725471208988373806e-01
-8.132732097454574427e-02
-5.420367224801299066e-01
-3.415625905498791970e-01
-3.744968915471618143e-01
1.229724642520343414e-01
-3.006448627914639626e-01
1.603742629911030226e-01
9.331626835903536477e-02
-2.916731444914491198e-02
5.616004802298557586e-01
-1.268150185552281012e-02
1.848714080719866121e-02
3.099343432746472504e-01
-9.609598472719659279e-01
-3.399862025087124068e-02
-4.413734941592422079e-01
1.504075713585285579e-01
-2.985809975995343812e-01
4.778540890062171059e-02
-2.352423211526464275e-01
-5.779726469410869510e-02
-2.111877779114419984e-01
1.282366196312537399e-01
-4.274581800815622779e-01
-6.920678970789069517e-02
-7.133865927964603282e-01
5.858864028671576518e-01
-7.030948804883184744e-01
-2.784598692008545817e-01
-3.563763150458442164e-01
1.952769211776440028e-01
-4.590812741072908265e-01
-6.734091560151804767e-01
-8.640862416216081865e-01
6.550968096181369882e-02
-2.168427879143317860e-01
-6.673695257941322234e-01
-1.158677922590415632e-01
-2.627524636171316152e-01
-1.120814982611852972e+00
-9.586353495833072058e-02
5.013259498365344458e-01
-1.276404371666937765e+00
-2.690596170529263587e-01
2.182793459852488405e-01
2.169516757567455656e-01
-9.772306714298564234e-01
9.507699952834920698e-02
3.316089356520949827e-01
-9.317165913724316795e-01
6.175922883433709876e-01
-3.054098915671473180e-01
-5.103224257226194327e-01
-2.126488007847770201e-01
-1.069469553458379130e+00
-5.033371593646361886e-01
2.337127236624633730e-01
-4.583075839642927057e-02
-6.514522499787704923e-01
5.746958722605232106e-01
-4.802188339371126630e-02
-6.829066343607518297e-01
4.754221674526379338e-02
-5.559980312614429092e-03
-1.021390149871368225e+00
-1.153820001745986534e+00
2.301933042619697944e-01
-4.268051146877372970e-01
-3.475943262096736208e-01
-3.730881486664290314e-01
2.621904145180989909e-01
2.739657994132598251e-01
1.563796514733830079e-01
2.432339177984898515e-01
2.823032116658951707e-01
-6.537703901256303185e-01
1.600464624980834638e-01
5.358377320205605088e-01
-1.049942407016650536e+00
1.018835763205965528e-01
-5.914255091648976670e-01
1.271402580548621986e+00
-7.053851858035604661e-01
-7.880652129510803960e-02
2.884589523934381061e-01
4.892517362854219981e-02
1.280732730130402119e+00
-9.748482393323556483e-01
-2.046465575076856780e-01
-3.177215200276674034e-01
-1.224773850678235965e+00
-9.709364662062631712e-01
-1.970705638041804209e-01
-6.716584589239864567e-01
-6.908655409248035673e-01
-1.072088081441371354e+00
-4.446111433127579171e-01
-7.145305215822302936e-01
-6.154756924264842555e-01
-3.405574814878103429e-01
-1.012392883883481254e+00
-1.105597247122691584e-01
-3.339893148567169012e-01
1.217905347281096118e+00
1.097682743940388839e-01
-1.885306984504911687e-01
-8.832458119468920843e-02
4.272809161927053623e-01
-7.806025860831476981e-01
1.820082828035632927e-01
-2.976393228773510646e-01
7.680266777969715353e-01
3.226651648509538672e-01
3.256527808220439080e-01
-6.804933770783766489e-01
7.981817419592934781e-02
-3.141516882972113511e-01
-3.418859819548523693e-01
-1.546544977604458471e-01
-4.692590674756290103e-01
-1.120856063295014582e-01
4.809976255675699197e-01
-6.231404732742896746e-01
-2.612231792499926653e-01
-3.787219168510840284e-01
-5.047864946530459251e-01
-5.264925368301951458e-01
8.814111644186058969e-01
8.721945139830593607e-01
-3.938468879535109157e-01
-6.279395937534710814e-01
8.856708948875215981e-01
-1.042695579955255525e+00
-5.961246173097131118e-01
-6.685535711642911494e-01
1.078431958391315448e-02
-1.745724001768765021e-01
-3.108929049896985153e-01
6.299665544547244922e-01
-2.111326019055390080e-01
2.499870908372952005e-01
-9.706330644603505808e-01
-6.756195834027760583e-01
-6.945721677787384252e-01
-6.348877722736951945e-01
-3.030270743570200875e-01
-3.369584880279594685e-01
3.652782868597125865e-01
-9.483741982507158941e-01
-1.146050387349415445e+00
-4.809378054476836084e-01
-2.304238525031944151e-01
-1.281884843488320380e-01
-8.008729672651728748e-01
-3.001401468600625733e-01
9.709431222027366248e-02
-4.427617966477781497e-01
-4.886988068862432311e-01
1.267501663478635354e+00
-6.233158906066633698e-01
-6.936132154714206299e-01
-1.822331029071747044e-01
-1.853954136868155023e-01
-8.692961560145960886e-01
-1.631164890067638706e-01
3.315258300070466069e-01
-1.986292166942303095e-01
8.065482410530028234e-01
-2.088197401449316537e-01
-6.869456804322540688e-02
-4.172916474656067076e-01
-8.187558928666208713e-01
4.817953409963175448e-01
-5.871433204284758345e-01
-1.326065817413947689e+00
-2.342028399648740378e-01
4.383230558015150380e-01
-3.093381281146161399e-01
3.484496975141485736e-02
-1.073365867687844144e+00
-1.696638258831788815e-01
-9.138507206605613886e-01
-5.274009542868728778e-02
-3.471673416604085238e-01
-4.849152743398225662e-01
3.782575815043967560e-01
-3.280997606666813393e-01
-4.028124003933474806e-01
-4.231676630879553369e-01
-7.679042715912542949e-01
8.275472077837085771e-02
1.272634146534746269e-01
9.107704485898505675e-01
3.076124006509877717e-01
-5.010570355800859632e-01
-7.899783846073141769e-01
5.235005613347349929e-01
-6.056663029568126744e-01
-8.229559747531169922e-01
-2.344417158878335239e-01
-8.914720177504970033e-01
-3.844896205586918470e-01
-7.882177898343851741e-01
-2.515573623097002720e-01
-4.926984452200381948e-01
-2.814555115220311876e-01
-7.372758791104969678e-01
-7.565208907745417655e-01
1.535959455167671961e-01
-1.481161916920413490e-01
-1.288143953988958867e-01
-6.011873697353472545e-01
-5.637033910415468752e-01
1.964440459312744025e-01
-8.278942076557836982e-01
-2.619819655685783344e-01
-1.002530529895026279e-01
-7.281011396923720014e-01
-1.064172800151852623e-02
-5.029289827508792721e-02
-2.401960979344121561e-01
7.819480650403733968e-01
-7.946597512008326536e-01
-1.460276824915982263e-01
2.675263399092960293e-01
-2.030967013124722054e-01
2.112780866450724715e-01
-7.040013709223601479e-01
-4.152773754004187023e-01
-1.118519173681673667e-01
-1.214480999868494809e-01
-5.630045956113955974e-01
9.219044694031218734e-01
4.876141329503955180e-01
-4.729898266523245853e-01
-8.826564644110863611e-01
-2.846158270638737275e-01
-2.280196208798051724e-02
-1.304181135733171182e+00
-1.552335766892786184e-01
-7.461598888234473037e-01
-2.620181837833941429e-01
-6.823152284005886692e-01
2.634246191162492035e-01
-2.266010720757086205e-01
-6.669106168327053608e-01
9.490218707750005533e-01
-4.596118896230034223e-01
-5.058816609343476101e-01
-9.106177923905116600e-01
-2.256730933475322234e-02
-7.658348752405556015e-01
-7.210439875043673785e-01
-1.826332144541319147e-01
-2.955424694798104365e-02
-2.954222727818462402e-01
-3.458746106429959610e-01
-6.633702286686222749e-01
1.882834129895845920e-01
5.618515229575559572e-02
-5.471232540384848297e-01
1.973147344432699124e-01
1.747040089688959852e-01
-6.282996139092265897e-02
-7.394655191956145401e-01
8.088576056753985499e-01
6.952350022154148990e-01
-7.334187610752932462e-01
1.072702740353976419e-01
-9.513178601276797153e-01
4.986734141620728922e-01
-4.093636644940564784e-01
1.517985654054163358e-01
-1.378492808563777650e-01
-5.860413193354861994e-01
-5.556615619963592989e-01
8.074719825967204001e-02
-2.507756465862894246e-01
-2.476642442912265762e-01
-1.377391397677336204e+00
-4.759464398340206848e-01
7.132400959824156117e-02
-1.081703740643301243e-01
6.154469372518771575e-01
-1.231087388364420887e+00
1.667837200400928976e-01
-4.100894040318416867e-01
-5.792038862021658963e-02
3.040874314674161805e-01
-7.749908631128098191e-02
2.808823273244550056e-01
-1.022251122374416010e-01
7.305577487269279136e-01
6.390843512764597945e-01
6.929505759657547670e-02
-5.677601917106334106e-01
-2.477588473770180044e-01
3.784336809705943910e-02
-9.505355304256566384e-01
2.505014226074813236e-03
-6.275378653637209148e-01
2.189202171683229947e-01
-9.959625356554318021e-01
4.345796727985388325e-02
-4.896629576654686899e-01
-6.853775392176510994e-01
-1.894416011376740816e-01
-3.273077879817234970e-01
-8.160842944796192766e-01
3.693621610870063132e-01
-2.322451919060384284e-01
-1.260331324870302694e-01
-5.084731063887488745e-01
-2.951912953386531258e-01
-6.347983257580108729e-01
-5.574048631071838455e-01
-1.256137734471804546e+00
4.845490593686688774e-01
6.369963599285051181e-01
-2.319158121247001658e-01
-5.314683620555340493e-01
4.565336096147469269e-01
-4.658751348691537730e-01
-6.446478272318265645e-01
-9.317273387145506014e-01
6.760566387762606544e-02
-1.080267374467648978e+00
-5.121045296307079608e-01
-1.285984260183905326e+00
-1.086111645901205236e+00
-4.842135184467543652e-01
-7.115560498453267213e-01
5.527115103185654688e-01
-4.007675553065157548e-01
7.317226705873609571e-01
5.609799259417442840e-01
5.184172146883041510e-01
2.731177263043875203e-01
-5.129137713979303737e-02
-2.639692882026011267e-01
-7.931103525883894667e-01
-7.563535763430103698e-01
-6.109843826289111934e-01
-4.012572617200798053e-01
8.086509256976639470e-01
1.814628867877700336e-01
-9.858153777624505398e-01
-8.838149814492200773e-02
-8.524132676547788723e-01
-6.617993676577395012e-01
2.211742403779495547e-01
6.735224937717050608e-02
2.710318403567277268e-01
-4.384688729100859050e-01
-6.722947125763706344e-01
-3.189333617248140684e-01
-6.930793780698869533e-01
-7.965841947184363336e-01
4.666138560428170212e-01
2.594398580977500535e-01
-5.205877172033550847e-03
-1.049297766669052168e+00
9.450892437798139034e-02
-9.566626535707462020e-01
-4.131176385183619182e-01
-1.457983200586654704e-01
-3.691780902695700473e-01
9.082610215779225726e-02
-4.955208511287097495e-01
-6.292108637136868410e-01
-7.773930451170915079e-01
-1.821125380204200173e-01
-5.379151378479716250e-01
-9.755130746494511396e-01
-7.235057550725239039e-01
-5.382854351654138281e-01
4.431374262838224665e-01
-1.062220767664241228e+00
-5.267498224974022092e-01
-1.205969083511827522e-01
-4.601107219187240971e-01
4.252353255544173427e-01
-9.536751500371630774e-01
1.598427624356319188e-01
-6.658152178384616482e-01
-4.472869417246782414e-02
-1.348824367911825306e-01
-1.014939090343115691e+00
4.862459289558370562e-02
-3.826405651974322808e-01
1.394722038538879771e-01
-7.387873852524999840e-01
-1.279554309493778075e-01
3.483983604627179931e-01
-8.341139451136602156e-01
1.148128207747199925e-01
2.634526328708249321e-01
-3.143883285776448155e-01
-5.092680169274866886e-01
-1.080218586277470472e+00
-1.586332605213024161e-01
4.503151269552092828e-02
8.233516399741750424e-01
-1.666843257565480685e-01
-1.031215610261047022e+00
-4.231415481608905571e-01
-6.881925747525939885e-01
5.977689698050761558e-02
-6.752534799957330414e-01
-1.171975380843840231e+00
-3.810477719678049269e-01
-6.465079215524884015e-02
-1.654700609771159181e-01
-1.061562436201188397e+00
5.301893297440175845e-02
-1.181167555685121856e-01
-6.482794319850869735e-01
-7.342880490525994786e-01
2.102583815169930259e-01
-4.844303291437028758e-01
2.729104076524972444e-01
-9.379704091596687832e-01
-7.225425669413003682e-01
-7.814169571356102129e-01
5.198819523463396042e-01
4.292794318218132871e-02
-3.477184010531823577e-01
-1.003768553304648758e+00
1.977335993209191345e-01
5.728210194842086045e-01
2.013883693565153565e-01
-7.322973499859771751e-01
-2.353438869449971660e-01
5.831758660782371956e-02
-1.148789352733039060e+00
-5.221704865947578433e-01
4.133739136107356105e-01
-3.809280389779056142e-01
-2.948910699765784349e-01
2.268086836160485842e-01
-7.541497576499736066e-01
3.166335411683208340e-02
-5.832970793039406188e-02
-5.198992421698237498e-01
9.493733784737746761e-01
-3.883177194796126330e-01
-1.012141206650753356e+00
-1.291503018849886164e+00
3.311728790943178624e-01
2.892910958969324708e-01
-5.611718158740378604e-01
-4.720820072340145002e-01
-6.565123461547388573e-01
-6.308199330044522712e-02
-2.311990743942016202e-02
6.036513438033073164e-01
-2.224148421235687678e-01
-7.387299779005672695e-01
-2.840318476492381672e-01
4.495698915708655763e-01
-3.512242623479951420e-01
-3.642571480815037788e-01
-8.677938708124109946e-01
-3.822604867636921616e-02
-4.766061767172048991e-01
-1.253215865996210043e-01
-8.112734511436054952e-01
-4.058806334008093764e-01
-3.199256996499640904e-01
-7.262412738123569245e-01
-9.521468251363338631e-01
-1.748487659782881065e-01
2.465932053461199203e-01
-1.029717566124245705e-02
-4.301459841656306016e-01
-2.235340771226504986e-01
-2.467893068935998746e-01
-3.823194095395186509e-01
-2.486634185474924374e-01
-4.962951234353596419e-01
-1.656543878540008563e-01
-1.203395592847728013e+00
2.730803967994297476e-01
-3.859114969966775388e-01
2.412707864824800430e-01
-1.297545152039532579e-01
-7.635221308193511636e-01
-5.600475777872142569e-01
-8.176961277961909413e-01
4.531513439870091253e-01
8.432023367712631473e-03
-7.665653370159603019e-02
-5.262654914588270616e-01
-4.392744821424082180e-01
2.110883345953188106e-01
-3.740822136441631640e-01
-4.955832004775211352e-01
4.337164820177051294e-01
-5.511994255321254199e-01
-5.131903958331648918e-02
7.162072030579462456e-02
1.469023647964962653e-01
3.753647454474134948e-01
1.643174288196897204e-01
-5.759892200686261843e-02
-6.560378618777167326e-01
-1.103395273107533159e+00
-3.822669444424169338e-01
9.200272793561110884e-02
-1.331288239552392172e+00
-1.051043836101554385e+00
-1.202693560671299178e+00
2.116976662520960936e-02
-9.331977850642664274e-01
-9.758984702323195703e-01
-5.399667358988324839e-01
1.883554657039035740e-01
-5.773188650273939349e-01
-1.047446385940797198e+00
-5.018442772938258578e-01
-6.602935814508439361e-01
7.812921449432222443e-02
-4.314814970974761854e-01
5.710639597945738055e-02
-5.621576048001905024e-01
-5.832130497485115139e-01
-6.726715153657852886e-02
-1.050142505190943654e+00
-1.757910509799581744e-01
-1.040357529636412259e+00
-2.021874738682921321e-02
-2.933932461723131047e-01
-9.829448471907643592e-01
-1.024358781730636547e+00
-5.089227826794524567e-01
2.125463287678044655e-01
7.611421189369264040e-01
-7.414269350841691253e-01
6.078880634799868066e-01
-3.942498017950012978e-01
-4.928699021392599078e-01
-6.348517932859442103e-01
-1.407856301539685551e-01
-2.600637753862545254e-01
-1.142787869760168773e+00
-8.882546497107183248e-01
2.041922288372049477e-01
-2.597952056459743031e-01
2.732289841582362100e-01
6.945512534351588885e-01
-8.196102080203199192e-01
-5.841510860609824274e-01
-2.201938893766103855e-01
-5.506173941978128594e-01
-1.347422951959693860e+00
-3.282915545528226064e-01
-5.131273580072840401e-01
-7.943538824782312435e-01
-4.391349985756333174e-01
-5.283918499530793067e-01
-3.474997646133036189e-01
9.501160592765596491e-02
5.339736318162137396e-02
-2.237602013191631045e-01
1.296120999948368602e-01
-2.036403720244344129e-01
2.888478202094331149e-01
-4.938963186018002216e-01
9.728497281218114745e-01
-8.097435234790794079e-01
-7.855547764203287819e-01
-7.159056626627671172e-01
-6.868143621214428673e-01
2.831507392708815241e-01
9.056679021134256269e-01
1.311360560817450283e-01
-6.046942619435698996e-01
-7.547490716653865173e-01
-9.179253298494894908e-01
-1.199591046607125566e+00
-2.438885264950448606e-01
-2.110544330565290727e-01
-4.647419141047536839e-01
-4.750490938557239140e-01
-2.538285879884655816e-01
1.090907940944026544e+00
-2.652738571946480217e-01
-2.678199068612444611e-01
-1.511134212213162686e-01
-8.252692972281444606e-01
-7.566759120640764724e-01
-4.716677190940253284e-01
-5.422085086209607052e-01
-1.044887246079787696e-01
-3.583768848253625627e-01
2.573608001525106576e-02
5.581117093686203123e-01
-2.998932679347512398e-01
-5.512450470184279139e-01
4.299618059864128705e-01
-8.567188420229588930e-01
3.690621887126486200e-01
4.737207331441197211e-01
-3.289090403766419257e-01
-7.715614247822516480e-01
-4.041920528621334441e-01
3.001302369567306338e-01
-3.565199692446486268e-01
-2.909928116290801947e-01
-7.960845362409793013e-01
-5.871184174219442609e-01
2.182392986679371465e-03
-1.729139470529165445e-01
-1.163646184565013675e+00
-5.751212290491384271e-01
-3.055266194479340780e-01
-7.818920065234974404e-02
5.140598693841443023e-02
5.174776673833401119e-01
-2.621613269459261986e-01
-3.366520222395992246e-01
-3.373241480855381225e-01
-7.963695392812407681e-01
-9.390268248205957402e-01
-3.790852727594123950e-01
-3.326541108898128374e-01
-9.806754084965231266e-01
1.979046928657115789e-01
-8.897959636005543516e-01
-5.445497703082083918e-01
5.219308845937115082e-01
-5.605296379529340900e-01
-3.913553133957702879e-01
-2.921566418212545591e-01
-1.204907253592500505e+00
2.660322551780887612e-01
-5.351361022265423983e-01
-1.242480713832057881e-01
-3.479540388115738292e-01
6.525419027364290914e-01
-2.645515007173175337e-01
-3.711266818650089672e-01
-3.139045000860650747e-01
-8.027459132438606870e-01
-2.269854111720401579e-01
-1.036291105575634086e-01
-8.556553323947553302e-01
2.025423665790327121e-01
-3.653159016224808986e-01
4.545895918189472029e-01
9.366620330649593623e-03
-1.481517424502147851e+00
-4.206253926887667527e-01
3.529441225612709454e-01
4.487693489232399968e-02
-7.811765660671076139e-01
-6.216446974891016719e-01
1.230287795281470066e-02
-5.078171560853134148e-01
-7.970986516467671867e-01
-3.484830744316259610e-01
-9.198082912299642144e-01
6.621498814557517931e-02
-1.018466474328279803e-01
3.180956051199625434e-01
-1.057143029967199943e-01
4.650224984067776735e-01
3.549074328828332736e-01
-4.565616792578253147e-01
1.726626134339552809e-01
1.102634849095696090e-01
-3.150171692356605879e-01
-7.800772911833150358e-01
-5.334061083843560924e-01
1.116275913214257454e-01
-7.918053528161270727e-01
-1.066522008296226121e+00
-3.632931630720380167e-01
-8.723700991264685678e-01
-5.913706210499536375e-01
-2.181367287726939108e-01
-4.277182241537327845e-01
-1.230993689580210798e-01
-8.159244175342339478e-01
-5.845572084661100343e-01
-8.258898994871075594e-01
3.158956308318110889e-02
3.076977791784077376e-01
5.303304171085040930e-02
8.097463188292132186e-01
-7.380224101406027692e-01
-4.859876556104056333e-01
-5.279632162593131950e-01
5.958348823252190840e-02
-5.760695646220435062e-01
-5.423446798024863513e-01
-2.557577237299564210e-01
-5.964737910092109408e-01
3.771262489097113590e-01
-1.898470297918981031e-01
-6.669730948590083530e-01
-3.047715045177123994e-01
-5.733157474244980900e-01
-6.360036592988720094e-02
-2.424254760590914548e-01
-3.651176811433765601e-01
4.677998789974259775e-01
6.221940317583637414e-01
-3.789841483607933048e-01
5.906033279537787894e-01
-6.403995285385334357e-01
-8.757462943702516434e-01
-4.425198749078750327e-01
-2.984660646895074820e-01
5.977626344833517069e-02
-8.048081111399751908e-01
-1.143449391751942407e-01
4.622603714406279818e-01
-1.469698609966813008e-01
-1.251078757330885693e-01
1.627035381898950805e-01
-3.320244971210110640e-01
-5.056488655921241859e-01
-7.730821938098807189e-02
1.805298609861557546e-01
2.510294461417037493e-01
3.136360535922614323e-01
-2.407753625036328782e-01
1.180780392349538799e+00
-5.475750765376578011e-01
-1.030442566391617909e+00
5.916712584872756420e-01
-7.895342874070394590e-01
-6.021842468798286330e-01
-2.594961149418003044e-01
-3.067080247921538660e-01
4.373982792642561734e-01
1.933050424829558245e-01
-3.448248106448703609e-01
-6.082258905677021543e-01
7.385475275840671650e-01
-4.841768469028704946e-01
-6.219136907357173394e-01
-4.749199924194389411e-01
1.963328520974867986e-01
-2.315597701674502462e-01
-2.960580834017847995e-01
-5.896702030953617779e-01
2.885803718950337715e-01
-6.033094509581076181e-01
-1.029800769203107341e-01
-6.646537782806958283e-01
-1.107645461109799445e+00
-2.726303779898975876e-01
-3.998865851480246092e-01
6.108638814347449042e-01
-5.612420185745561341e-01
2.435540210313228704e-01
2.763049061219270963e-01
1.074432246100659460e-02
4.000765435771767853e-02
4.688974307470430425e-01
-7.773607222696137242e-01
-1.967859005419355933e-01
-4.651480189577424373e-01
6.687108388790323488e-02
-3.828867940023777255e-03
1.681867528622847940e-01
3.892693807927799510e-01
-9.765109284998491068e-01
-6.408732900921010334e-01
2.374672285837923502e-01
2.354740771417483947e-01
-7.085679205735810893e-01
1.453665842137114583e-01
-6.900752916273301674e-01
-7.629788496600711234e-01
-2.679255107000252933e-01
-2.471374115057689558e-01
-4.985342105741374374e-01
-4.915469684180572840e-01
-2.894420474187024417e-01
3.791669517932637345e-02
1.522290753990698242e-01
6.000411575998928354e-02
-5.569494478877656807e-01
-1.272283233204460906e+00
-1.075017305820241686e-01
-4.088691929585822060e-01
2.991045514598419386e-01
-6.695774478395983831e-01
3.234004097815865175e-03
-2.899677700162264227e-01
-1.080996298506782916e+00
1.470271853086369263e-01
-9.411343280986713689e-01
-5.794606197952171245e-01
-7.056340904388983537e-01
3.664049471287523785e-01
-4.176136143648190996e-02
-7.279698762090799358e-01
-2.679244300751031371e-01
1.605214042133393526e-01
7.337386658356043201e-02
4.388101608497083084e-01
-1.033980651147496488e+00
-5.720585574849700317e-01
-3.549548278383224953e-01
9.439116801806975154e-02
-3.742103424693893343e-01
2.883062996686484025e-01
-4.810258054286972729e-01
-1.421164472967555437e+00
-1.585761545558408148e-01
9.163511097057079873e-04
-1.162396011570584919e+00
-2.639334042010628711e-01
-1.141529967235117571e-01
-3.581568127349220310e-02
-2.316562258849441669e-01
-4.622328163924674937e-01
-4.822183930421563014e-01
-2.038205237155934213e-01
-4.455417489151660693e-01
-6.327303437812265008e-01
-1.798122517150543831e-02
-7.117011339119687641e-01
-8.850459446511085293e-01
-2.229390092986497374e-01
4.569097234358033832e-01
-6.061820535190105552e-01
-3.787532561625004401e-01
5.735612080406197189e-01
-2.465696819450319544e-01
-5.628637194361558738e-01
-3.068684986219211500e-02
-5.768082888612121595e-01
-8.871902250970683523e-01
-8.239576929631653446e-01
-3.394977979193699591e-01
-9.652108729423798383e-01
8.591064685190665795e-01
-1.275371531192836638e+00
-3.116639483670914923e-01
-6.152040332410317891e-01
-6.789633267640605707e-01
-5.918201333041642753e-01
-3.869382915831106468e-03
-4.894315698721574681e-01
6.012645217744384540e-01
2.666477188089114159e-01
-3.053942763030288998e-01
-8.278781358440479021e-01
1.752849271804642062e-01
-9.898444248099703691e-01
-3.881725978793936771e-01
2.936937295630991929e-01
-8.929301523218899916e-01
-8.702633767858518610e-01
6.851910102025323690e-01
-3.223438730637108729e-01
-2.593873963326285281e-01
-6.806152673597085645e-01
-1.137390414523472115e+00
-8.860640180081112982e-01
-5.427936488883112753e-01
9.346476375225741540e-02
-6.117668651699694621e-02
-1.885780488313362480e-01
-6.920907778342563210e-01
-5.961847668370224840e-01
-3.334222425952620972e-01
6.853870585684107564e-02
1.946991779674057121e-01
9.223076455966847664e-01
2.756772266007045391e-01
-3.911881700186223276e-01
-3.706636631462968401e-01
-2.182810489641175966e-01
-7.704235747946082125e-01
1.746359811099073012e-01
-7.890248186749014847e-01
-3.580185600463315909e-01
-1.423012183727477009e-01
-6.674771649093169668e-01
-1.080332606388547889e+00
-1.659451916475454189e-02
7.608377055361618124e-01
-7.750629243188893458e-01
3.720438020890693975e-01
1.630995291881041920e-01
8.165126060682640352e-01
-3.904391260556263066e-01
1.923893481660249871e-01
-1.068660129463805175e+00
-1.731444343747209902e-01
-8.024651626724355058e-01
2.573253286491294367e-01
5.963856072376007011e-01
-5.997323810934248600e-01
-5.230659934484107598e-01
-6.624471590181589820e-01
-8.603713881292945898e-02
-6.697145090204307261e-01
-8.532524241461157954e-01
-5.944014072164929274e-01
-1.626280744631508623e-01
-7.298138910648378497e-01
-4.071687123951291953e-01
-1.222725658851700370e+00
1.085963184055575431e-01
1.632732938096001507e-01
-9.924289646168404921e-01
-7.457980805095041354e-01
-4.426633822228953075e-01
7.740940374952855196e-02
-1.031275139394623341e+00
-3.092309082188262614e-01
2.664237200385342619e-01
-5.185827343496358655e-01
-4.979540994238248336e-02
1.666938401523848368e-01
-3.848795103544380147e-01
-2.021622522567518010e-01
-2.681198928619574762e-01
3.202587577123898743e-01
-4.963085802176340211e-01
-1.563005246587613195e-01
-5.827949947137737174e-01
-3.790110151425738483e-01
5.331520609250296472e-01
2.471757663599655763e-01
5.829311818627315456e-02
-2.353496491507176547e-01
8.457974482971521157e-02
2.040564949961544972e-01
-1.304817029034699871e+00
9.820453015400354424e-02
3.542708880457670628e-01
1.329781060898683476e-01
-8.289187505870940567e-03
-3.481696863913702478e-01
4.824544139409054355e-01
-1.002189193361057384e+00
2.496111246222923463e-01
2.211112469536935521e-01
-1.681372122621401627e-04
5.305341207297524786e-01
-3.333939870462432897e-01
3.139554884462145146e-01
-9.552130201983106694e-01
nan
-4.737161187197595491e-01
6.014347607653781624e-01
-1.496929735799394923e-01
-8.620445299146709539e-01
-8.699677982015008304e-02
-5.025765602118933278e-02
-1.111644080931902395e-01
3.689442553726424157e-01
8.341409032499571552e-01
-3.514623107952193903e-01
-6.682458212731560154e-01
8.608805386492819622e-02
-3.448143945206809668e-01
-4.129305816170038557e-01
-2.374110416722279571e-01
-3.293342145346338512e-01
-4.493474327267457102e-01
-4.320094182959607343e-01
-6.120624403167883587e-01
-1.510510903969123353e-01
nan
5.792641650804344206e-02
-3.568016881398466400e-01
2.493647648511529702e-01
-4.078075903954850867e-01
-9.711762401287681312e-01
4.948858624382835858e-01
1.228145098429145987e+00
3.216142280893236061e-01
8.774384536116792976e-02
-1.181103440661592563e+00
-8.983625716021008678e-01
-3.750075938992359359e-01
-4.649433412839969471e-01
nan
-7.662525136266946646e-01
2.954895665771047897e-01
-9.431003733781824216e-01
5.945611279607789651e-02
2.562067437610607290e-01
3.860659494467998387e-01
7.392912735521930956e-02
2.653901281451251370e-01
3.064940775328104383e-01
2.434482878263413974e-01
5.049751311866323977e-02
-3.156360963698407462e-01
-1.075292004640560212e-01
-1.057392774257183560e-01
-8.374472631013626378e-01
-7.941907957830233178e-01
-9.991017749065481679e-01
-5.824219937693886351e-01
1.383473361061518438e-03
2.622499235292509168e-01
-6.184417865458459174e-01
-1.056490137736473933e+00
-8.045757241370969648e-02
9.145080102350972018e-02
6.211768553076197491e-02
7.702107010252980945e-01
-1.096639583852516475e+00
-6.358195763004438616e-02
-2.890997930737108645e-01
-1.228211826179959498e+00
6.274729128957456936e-01
8.209863620614128721e-02
-3.305959664971716006e-01
-6.306995762568958774e-01
-5.423870038760982837e-01
-2.214768799492190521e-01
-1.221869792609348859e-01
-8.708049064429294051e-01
-6.506871893008714380e-02
-7.088086839145683049e-01
-2.009141861642500457e-02
-1.120773842106906060e-01
-1.891742760186073194e-02
2.822998781062037166e-01
-1.497643004838768999e+00
-1.812488294692110313e-01
-3.768394852292746844e-01
8.063353369359911316e-01
-1.219097166415963329e-01
-6.531734471981233137e-01
-3.205100946914446469e-02
-5.248980440930920421e-01
-4.252002715133715305e-01
7.967468850552709148e-01
-5.312988976003870656e-01
-1.285659041812241110e+00
4.852552651312999621e-01
-9.854632327169576822e-01
7.881371015448299655e-01
-6.850237089997905926e-01
5.864934626333774270e-01
-8.534061805491646169e-01
-5.621563315780114811e-01
3.307288033271403305e-01
5.926598241702899506e-01
5.072363740704972229e-02
4.920609940370628266e-01
2.767328707797923060e-01
-1.100986903829032082e+00
-5.030688510749294906e-01
-5.520759515898364667e-01
-2.868697475939396835e-01
1.238524722811692041e-01
-5.759878856463735985e-01
-3.264336935759860059e-01
9.831484165535833708e-02
-2.436073633906811198e-01
-8.945857411211943777e-02
1.473466930935701580e+00
-4.453738087630786935e-01
-3.571698968196130863e-01
6.253421177061739833e-01
-3.276326362885245702e-01
nan
-6.673023329874148146e-01
6.600622470920498586e-01
1.422997051844562648e-02
6.649071114637394864e-01
-6.580190292493749427e-01
-2.639533116879559937e-01
-1.023026952632081210e+00
-2.677463903926987632e-01
-1.357334516195340957e-01
1.419805976071208675e-01
3.528878874573094793e-01
3.404716753633175164e-01
-5.613028532995036901e-01
-1.078885773796305791e+00
1.180548981470165737e+00
-7.718727918486086859e-01
-5.202001072721340602e-01
-1.316450853094283113e+00
9.354543841265469117e-01
-7.136196715261787782e-01
-3.254451168773653813e-01
3.525848809947636497e-01
-2.368538817982304145e-01
-3.271502090430903342e-01
nan
-9.595708071875140854e-01
1.807057304998046232e-01
2.055197774282844669e+00
-7.826661440681329518e-01
6.092385962885820128e-01
-3.853738049373717223e-01
-6.850844956360400140e-01
1.898510910877924673e-01
-4.649507388917453743e-01
6.779679335379069638e-01
-3.470989191805348151e-01
9.991623864220346984e-01
-5.657423083222288401e-02
-5.305313690713135966e-01
-1.498726230059253206e+00
8.495141703404324174e-01
-1.322554349139795526e+00
-8.000639455613755002e-01
9.618036158412064662e-02
-4.048246678003341037e-01
2.801067384677561820e-02
8.914495236234111220e-01
2.009090797701400255e-01
-8.300812489244749903e-01
-6.693029273139901036e-01
-2.863489228377067430e-01
-1.163431459524776612e-01
-1.165183867318674071e+00
1.123920719917257116e-01
-2.722133736635947709e-01
nan
-1.061122053097959039e+00
5.759376371517013204e-01
-5.426520168311513848e-01
6.630484595532110115e-01
-6.941830983241848996e-01
-7.069160900715449891e-01
-5.020434806726326027e-01
5.488596422289281351e-01
2.853604327298916998e-01
-9.788635553467764927e-01
-7.803065184506309260e-01
-6.372118656140125514e-01
-3.444336939421997479e-01
-1.084867077369677940e-01
1.983601570704388306e-01
-4.758350560027053144e-01
4.117285852942552671e-01
-6.988433181892963475e-01
1.430571677023287358e-01
-7.594653755969039688e-01
-6.396632597211812099e-01
1.341455423413137615e-01
-1.416011707144329446e+00
-6.738439788795343860e-03
-4.545411662287006105e-01
8.322567480515379312e-01
-3.642143183421088781e-01
4.992372596719720779e-01
-7.470250107847030696e-01
-1.125132745335292173e+00
-1.059067012803461827e+00
1.256317969140650359e-01
-8.363883675778167603e-01
nan
4.681544714703895771e-01
-9.777070021887759310e-01
-3.640617092033573976e-01
-4.219104523414430874e-01
6.346947632891012381e-01
-4.737968438155187312e-01
4.358099572597395333e-01
-3.126337406923953011e-01
-5.073023466208693710e-01
-7.239391923349909608e-02
-4.138017610920234346e-01
1.910468515775238796e-01
-5.991933418233842401e-01
-5.106678223236651437e-01
-7.409500493544715072e-01
-4.987481140582347705e-01
-6.575443489483763226e-01
-3.841827452648244878e-01
-1.585538046377081289e-01
-2.047940275243012587e-01
2.884924036529244451e-01
-1.742958473154970767e-01
1.325369364456398524e-01
-8.257241231785930058e-01
1.605529098143414268e+00
5.467195473353317903e-01
-1.414095000655838152e+00
-3.019169143137453992e-01
-2.197336108224285933e-01
-2.359507747813397449e-01
-6.858798546164588394e-01
-4.689783361923413052e-01
9.347134771303429179e-01
-2.782430758944250404e-01
-3.654232315928886976e-01
-4.141393774390163957e-02
-2.279015157161235205e-01
-3.124763188364423905e-01
1.381971709106878665e-01
-4.704603625728278060e-01
-8.846335765205900481e-01
1.956080295426963600e+00
-3.757567950978680793e-01
-1.232820951477302973e+00
5.419445756066024744e-01
-1.061321237216527984e-02
-6.987263128692774439e-01
-7.233439271196056009e-01
-6.303461167681295718e-01
7.891955057694934050e-02
-7.686554232547009313e-01
4.034066633902831378e-01
-1.399615580232205052e-02
-7.508926906071802798e-02
-8.088981434803301784e-01
1.087900486173843800e-01
-4.699855583372630208e-01
-8.564211566632690120e-01
2.610955002977888850e-01
-3.252189095128036334e-01
-1.039034096437161825e+00
3.756734287469317701e-01
-5.413318416361698748e-01
7.197484390470715310e-02
-3.180712178635239362e-02
-2.214074110810440865e-01
-6.443496141734257332e-01
-9.720404366008736918e-01
-7.424380314815164361e-01
-9.810979219638122917e-01
4.257037531772557837e-01
-4.308212556467407306e-01
-1.994076400902811685e-01
-8.743810580381525810e-01
-3.233312275883464260e-01
7.474761518978008390e-02
-6.878768140041495727e-01
-5.098606367259923555e-01
4.060591226992426028e-01
-4.962507456142402074e-01
-7.596553742592352387e-01
3.350648638668976553e-01
-1.294038958560543406e+00
-2.538691395417012053e-01
-9.000283978606297142e-01
3.963995926545379467e-01
-3.460562833046024744e-01
-6.407265531923098667e-01
-3.760536723786246371e-01
-1.007602681689625523e+00
-9.727199872343352816e-01
7.998046827764746514e-01
1.122920831280549078e-02
-4.759335642679312639e-01
-9.542366209386697606e-02
-3.280249365494359304e-01
-6.670810660694560523e-01
-1.315648450046036810e+00
9.247248613114502636e-01
-1.558708523683980107e-01
2.560550900141779773e-01
1.056213551393528682e+00
4.481213881098761731e-01
3.735820897386810113e-01
1.245351340306206867e+00
1.096965868346964496e-01
-3.799460995178706169e-01
-3.226322843139608487e-01
-6.886622541608988790e-01
-1.767947340236243337e-01
-1.137473023520620519e+00
-2.104884014251743873e-01
2.438651484739320918e-01
-2.378798006481470939e-01
-2.519913491257628202e-01
-9.921376042981155940e-01
-5.152662417295355013e-01
-2.244245745092459526e-02
2.812946023889269509e-01
-3.025114341073026347e-01
-6.679634153494967697e-01
1.320359726916679743e-01
-2.310442323981806365e-02
-2.866113386909222016e-01
1.481888035250890912e-01
-5.238404838149159914e-01
-4.363741492609546913e-01
9.726550972569688591e-01
-5.118694601802800115e-01
-5.259980200973003450e-01
-7.154623692264309165e-01
-7.584499914766785755e-01
-9.816166109309517607e-01
-3.777164404091937766e-01
-3.973448155944409588e-01
-1.826843318953256523e-01
-1.343259114254251874e-01
-2.475496552086473567e-01
-4.296238612110858113e-01
-7.504053780696957887e-02
1.234887560610239965e-01
-8.357824599244003672e-01
-1.070072215712558616e+00
-2.636943506066262155e-01
-2.227970193472273153e-01
-5.440472386245429059e-02
-9.666671137446608553e-01
-5.910543781122594709e-01
-3.999789421371218734e-01
6.657120159113358304e-02
-5.551180465142320219e-01
-1.844394632458350169e-01
-5.498260520497680881e-01
-8.405606892985583167e-01
2.067673457854894703e-01
1.308785169707632479e-01
-5.297706211720052405e-01
-6.028519712651634471e-02
1.433003780516501902e-01
2.344747085747219129e-01
-1.309286175568119770e+00
-9.185045049542910345e-01
-1.058017414403325418e+00
-3.941557727206450590e-01
1.709491819001025814e-01
-1.038568892079861694e+00
3.238864505433258073e-02
-1.194030226602509126e+00
-7.478036465726851656e-01
8.711339104844657844e-02
2.171669200244914222e-01
-5.284380633301937191e-01
-1.557642707239344504e-01
3.782119281843885905e-01
-3.374224892847869084e-01
-7.797553096937708261e-01
-8.697984243508442015e-01
-1.304135147452367693e-02
9.550406315168478155e-01
-4.164966326402037011e-01
-5.307127685057690947e-01
-2.101405056990014175e-01
-9.788198603210586102e-01
-9.363803260930658734e-01
-1.388991093445720096e-02
-1.019765139025818224e+00
-1.015746001763465411e+00
-1.146525098020734434e+00
-1.215798628811315396e+00
1.207874626286735698e-01
-3.126164637625172826e-01
-9.180216607196087231e-02
4.723669385733273995e-01
-2.385967923189218909e-01
-4.821892663915711696e-01
-2.513158596821408741e-01
-1.088577512961834248e+00
-9.863461828946876730e-01
-1.920762682034486413e-01
-8.012973718715151739e-01
-5.035510599336774362e-01
-5.347084820685890083e-01
-9.258499823053423228e-02
-8.646205104496622607e-01
-5.433327095450694033e-01
2.346979542237232971e-02
-1.054764378101024302e+00
-1.076523397310895219e-01
-5.221618860110192051e-01
-5.557938722152719890e-01
2.303398277565938401e-01
nan
-4.884142154063960684e-01
5.881799680471173214e-02
-1.677556072754486094e-01
-1.082063707288317689e+00
-6.397456239168559655e-01
-4.531810955281282416e-01
-3.310529559419146950e-01
-1.503025723017066273e+00
nan
1.849054859155289665e-01
4.527030779713305253e-01
5.488463004994340588e-01
1.746835839963172821e-01
-4.928509626058831250e-01
2.694810282780355504e-01
1.729276661445106611e-01
-1.692312135500788906e-01
-2.723027561052076551e-01
-2.199664528297251911e-02
-5.496743309396657784e-01
-1.999046239965842076e-01
-6.576766206766475609e-01
-5.690012913139215200e-01
-4.186021726351766836e-01
-1.185331687009352652e+00
-1.022221768808463382e+00
-8.040595554208088691e-01
-4.586180421756147485e-01
3.117964004347497653e-01
