3.107830368270713683e-01
-7.875949512942016506e-01
2.718671046498071231e-01
5.435584648893074800e-01
1.326781908463923743e-01
5.869104006113855521e-01
8.302269623276361532e-01
7.007267531620484102e-02
7.032492310390993373e-02
7.902228833779473272e-01
6.179082053920794716e-03
3.519758331708195409e-01
-7.858571850421759708e-02
-6.610370115547895553e-01
-2.149267784122866898e-01
-3.196800359914842571e-01
7.271698368774991428e-01
-1.531425331221514252e-01
4.923603015973450625e-01
9.709823994909303480e-01
nan
nan
1.011838097934530944e-01
3.336117646325588160e-01
1.374201668563466983e-01
4.875285861442678614e-01
2.219039678962140549e-01
-2.858253158284977391e-01
1.059404250048713858e-01
-5.968380491313208802e-01
8.854365266957157921e-02
8.258424978072160805e-01
3.611462454878348605e-01
1.393054992525065983e-01
-1.702991700533028618e-01
-6.702811819377987868e-02
-2.478469158957904150e-01
2.242079946315500838e-01
1.289483670242115076e+00
-5.053067663410722998e-01
5.384895855958267141e-01
2.641453882397175601e-01
2.688556239110130308e-01
4.680237002334726726e-01
1.275682542938542108e-01
-9.226895837546453261e-02
3.813634660013811573e-01
1.100595166652211521e-01
4.406895224610130057e-01
-9.977830414800169245e-02
-1.208288941479046669e-01
-3.924749441296960240e-01
5.015090604189718082e-01
3.080943608697521707e-01
-6.905029043862439542e-01
2.508161350715401583e-01
-2.483525697501406115e-01
-7.378312095030488404e-02
4.742686184503180358e-01
4.662351227363475958e-01
-6.520398901815896986e-01
6.970281942575046706e-03
-5.678164718793203836e-01
-9.923657570009640494e-02
nan
5.474873648207354698e-02
3.184008178652368848e-01
-4.127510553210447797e-01
1.849931673746766092e-01
6.329090352498368821e-01
8.493437294928178893e-01
-3.174430438185641967e-01
7.814862164676066314e-01
-1.125065051520323656e-01
-6.504980431792503626e-02
1.993795372262247359e-02
2.746750521699043990e-01
4.493741309763920611e-01
-5.173552869418054367e-01
-2.114334847934223049e-01
-1.100901407777498363e-02
-3.461767228321425138e-01
7.619979921683444068e-01
2.908375988750604990e-01
6.452087794789984621e-01
7.974652059893176936e-01
6.957080083894163769e-01
-5.365919752433964685e-02
4.574773500363855661e-01
3.766325266055214338e-01
3.428531735098990230e-01
2.062110803534176195e-01
2.808470837540296642e-03
-4.193716552053536883e-01
1.790113212853535751e-01
-4.402452055736322256e-01
8.139548048418501214e-01
6.960233789824366024e-01
1.890050851814636668e-01
-1.499214196319418324e-01
5.802449891503015378e-01
1.391135310921244317e+00
-7.536969074685798131e-02
-9.492563448898867773e-02
1.711130991408145174e-01
1.191381433859393546e+00
-2.204104608699805901e-01
6.783738232495861720e-01
5.725965158040744463e-01
-5.910911203244426648e-01
7.543567927491807712e-01
-3.143458751543538598e-01
3.498238521632865416e-01
-5.808107745489722584e-02
7.105828178609501222e-01
-3.984631498132360505e-01
1.577159560703795260e-01
3.823236661318513141e-02
2.663511815643993530e-01
-7.516720616379279907e-01
4.527151523454305271e-01
-4.112130268220837159e-02
4.431789142201018050e-01
2.829996924125437463e-01
-2.263165488466713782e-01
1.839951796461298250e-01
5.151637229176863481e-02
-4.572394740128563617e-01
-1.357493044923568926e-01
3.921909918016222574e-01
-3.548724480840030338e-01
-4.219548817420322173e-01
3.807500162036712710e-01
-5.583177441745834635e-01
1.089372076796766509e+00
3.112999136968104819e-01
1.012528809916463990e+00
8.401470323413409158e-01
-1.099876646088216725e-01
-1.799887714997550070e-01
-1.962828197168697275e-01
8.808812648378588905e-01
4.461031266969863740e-01
8.358143986195822883e-01
-5.811376145759047235e-02
-6.770561290918451769e-02
3.656685108229718595e-01
-7.787917630264755420e-02
1.323373973703261264e+00
2.680568452816813885e-01
-1.888636335606595773e-01
1.446912171503428990e+00
7.269072271886944936e-02
5.065079182473145591e-01
1.034636518161443780e-01
5.800879180788733880e-01
-2.463318490001575600e-01
1.219078287085272327e+00
-1.905744855071138666e-01
3.033391903600059503e-01
-2.986295008457299227e-01
7.981597312544655431e-02
4.885059545064571185e-01
-1.429452103870798400e-02
-3.387618858360618157e-01
5.604343716073765247e-01
-1.236136637291505858e-01
1.084223827294317877e+00
-6.913173543420718381e-02
3.112470164703481923e-01
-4.896776935112585050e-01
2.346826505740604030e-01
-9.419947073888329525e-01
7.179317003414632803e-02
-2.998816976421746494e-01
1.916172506497777928e+00
2.637247469890754981e-02
-1.114054767942704860e+00
2.953217051916260383e-01
4.351087068085731646e-01
-4.664683137285717263e-01
-8.114875545203863449e-01
2.608457534137295641e-01
-5.087530817918490822e-01
-2.600479353692665141e-01
4.010064596057835717e-01
-1.024318276507092951e-01
3.946238006228810491e-01
-2.072206441824069045e-01
1.318448240938057958e-01
-4.867994057430903854e-01
1.611898585954043006e-01
8.074552409460921121e-01
-3.584000801201688291e-01
8.056034246754391059e-01
-7.085841782609557660e-01
-8.457316597601768349e-01
1.541428940500340072e-01
1.649422821703865560e+00
-6.196739372711996818e-01
-8.737219879235695874e-01
3.153937642441313471e-01
-7.384145553390986105e-01
-4.058375809971576098e-01
-2.849747825564177273e-01
nan
2.222436670389270064e-01
-6.584377628197877197e-01
-2.025276240671135541e-01
-7.372934795450054868e-02
4.015134821724216652e-01
6.247877251716340563e-01
-2.926704693436369964e-01
1.267478136340494332e+00
-2.592478738294284324e-01
4.002322153410819983e-01
-5.328547119061748383e-01
2.352864826193493963e-01
3.515745239030589886e-01
-5.242924703185729562e-01
-7.535783901599500956e-01
3.952065466675228067e-01
-2.545101248411027473e-01
-5.147198741788294729e-01
5.856298231901273521e-01
-3.596974067742770842e-01
1.440987659626675743e-01
2.229681686583468748e-03
2.245955418399767367e-01
7.031710560233289664e-02
7.735839459818999453e-02
1.236811173102303658e-02
-5.404310051213944144e-01
2.872579494957890889e-01
6.596127871683931110e-01
-6.241640237220883458e-01
-1.327971369780977517e-01
7.933415959388624428e-01
2.964399428600340003e-01
-1.973136000099578458e-01
-1.889462445279650737e-01
4.473432888006906860e-01
-9.841985098607974880e-01
1.147716878099036969e-01
6.890794737050799368e-01
-9.783921971302954324e-02
-6.648018570690693574e-01
3.744734516186462026e-01
1.980030213147771639e-02
3.802713380382835573e-01
-4.014426032144297052e-01
7.652423904136501642e-01
-5.647017345294307045e-02
-3.457870390852510467e-01
-3.737789430763422405e-01
3.112152907408712310e-01
-3.884978713687974317e-01
nan
3.469460124814036650e-01
-6.176374599630315432e-01
-2.121719557823053756e-02
1.493186824964880810e-01
-2.519749209919736610e-01
5.200575792994623081e-02
4.504706149020576422e-02
-1.757989440801397407e-01
2.740033956829457384e-01
-1.280507934600310926e-01
1.339090835242389144e-01
7.547942467147041035e-02
-7.980002732216797678e-01
-3.099805077600792380e-01
3.825054200318175196e-02
4.518230427238099089e-01
8.911464436449788584e-01
5.640926155879614351e-02
3.331216135106612186e-01
7.876011306336448969e-01
-5.177988348957074383e-01
4.602096927730443543e-01
-1.224694966521068934e-01
-5.977232737633159793e-02
1.063026649674148477e-01
8.229299053281112775e-01
1.955530867389874972e-01
-6.013448575767924575e-01
3.356287028149916307e-01
1.176060333996315599e+00
nan
-7.067843551993557849e-01
5.289986318778751029e-01
3.422622206344120843e-01
nan
-6.532728294206822106e-01
-2.307057043674802521e-02
8.225513197714072744e-01
7.530327604079226078e-02
-2.720755535615709264e-01
-1.691860025909589504e-01
1.216305244674727781e+00
1.756951853880622805e-01
nan
3.208201294194920061e-01
-3.379663305691273933e-01
-1.887326209270416277e-01
6.395564057715094064e-01
3.900999214162399753e-02
6.359754835380965199e-01
-1.168447236080005086e-01
2.224740168286071795e-01
3.260990190139372302e-01
-3.477357650101925990e-01
4.857156549533858669e-01
-5.877880049976388355e-01
-4.115154188087487008e-01
7.275822343934298386e-01
5.974325675099694255e-01
-1.113161964353254901e-01
8.356538231236627923e-02
-5.951549007027657767e-01
-1.287595959655664889e-02
-8.935419985937839149e-01
1.692829441479700714e-01
-6.854791453656467262e-03
1.249958747553906901e+00
4.859325678948946403e-01
1.085405562326340556e+00
-9.671490355341966216e-02
7.395881561011686811e-01
-2.777722850962014989e-01
-5.806538739820606976e-01
6.164771085418488950e-01
-1.137711831316368549e+00
1.276253392861577962e-01
-6.161261643252484432e-02
7.763328119181086562e-01
3.067603628459796353e-02
6.043229793613169587e-02
6.844308117959213046e-03
1.700465386808985846e-02
1.098839511292833658e-02
9.770896858896379600e-01
-7.234628951933445851e-02
1.290673754847112109e+00
-4.862465916063830884e-02
6.776704041682261037e-01
4.603805807085057933e-01
8.354311980811137683e-01
-2.381327266233420822e-02
-1.906925027070843770e-02
nan
3.450806733505846213e-01
-4.505885288535435573e-01
1.367490983099578332e-02
3.830980276289799313e-01
-8.412768753659820575e-01
-4.812192230720426650e-02
-4.263868856718930345e-01
2.929549544978176101e-01
4.666321547618697552e-01
1.939870970075638357e-01
1.460849152821359076e-01
1.887785191580381439e-01
8.737597601803261949e-01
-9.856833546499917942e-01
2.631308351722414507e-01
-2.360666774859641048e-01
3.991825787607616860e-01
4.085217571616333587e-01
-4.101082109190357095e-01
3.750315715543167117e-01
-4.325898277882135323e-01
1.563678825372735726e-01
nan
2.658394903296039669e-01
-2.965819575891122661e-01
2.003411855052480428e-01
-3.852057586094324027e-01
4.685931771936190926e-01
1.744356300339191312e+00
2.109425654352359292e-01
5.965241193403570535e-02
2.901548879133306613e-01
-4.654727853403354265e-01
1.692326590456965096e-01
2.315115318570290237e-01
2.918785052817807202e-01
3.345144897651358140e-01
4.694438683273473578e-01
-3.319007188750242587e-01
-4.684970289043160485e-01
6.127105529406747797e-01
-1.865244370219303338e-01
6.642492345493423711e-01
-9.379642224930176408e-02
-3.435900281021272429e-01
9.611556283041245985e-01
4.207500805793190635e-01
5.708871781178172927e-02
2.397120210749727198e-01
6.804577544536691835e-01
-1.255731743906550457e-01
1.352438071184218993e+00
-9.452632814531612970e-01
1.257697693243620130e-01
6.081482090427519083e-01
1.368684533928692382e-01
3.444633186506838585e-01
7.334305814855383021e-01
1.263221451205714718e+00
-4.075317931024428630e-01
4.479774302370681527e-01
-2.901635144132497235e-02
-3.748035803576514335e-01
5.332503434582860358e-01
5.800632738170957703e-01
2.963846871567604180e-01
4.652056215077158274e-01
4.410495206654602152e-01
-3.425624523245765496e-01
5.436418388206307739e-01
7.469285457274205120e-01
-1.227939517084385840e-01
2.882378907191388007e-02
-6.112598991231084078e-01
1.905045355180480515e-01
-1.076913024188259210e-01
1.170881484310826171e-01
4.764420622236844038e-01
-3.571799899154271540e-01
3.209016547691543875e-01
-4.990325197076473374e-01
-9.360266922922491628e-02
1.424549285561516332e-01
-5.332214992210626558e-01
-4.425227123225339287e-02
2.391705052479540239e-01
3.708902835887866734e-01
-1.189546518677785970e-02
5.902289597522523967e-02
-6.187594012889433698e-02
1.114508609683174806e-01
-1.367629687998579147e-01
8.064348899187264719e-01
-1.573762448014206228e-01
-1.024718145397078617e+00
-1.452853269973288786e-01
7.068899350797824832e-01
8.004591932804623333e-01
3.407214890105496052e-01
-4.184571748506970001e-01
3.646928049660433935e-01
-7.098614296806041724e-01
nan
7.588773689521112198e-01
-2.582136390611716181e-01
-3.129650918587596493e-03
-3.027011835326439138e-01
1.205695676647384751e+00
-1.523064509089666341e-01
-2.259198147301416659e-01
-5.385162047699225685e-01
3.674513303091555549e-01
-2.765002845831447398e-01
1.359595033975450340e+00
-2.646083513101921691e-01
-9.065428553062648831e-01
-2.371413380903203069e-02
-7.936166621770140983e-01
nan
2.912250219896100542e-02
1.419484847831332663e-01
-2.984925078507184026e-01
5.590417676309840100e-01
2.780492502852225933e-01
4.840859564728015041e-01
3.856089694858484407e-01
nan
-4.262100713266302882e-02
-5.180217980023378299e-01
1.236162433407077099e+00
5.580867625599480464e-01
-7.687137408189869126e-01
-3.570783012141655055e-01
nan
-2.734023163995178418e-01
7.212167712179489154e-01
-3.067248779751533538e-01
nan
6.360719480784421398e-01
4.452875264053872129e-01
5.150091175711670743e-01
-5.166050663661485992e-02
-2.815315791602822637e-01
-1.146475686051538351e-01
4.259653831720685568e-01
-7.983363620249054327e-01
-2.464471969477930180e-01
-5.749498635102647803e-01
2.768336898415205138e-01
-7.294701493506547951e-01
-7.110064872530298397e-01
1.766164001923191118e-01
-2.185610927609060034e-02
-1.131550573834720685e+00
2.876646535446593655e-01
1.387739396301622685e-01
-1.432101210102943722e-01
3.466408963296154222e-01
1.742252555668523384e-02
-6.108829998646411186e-01
1.468814821000076834e-02
-4.289172593171452497e-01
4.836455354160389408e-01
8.809423798865718969e-02
7.340519140375254548e-01
6.898194959701078322e-01
-6.550249697428078832e-01
nan
5.558835324950439638e-01
-4.869893130150408922e-01
3.022321752037598896e-01
-8.398603304973990824e-02
8.363406173367089469e-01
-1.039980855676451155e+00
2.770958613273796778e-01
-3.515312005726967115e-01
9.175418724841105655e-01
3.751319696758196875e-01
4.715269992105184937e-01
3.559117429799888432e-01
-1.891636014350143724e-01
-1.979948879590896493e-01
-4.367032434450948131e-01
7.123804628733482885e-03
8.780071369106021706e-01
-2.637782754469787938e-01
2.952697348722600756e-02
-7.404038229954195138e-01
-6.006847528433930661e-01
5.690348524872475000e-01
-2.071587073057369888e-01
3.866748426368595837e-01
-6.597160661082704936e-01
1.993818507422911446e-01
-4.100026853254254422e-01
5.943089013298784584e-01
5.906993690398987251e-01
-1.587802083737584191e-01
9.175329323875790477e-01
-4.875722491718788576e-01
-1.009208551677478749e-01
1.934051217437335213e+00
-3.299107505457575806e-01
5.206523271328984404e-01
3.521959471132843356e-01
-2.695574115067954704e-02
-2.312294479948854564e-01
1.390536085716011575e-02
-4.267905520751675424e-02
-1.650652825610304519e-01
-1.276928858850433224e-01
6.768055175597383899e-01
2.278189142711365966e-01
-1.213596003053111438e+00
-1.266353227671888904e-01
-3.755153057000932271e-01
1.329965485207826648e+00
-1.832424334435944213e-01
-2.140373441396747622e-01
4.644083619829727505e-01
2.557139541783363113e-01
-2.318940189109392203e-01
1.150876810917812326e-01
-6.945776866207362121e-02
-2.237842396252266719e-02
5.792083393643142619e-01
3.707922511050197878e-01
1.144982466308255953e+00
-2.707885376442971739e-02
-8.485186925797930657e-01
-7.688553172129553026e-02
6.075581574564125065e-01
-1.698141020569612636e-01
-5.475255446995429542e-01
1.732871376703857269e-01
1.355293681587547983e-01
1.000019821449415813e+00
1.352654650872658681e+00
-5.093262156583392430e-01
4.809729588325435956e-01
5.744023176249599683e-01
-8.639479117158129773e-01
5.054166337318345414e-01
-2.346960331024518787e-01
1.373194705995680609e+00
3.409681831317756817e-01
-2.892369187672313123e-03
-7.450648528610251953e-01
8.914543372774756946e-01
2.162415422757715255e-01
-8.539538790192850726e-02
4.661026037705456315e-01
-6.647290797526160810e-01
-1.979961311791705036e-01
-5.981288395423653981e-01
-2.707682489535642167e-01
2.501422215101906099e-01
6.340701441506571001e-01
-8.007403836331963287e-01
-3.176255056405396515e-01
7.070473172325499878e-01
5.760720152798065596e-01
7.108090125254472591e-01
9.947328134708693925e-01
2.425508286674146474e-01
2.839027355303095357e-01
-4.235462771500721202e-02
-9.445814566284078673e-01
5.391324980816273316e-01
-3.638554076804587645e-01
5.854722723472972901e-02
-3.803380997960834065e-01
1.869952552875189244e-01
4.914654067947932803e-01
4.064417441972330569e-01
-1.704907288344406635e-01
-3.037018401916055654e-01
-6.168521186090926145e-01
-2.223772687259654730e-03
5.096941362796995056e-01
-1.110925073782209754e-01
3.743777340633467898e-01
-9.113983322476586491e-01
7.234848301209029220e-01
8.285043228875050847e-01
-4.202615213182787635e-01
8.275157013528395833e-01
1.328675069171769973e-01
nan
-1.493465683405526823e-01
9.780696558888576364e-01
-3.709185249533151207e-01
-8.970737669206682030e-01
5.731449817348143183e-01
-1.425309485726483083e-01
-4.184612667965224020e-01
-4.003435687861257031e-01
4.335880622832180009e-01
4.107367478969418673e-01
4.363440169297148202e-02
nan
4.335938361323815604e-01
-2.388766203656978726e-01
-5.934308327774387992e-01
1.079189819631318770e-01
-3.326837096659812643e-01
-2.428821436730531705e-02
-2.731509640663964955e-01
1.230119346084139614e-01
-6.358472383967995745e-01
6.298519880191226772e-01
1.926689139751828483e-01
4.252578665671891689e-01
1.567107277667650622e-01
1.082735553784107019e+00
-2.742996075464725347e-01
-3.540544259483779377e-01
-2.225619737467928183e-01
-5.072161172405303953e-01
8.489262007932998899e-02
5.715843629473091880e-01
-6.204087529626900466e-01
-2.702552777394606753e-01
3.758632061149310699e-01
1.353082936184888119e-01
-3.113341841988697123e-01
3.819840377614304727e-01
-7.985169523759359789e-02
-2.145554313772277955e-01
3.810372485243309071e-01
4.022186530323607623e-01
-3.088316173697499070e-02
-2.057990462587452885e-01
9.143690708682306045e-02
-3.679779810535562246e-01
4.428674194107367484e-02
-9.469884718442532767e-01
3.464283744051007558e-02
-1.497379193635676453e-01
2.373655667002440850e-01
3.226170272313989562e-01
-8.953150130792877359e-01
-1.095835395661845374e-01
-1.774747599437617174e-01
5.587930194532872985e-01
-6.255646083900463506e-01
3.101398256670412912e-01
7.233745779871000869e-02
-2.109769513569841048e-01
1.537590570237037380e-01
1.505357623135656242e+00
8.065896367735500561e-02
-6.513619935712711140e-01
5.835851501033130218e-01
nan
1.957866140460260418e-01
5.957419552950680153e-01
5.447601441348988160e-01
7.127982344508624335e-01
-1.051738212554433005e+00
-3.148037538089542564e-01
-4.707375193828705062e-01
-3.690072231821064919e-01
-2.725034462926281820e-01
-4.103606201586918467e-01
-6.724781102258428067e-01
-1.369913251242754759e-01
-5.051708319234133882e-01
-4.383582818529219161e-02
4.227974150196607273e-01
5.823994066984353180e-02
-5.682325044369058720e-01
-1.029328560976751766e-01
-1.926799958652398448e-01
3.727063694737738353e-01
-9.174619512924399312e-02
-5.534087871727831898e-01
-3.185080967245167843e-02
-4.063176451945989531e-01
7.548227168153379685e-01
1.370491200498541451e+00
3.917127256833857762e-01
1.661657712320995517e-01
9.375823726054707263e-01
6.041555618039615716e-01
5.906682355382610883e-01
2.666323528244677887e-01
3.735810707380984308e-01
3.838914185826200476e-01
1.171529307157656019e+00
3.947638861821662348e-01
1.104065386206017685e+00
1.883703861059550233e-01
-2.573127613244027279e-01
-4.756471187713372517e-01
1.350019168510795398e+00
-6.341323005756405173e-02
-6.007203340383776569e-01
8.927347864064025806e-01
-1.693173582675126243e-01
-2.208340108882426156e-01
-4.469014988707345482e-01
3.903022803549331399e-01
5.600904091612060043e-01
-2.568189549575990438e-01
-7.386415034853076600e-01
7.972322836533390911e-01
-3.105505572588612151e-01
-1.213700990094525867e-01
-8.898047675750500596e-02
-9.078291774433857597e-01
5.554286986552148253e-01
3.189748629444156824e-01
3.978602836388333008e-01
8.656331317287855320e-01
-1.785310109466571871e-01
-1.240313548789635650e-01
3.695110647209561283e-01
9.888302899814045699e-02
5.339532921958891620e-01
1.054306045168392103e+00
-1.352111044141337814e-01
3.348894209193698512e-01
-5.377766623667833423e-01
-2.703238003739345460e-02
1.051545449853469538e+00
7.477153468371633416e-01
4.065652413165652401e-01
3.446279933172767262e-01
-1.966646380901901914e-01
1.687116347042637299e-02
9.254257383037729490e-01
-9.179796586694044741e-04
-3.900165313161824687e-01
-1.960161445560252569e-01
-4.823442238479871413e-01
2.358690110384548122e-02
4.972248910904296104e-01
1.175013210045512846e+00
1.478832554720886927e-01
9.412136990024251304e-01
9.387524590155829074e-01
4.451047958346109890e-01
-7.369722580728250705e-01
3.479120480378523061e-01
-2.866577430497962431e-01
-8.673234417472606983e-02
-4.618617889993143488e-01
4.234813581898062562e-01
-9.122893842858820213e-01
-1.463448408063171280e-01
-2.420303260397177192e-01
9.081072967887043879e-01
7.979446629839692662e-02
2.433653732292460348e-01
1.601614168559853668e-01
4.532558679669909107e-01
nan
-5.075946724896478190e-02
1.035851769732961447e+00
-5.691221802978075894e-01
-2.311207425328658804e-01
1.396596648087422843e-01
-1.333604050947963526e-01
-3.039003449664106488e-02
-7.215393111833011686e-01
9.397789948348039824e-01
-2.193721062887522000e-01
4.220655431151641435e-01
-6.847519289515415775e-01
-3.177048518909841301e-01
5.811871548459515147e-01
5.491907419132380230e-01
2.321094605873844641e-01
-2.506138612765428375e-01
9.765055519634024961e-02
9.972868022755557726e-01
1.703351796377378380e-01
8.591892943514481407e-02
5.555836093048657220e-01
-9.013713950414455056e-02
2.566368422206253275e-01
-1.292793836413594008e-02
3.211823903115040846e-01
-2.086150401137982224e-01
9.353814604883939343e-02
2.473136913055628758e-02
5.706066609284207169e-01
-1.398512096716528208e-01
-2.759005334246864560e-01
-5.270440749154095550e-02
8.053772479822920438e-01
3.767660050996052834e-01
3.110146412636694349e-02
-1.676885426409392421e-01
-3.790184788660978105e-02
nan
2.932924663751784178e-01
5.330871528203483534e-01
-2.597868508217475447e-02
-1.012408139656436834e+00
-7.715598993732321852e-03
5.523694634944072979e-01
-2.903274729709338087e-01
7.071729337471460708e-01
-4.820551253617852971e-01
2.490049311925631725e-01
1.296459625195466904e-02
-3.861474179326446210e-01
-2.040881355020905952e-01
7.222187575368254064e-01
1.710114754003001503e-01
2.592635177400626212e-02
1.588148740077299559e+00
-1.797978038644780507e-01
-8.199960275288797895e-02
2.585564455524871352e-01
7.397909206420927308e-01
9.247479785342700431e-01
-2.461504906358287850e-02
-4.373135140441392760e-02
4.597804582287041142e-01
4.448724566169488803e-02
-3.175957266420231240e-01
-6.290174718945064081e-01
-3.236580905783843082e-02
-2.022781201342973290e-01
1.039376917156507041e+00
-1.595085902163843883e-01
4.925941721438093501e-01
-2.369661192722962439e-01
-2.431197116959761539e-01
-2.762045189757445507e-01
1.087953258586600580e-01
5.767868253680603630e-01
8.644038461436462373e-02
5.313342473302797853e-01
-5.699577264330598636e-01
3.986854808721327359e-01
4.851842421729699595e-01
6.976573762530925704e-02
nan
1.355116650583621796e-01
-1.648145584043203826e-01
6.314841011059524334e-01
8.737889835615185730e-01
-5.789154830594490653e-01
-7.367163038828479227e-01
1.072863792995209231e-01
4.557950409179647045e-04
4.492619552334810029e-01
-1.111110620677294020e-01
-2.702075309180151930e-01
-5.084374745008304330e-01
5.586476647861382538e-01
-5.377843259045369390e-02
-4.838822357713144784e-02
-1.430055900961246240e-01
3.504574871600646402e-01
5.105489127343200151e-01
6.273378777491254998e-02
-4.000044666680569461e-01
8.527653416079854498e-01
1.834479580898202289e-01
-9.082979218892616169e-01
nan
-9.501778080699450901e-02
3.384767003422819998e-01
3.841843982288610237e-01
4.924762194337303223e-01
1.643538920740600817e+00
-3.482596965463626293e-01
-2.993720677054261814e-01
-1.217146734721681056e-01
-6.137404105320144465e-01
-3.457596703795950410e-01
1.412947839639107750e+00
6.182737815554371075e-01
-3.683092284224801505e-01
-2.245667011519775769e-01
2.446678949802258696e-01
-4.531310765287515641e-01
-4.833522532384945669e-02
-4.439851621457268083e-01
1.611729325773835764e-01
-1.145731051942724781e-02
2.955933558092904700e-01
-6.834412036002015522e-01
2.921650385780453218e-01
-7.901003663823992218e-01
1.720819809186358296e-01
-2.318220686128447394e-01
4.836669321561305468e-01
1.334851556909358999e-02
nan
2.305461452145165790e-01
4.427940862687841372e-01
nan
4.387796380142279240e-01
-4.146500265788463091e-01
7.660721955468948741e-01
-1.211828652481377333e-01
-9.705243497662376095e-02
2.679983338564345119e-01
2.817361601224517287e-01
-2.661743335051842130e-01
3.991447189277514962e-01
-3.717068032796266852e-01
-2.014360760572299625e-01
1.809934194476850722e-01
-6.754320785603861177e-01
3.147775233267354200e-01
nan
7.368651641842951516e-01
5.914265437228594102e-01
-3.115921212558048770e-01
6.454495458923068529e-01
4.085504098600633016e-01
-7.722979256525381864e-01
2.393986306344953463e-01
1.047789393447590006e-01
4.005940468508356611e-01
-7.424072211535147625e-01
-2.200630798416707556e-01
3.974557653076292163e-01
-5.249714391346738118e-02
1.077236570945238753e-01
4.511549545262374394e-01
-6.852063416778125804e-01
2.329657437182913460e-01
-2.202269367637545161e-01
4.436982285956185823e-01
7.962949898388651526e-01
1.147626191129907797e-01
3.014469159118156605e-01
2.221898338435400744e-01
-3.470025543090772269e-01
-2.769559717773136809e-01
1.063582011903598246e-01
3.986544585187047907e-01
5.788261173678697080e-01
-3.719305412965732906e-04
7.019678792366453868e-01
-6.798663319244981074e-02
5.109423227316221006e-01
-9.441892755489789124e-01
-3.132579604554548980e-01
-8.972549824828490728e-01
-4.877591436159231519e-01
1.485930373074184907e-01
2.538560284192581951e-01
-1.994239462774365923e-01
1.901015157366437724e-01
nan
-6.055694517391525533e-01
6.162935810843880313e-01
2.418681248452815291e-01
9.701545332117241793e-01
1.358497095243344777e-01
-1.109710326062582686e+00
-3.570749348375763521e-01
1.313219109901847093e+00
3.481151410560096582e-01
-1.519397757499048596e-01
4.071128733558863066e-01
3.157317696550464015e-01
3.997590691920623329e-01
-1.566828057162270860e-01
2.017844113853265453e-01
2.024782698519219937e-01
-1.266389674205498639e-01
1.602390157330621512e-01
-7.207556490849058584e-01
-4.300013114026124961e-01
6.653661142054939637e-01
-5.330474205418914702e-01
5.915044260536630460e-01
1.713491246305189619e-01
7.253394407315575387e-01
-1.242054329874346524e-01
-7.062174199312015732e-01
1.087003593872921892e+00
1.233547183716025675e+00
4.729026393336837608e-01
1.090207986287385467e+00
-4.945264863597815808e-01
-4.319287891395561241e-01
-7.366340991651066927e-01
6.141732536689383792e-01
-1.117895599968287801e+00
4.316393328620676262e-01
6.029503133960415484e-01
1.685506735379484200e-01
4.120242392773960649e-01
-2.144034500498663565e-02
-2.168683990992960331e-01
-1.518404622267723325e-01
4.505962348775086057e-01
1.324975906820909967e-02
7.395364520149874665e-02
2.012395779133969304e-02
-2.176220044391952990e-01
-1.038017789418897580e-01
-2.533697863491783404e-03
-6.600656987600957981e-01
3.622681068363818313e-01
4.269560801213725248e-02
8.354190407343542457e-01
-4.218277215691136339e-01
1.544394809371290034e+00
-2.347389569238211016e-01
-3.347647627865440456e-01
9.197245117607916187e-01
-1.138772454813737678e+00
-1.150727104105509491e-01
1.275683446925633957e-01
2.654265611556755333e-01
-1.677543752935470034e-01
3.638911990213944958e-01
-3.953615740682471791e-01
7.644206322976344614e-01
-2.301057976305704300e-01
1.917927913763406711e-01
5.404082397554195449e-02
6.641159094238459071e-01
-3.269929884134550324e-01
4.862682639167962284e-01
-4.295808448878406516e-01
-1.491953901062404997e-01
4.720416908009325563e-01
4.968079430245390671e-01
-6.483256982921972167e-01
1.540225364133972763e-01
-2.888581382117166862e-01
-6.082993682763035981e-01
1.890338448122927048e-02
-5.236099279726720290e-01
5.474344066326963104e-02
1.445242682868828621e-01
2.930006210594598426e-01
-4.194007279971813107e-01
7.390801515435434510e-01
-3.329787162560349789e-01
2.946642861547717485e-01
4.538117773398124832e-01
6.613042252258005682e-01
-3.597039560903699251e-01
1.174001397543962266e+00
-4.210220905328160984e-02
-2.464854477356040185e-01
6.281820813964775763e-01
-2.712785111513414948e-01
9.154299355347101930e-01
-1.328764996470057358e-01
-4.630965247669671658e-01
1.688454183542940912e-01
1.236751619082758075e-01
nan
8.266239380677464776e-01
1.681960430072747537e+00
-5.058233319942530976e-02
-6.367855417152360475e-01
4.591809295507480182e-01
-2.891082152226908120e-01
2.209175553373545209e-01
-6.447970967889636862e-01
1.217481785218447465e-01
-1.790415906304949206e-02
1.100520000471106735e-01
-6.023548871331055876e-01
1.254187420080840332e-01
-1.424348502743801592e-01
nan
1.509807647915173967e-01
-4.395691215512541050e-01
-2.647046660359120840e-01
-3.642906290536416791e-01
-7.996234873737396720e-01
1.070123439296850332e-01
-7.628718032613310829e-01
1.279477176959065376e+00
-8.821756381064120578e-02
1.392443742276645580e+00
-4.422608616456249336e-02
5.036221704376693253e-01
5.013567477196031463e-01
-1.388561405790464942e-01
6.015441458668397967e-01
-3.995669272633739499e-01
2.025556446350716688e-01
1.022967295555005374e-01
-8.863305903173439304e-02
2.899031719670327467e-01
2.250574810339178999e-01
-1.452070386142789438e-01
2.992401862011058733e-01
-6.054997690951917644e-01
2.553701387685330601e-02
4.513233823074008777e-01
1.051788400938082069e-01
-4.901252711924607430e-01
-1.280034885806397849e-01
-1.888096421097063271e-01
-6.992585908409154616e-01
-8.738034797448746005e-02
-2.112666102244761535e-01
-4.546102521236117418e-03
-7.384978244918857793e-02
-2.121508819769302168e-01
5.452165618794666546e-01
3.026577261893925730e-01
1.622205756889503858e+00
1.084175857544865257e-01
4.598155209266553967e-01
-4.058765093776840749e-02
2.322777606452641197e-01
3.688092636378429434e-01
-4.911320947211093024e-01
-4.847518520159798672e-01
-7.069281637674094121e-01
-3.297098258972246398e-01
6.022499215504811647e-03
5.835143169582697187e-01
-2.046368349961026900e-01
-1.961413733534138337e-01
1.984455357926249719e-01
1.130486472215483040e+00
2.743131740451194567e-01
3.440106534812091277e-01
-1.731512712925298014e-01
2.848367816582817250e-02
nan
nan
-3.053307888247627777e-01
4.149015848177244892e-01
2.021389385971250063e-01
5.341009387586084234e-01
-2.057178028470091000e-02
-1.802885298953412208e-01
-2.974545437016150595e-01
5.063388460811906189e-01
5.073252200805244277e-02
4.756488403039105806e-01
6.520814321986755369e-01
-1.020600867530125910e+00
3.598327919677942605e-02
-6.160215264254427503e-02
-5.986598117543197040e-01
-1.321094371931908762e-01
4.137128158133311362e-01
-2.131546135203649106e-02
-5.360002902917962442e-02
2.947988394429109094e-01
1.136762625164875029e+00
1.367801917165885339e-01
5.048140703165306942e-01
-8.825386455875054992e-01
-2.857704122131785596e-01
-7.510596131119116059e-01
2.878280311053917906e-01
6.542206568679947987e-01
4.557418033060049722e-02
-2.450571089012482454e-02
-2.021810889885417850e-01
9.492235961652812914e-01
8.564837135936355095e-01
8.557557159638566613e-02
2.246305948024007182e-01
3.732914177677793544e-01
1.492786333072947114e-01
-7.659881823756016506e-02
-5.465744224262709672e-01
1.851068155840608354e-01
-2.406970160632466715e-01
1.654827767749483258e-01
-4.152927692340185883e-01
3.989626705953381314e-01
-4.883019712935589007e-01
-3.278704969547566739e-01
-3.871703914191323426e-01
-1.846183368911201439e-01
6.822481483716055228e-01
2.075277731812895654e-01
-1.331011327562836299e-01
-2.308835793187607177e-01
2.095100587860671271e-01
1.222719745851235662e-01
7.613110696293881041e-01
-4.142292859319617881e-01
-3.467075826783685977e-01
nan
2.329692936443175377e-01
-5.687067299817581967e-01
-8.538271398357158426e-02
-4.569772138005641082e-01
9.782192626749297570e-01
-5.312521739933592224e-01
-5.133765884787480083e-01
7.139547432167427932e-01
6.394071209215736185e-03
-1.897064991995131844e-01
-7.632609361442964646e-01
nan
-4.689366337653592121e-01
nan
-3.563913821998338505e-01
-4.629586889511107528e-01
3.082504380240300712e-01
4.106467828156453170e-01
nan
-3.880886409693789507e-01
2.517929270703853084e-01
-1.693322279654109752e-01
2.554893538915125120e-02
5.321226928262771105e-01
-1.923805048750750757e-01
nan
1.834797256267395871e-01
3.930259097249843570e-01
-1.858184542217117818e-01
3.875078096999670652e-01
1.271443087696784435e-01
6.974187304390815356e-01
5.722349125033792117e-01
-1.879106956339492984e-01
nan
8.092881602537385644e-02
1.230474564356274642e-01
8.581781478470646984e-01
-4.323682345306528174e-01
-3.217326181121356043e-01
-3.370410982004285461e-01
-2.210076215249743015e-01
-2.393038711835415999e-01
5.473015310362641106e-01
-1.906622988538408947e-01
-7.304552507492414470e-01
1.081255027838691651e+00
3.501967741124166304e-03
4.452246345143041628e-01
5.986154814039927885e-01
-4.265578975400213246e-01
-2.005748775647114568e-01
1.374676145169227093e+00
-1.992437859861959648e-01
9.512272268305101974e-01
-7.420877568660150247e-01
-8.665808828004102349e-01
4.338207359265767726e-01
3.470185346946204341e-02
2.779389174325492054e-02
2.028266112168544966e-01
nan
2.058705668743417427e-01
4.850025067786876282e-02
-6.359785773003859832e-01
-3.479116720564454091e-01
-4.354779627984334267e-01
-1.889485000827951788e-01
4.928656016348054725e-01
-6.543236258086296830e-01
-7.360400881965205588e-01
-3.550605326339149048e-01
1.997205709998657250e-02
-7.709894904273839611e-02
-4.253793677054881206e-01
4.916348240897033817e-01
3.121340162197340506e-02
-2.985058108116657102e-02
1.013081180694362260e+00
-6.281621342728719304e-01
-1.032068266780337452e-02
-2.552565748038508331e-01
2.304974577775887046e-01
-1.924842519086877868e-01
1.137684595562730855e-01
-3.252141573786563322e-01
5.481630035595423944e-01
1.023302000552099189e+00
-5.307218827319052368e-01
9.055375392707121218e-01
5.728722619807491423e-01
-1.840516976804982274e-01
-5.670934808541054917e-01
-1.639755254359281655e-01
5.326554850077244163e-01
-3.689134248724376675e-01
-1.089523204723692879e-01
-5.672771224987334104e-01
-1.688216452930555583e-02
2.889540685933476571e-01
-1.483779977833685759e-01
7.651807145995170867e-01
7.075283867295293350e-01
-8.195712896209217391e-02
-4.739028146275260922e-01
-3.535650949851192326e-01
nan
-5.029270993124012046e-01
7.693396668470192656e-01
-3.715024927560178769e-01
-7.047850872238128339e-01
3.382508713620187013e-01
1.057591490709661963e+00
6.299008585377784408e-01
-1.710328257349303105e-01
1.781432611659773124e-01
1.227941403103446072e-01
-3.389065253517505871e-01
-3.085731772517494864e-01
-3.366431201775229032e-01
-1.027814065173406899e-01
5.081258544067901450e-02
3.116757619283386793e-01
-5.668967817497584383e-01
-7.006787613265991199e-02
-2.291685834005761369e-01
1.057465181418661526e+00
5.422804840523008929e-01
nan
-3.128254365080345711e-01
nan
3.477010463923112527e-01
2.445519785028219539e-01
7.282749733634368283e-01
3.791316836276011348e-01
-3.152334932961269875e-01
4.323535119264527715e-01
-4.750162689282848572e-01
6.208648095679076828e-01
-3.490731953299794355e-01
6.338841877978866890e-01
-7.800252900428108482e-01
2.717679693856172030e-01
-7.031681334330893707e-01
2.047189860483535351e-01
1.136692851148611710e-01
-6.624348063656670949e-01
-3.997604816905421798e-01
-2.179504354077559936e-01
-2.085427533040863646e-01
3.159360935276752519e-02
-7.083992525477161850e-01
-1.826011634570776365e-01
3.006711640392122908e-01
4.106020473929852255e-01
-5.436176384513676796e-01
7.814297732616266590e-01
nan
2.923777831884260409e-02
-7.581815470603702201e-01
-3.561285345326185847e-02
-1.290275874642622389e-01
2.040010381244557192e-02
-5.851929096253130069e-01
1.918999662136164006e-02
2.109390780838499291e-01
4.070598886364402147e-01
-2.758679455204050557e-01
-1.382272864428541748e-01
-2.861396584897817758e-02
3.010294451383661585e-01
3.912572129022516276e-01
-6.414573132701132385e-01
4.676560578229405629e-01
-5.811457309287147988e-01
-4.524869763359977426e-02
2.519226578098416880e-01
-2.845309633120453041e-01
-3.978009884455229184e-01
-4.098645740303549778e-01
-3.220553914145366514e-01
4.923741991592485712e-01
-2.080421009484187123e-01
5.988538255963842261e-01
-1.023817343316270195e-01
5.639719964300504707e-01
-2.509993902336508098e-01
8.237455197271914553e-02
4.630864971873266955e-01
nan
1.588213947612199251e-01
7.797265887572786269e-01
-5.971669746140038093e-01
3.741995871664100526e-01
-1.396285428681267315e-01
-4.174402708893046321e-01
nan
9.806400953380835228e-02
-2.473761920884901544e-01
9.140336268948028309e-01
-3.906592761170261663e-01
-7.866642039210087756e-01
1.823707152617509430e-01
-1.541716081695595764e-01
1.222143825484510726e+00
2.417274921842965663e-01
-2.537093236251461437e-01
7.670563868711576250e-01
8.368758629689539985e-01
-3.650002108960329061e-01
5.678191261439605730e-01
-8.845846862165823721e-01
8.872324642867760458e-01
-1.154552887139475237e+00
8.486343130277701485e-01
-1.647470148547543478e-01
-7.111387789915248892e-01
7.222596360064259535e-01
7.970189020616859077e-01
2.018883454061491667e-01
-2.930574038982718954e-01
1.746768360086279059e-01
7.263505934393635899e-01
nan
-2.498399132458944960e-01
nan
1.671791670068696334e-01
1.789926051827934461e-01
1.268208164915991532e+00
-2.663279942258219291e-01
7.195510840683889686e-01
3.240835245291659450e-02
3.484978978622202406e-01
-1.623715370664038371e-01
-1.413663123702913471e-01
-2.557862915037771856e-01
1.105448257894875441e-01
-5.763343446552225968e-01
-3.159220678079042166e-01
-7.359967581685723514e-01
9.228531089011908495e-02
-9.041712461071443885e-01
2.066922490613508634e-01
3.320541364518320715e-01
-2.279695928631035595e-01
6.310034316963569756e-01
-2.773670473942871362e-01
-5.882824965766023095e-02
-2.588199774394387559e-02
8.063271571473927812e-01
5.855747716208388187e-01
-1.976779668300316650e-01
-2.598211114787765674e-01
-2.551193985566518885e-01
-1.864495660427101589e-02
3.559052749033806973e-01
-3.661125934852638708e-01
2.770671763894327899e-01
1.001836184362518312e+00
3.312483128084001138e-02
2.157811023258740801e-01
5.524104268284979469e-01
-7.620386305350123068e-01
-1.100495313165002070e-01
3.560896947514344824e-01
-1.724694515092902725e-01
-6.787538276787281610e-01
1.055425136374740891e+00
7.534544329356235304e-02
-6.774691524866267578e-01
1.096287643571900228e+00
7.032106604149573892e-01
-2.017136320204087896e-01
-6.052806850443148701e-02
1.154860096075769782e+00
-3.398663443996712274e-01
nan
-3.227104243833242569e-01
-4.375705256284010414e-01
-1.106972862280851400e-01
-3.014010514649362871e-01
-2.670811103536031572e-01
-5.975956015565324631e-01
1.330603292482513134e-01
1.064047704279384554e+00
3.296968932881494951e-01
-8.637155681710827482e-01
-2.193942551263257656e-01
-4.652598414660185089e-01
-3.721075504095615050e-01
1.070223957478424470e+00
-3.739691497786641894e-01
4.377995243052961727e-01
1.439830354855834715e-01
nan
-2.421833286239403749e-01
8.325626432082615658e-01
1.796732657800272429e-02
-1.377289311440236808e-01
5.903371556909347007e-01
-6.344477603706286106e-02
-7.676199654758846247e-01
-2.595124622147926829e-01
1.063475344810356354e-01
9.958213421865824699e-01
-1.440984024816337195e-01
-4.053965412254923462e-01
-4.147616100094204672e-01
-3.863435572129575446e-01
1.522671291359942169e-01
1.800461195119639479e-01
1.043044470431821136e+00
-3.359242491509787931e-01
-3.040442122408482661e-01
3.608226593301508411e-01
2.717061320072143293e-01
1.546981499507749103e-01
8.537556766250092855e-02
5.858973867985534101e-01
4.686758147618994563e-01
-1.587828697391431175e-04
-1.994932371930374371e-01
-5.630110271018546886e-01
2.204912863398070799e-01
8.794695470118301106e-01
2.346966333454837683e-01
3.169564107604749270e-01
-5.153454539869406492e-01
nan
5.529339424191801466e-01
-2.547335616682371850e-01
-7.579485126397422778e-01
5.686539104523533616e-01
3.437044339251330571e-01
2.460604207243787811e-01
-4.270662848948911239e-01
5.995633329195354522e-01
3.896254555921082607e-01
1.209333352875729545e-01
-2.824810329405730291e-01
5.130848374620297081e-01
-5.325464307974148159e-01
-4.171402925365043091e-01
1.177518423863616492e+00
6.738187840245905003e-01
1.889022715363710692e-01
2.742797592559239606e-01
1.635404517157266424e+00
-2.582562027715182840e-01
1.046795533101951170e+00
4.819207063817871894e-01
-7.753017274500202151e-03
-4.646904922712769004e-01
-1.984829725936182732e-01
1.756341493407641806e-03
3.678629218234361065e-01
3.778444195602673195e-01
7.636909559426267868e-02
4.733829916091369244e-02
-4.085186026862275277e-01
1.388996787467090543e-01
3.213823933853068859e-01
7.379783488926527912e-02
-1.000885644631393789e-01
-1.946254062916825400e-01
nan
-6.242709637719132676e-01
-2.759102640159264985e-01
-1.972174544625071024e-01
-2.539611812424774628e-01
-2.731734532158603401e-01
-5.945307224878570301e-02
-6.339460177598944812e-02
4.473425161661706562e-01
-3.423133888379483736e-01
6.014277814904681607e-01
-8.063993280165163841e-03
-9.254817702825028636e-02
1.211979976589109692e-01
-2.468051261939643581e-01
-2.710900479474753766e-01
1.147203612322502397e-01
-1.405273466135124050e-01
-7.468096418489991173e-01
5.474456630947825975e-01
2.797764430708754024e-01
7.824347026242782777e-01
-4.533243320128426679e-01
1.029820249502381824e+00
1.161864934875801447e+00
4.706619800855572078e-01
8.063152555089238005e-01
1.229883562589479506e+00
5.505225897001727597e-01
-2.570517219666901831e-01
2.065903170436501624e-01
1.282368531703873271e-01
-1.855945815382787079e-01
7.928230658569319633e-01
-2.325187532043847816e-01
1.683979695232805662e-01
-3.506075511322102600e-01
-4.659056055765750104e-01
-1.336347394729998361e-01
7.738593183578157397e-01
-2.654566210978956398e-01
-8.704709338105588445e-01
1.393092789341469073e-01
3.296470154934886265e-01
6.775524835331010465e-01
-3.294418256567933911e-03
-1.184967230381300113e-01
1.148457915727122830e-01
-7.198648670271993177e-01
3.303650095068960124e-01
1.023146296527942312e+00
-5.992584322999723323e-01
8.453090894123552745e-01
1.015789098049374672e+00
1.064311675517111144e+00
-3.325345389766940496e-01
2.400528539867143873e-01
-6.261657155309056089e-01
-1.120964654750788297e-01
4.180278374973353528e-01
2.142147365943145310e-01
-3.210297453610413271e-02
6.011501773006487637e-02
-4.160959495283715337e-01
4.142065915100582862e-01
nan
-2.904672497456485813e-01
1.996013116892095610e-02
1.456608593145971020e-01
1.171944164256578519e-01
1.299961065415448369e-01
8.880051106973591013e-01
-5.412384369559483099e-01
3.411743933335802947e-01
-2.605998389620353128e-01
3.809993819790611358e-01
-8.098001866376845770e-02
-4.064113652518833164e-01
-2.326330782820465182e-01
-1.561747762108997850e-01
-7.482967761001549367e-02
1.030302265715154902e-01
5.875410553677801184e-01
2.927780716289625218e-01
9.104440745996319473e-01
-7.353392319745666317e-01
-6.888208973935898774e-03
1.254008120456840680e-01
-1.267631839560923873e-02
-1.300617560325760536e-01
3.730223559746708717e-01
-4.143415764377560428e-01
1.053262568785439113e+00
-4.410893988268683730e-01
3.535356242389855463e-01
1.162427137963677026e+00
-4.515384471144887613e-01
1.507916120234537249e+00
-2.626487731840533857e-01
5.646106171093382420e-01
2.939899469788747471e-02
-4.284734197755323826e-01
2.031663295001974734e-01
-9.760290558462479671e-02
-3.907042598963735291e-01
4.443187312090761398e-02
-3.001569354782716581e-01
-5.434260153165708651e-01
-5.424847302073659838e-01
6.790274005308689631e-01
-9.083620042006281814e-01
-3.331796529653166528e-01
5.423204088630787512e-01
6.885639358028565749e-01
1.245835971164057865e+00
-1.197849236988462185e-01
4.468601617343700427e-01
3.940544280278367173e-02
6.526737988714050864e-01
-1.325385710080965451e-01
nan
8.520650620719927293e-01
-7.746112047012464474e-01
-4.110561238853905341e-01
-9.663533707491396563e-02
4.783240514536057364e-01
4.466574790675710838e-01
3.907737448957886439e-01
2.948166826538107382e-02
-2.864874056857937279e-01
-5.956499688785489299e-01
-1.757902217003986800e-01
-9.667106268236574929e-01
1.202636052126138388e-01
-1.177431541769107803e-01
6.598463317166536335e-01
1.259645873718180480e-02
3.591380929717977177e-02
-2.560116642458123426e-01
-3.995587152884267357e-01
6.355204473545957855e-01
8.862661558303324555e-03
4.839013589728008990e-01
-2.014131904713890586e-01
-6.615229705987403508e-02
3.468847393521762856e-01
-1.783496020737327104e-01
3.594959900860018875e-02
-5.176907870411474599e-01
1.411238176386226950e-01
-8.027972869812918244e-01
-1.939400161020699287e-01
4.550352447953404100e-01
1.261394857294230731e-01
4.665718034119704649e-01
-8.632344251658440326e-01
1.525788541186660907e-01
6.006013064129274437e-02
6.061360359161399591e-01
-3.021929521005122243e-01
9.491103572139015787e-01
5.410226717837484101e-01
7.066959002905165432e-01
4.808578704448381869e-01
-1.409540283936261684e-01
4.255926319210062703e-01
2.336392176025932077e-01
-2.392893477579371153e-01
5.895541870653725480e-01
-4.783999348615113334e-01
6.223507560811840644e-01
nan
8.391361773626050402e-01
6.209034224243327182e-01
3.767416371633823535e-02
-7.060074225102740408e-01
-3.454802746338425101e-01
-6.086673302830547527e-01
1.219118988754533062e+00
2.435052592250682435e-01
2.787183914166572185e-01
-4.045497707624260975e-01
-8.776204394869858982e-02
-4.136790170789158422e-02
1.643797171092487575e-01
-3.027663952417086191e-01
-7.556219123264725779e-01
-2.435528574467691742e-04
5.264679027968947045e-01
1.882028454731194400e-01
-4.020896359585481306e-01
2.593550306322267573e-01
-1.505295947243640298e-01
6.555309544770059338e-01
-8.344247097195414131e-01
2.428503326192267553e-01
-3.464265017991031148e-01
7.424338606023009879e-01
7.930899619631814890e-01
1.071945614798630736e-01
5.513073121991931558e-01
8.599807981478304608e-01
-1.909334495538224374e-01
5.298095193807648151e-01
6.514320487076007415e-01
3.546078896525707291e-01
1.026095892296176704e+00
3.822897476071700218e-02
7.151379641844975987e-01
-3.492380937282960063e-02
1.024573409769093807e-01
2.929545429811367674e-01
3.315183728127378271e-01
-5.908654423392598609e-01
3.028037998960086408e-01
-3.631210103917209553e-01
9.717474082154388404e-02
6.392930302801176357e-01
1.432549739055434534e-01
6.061088358969696915e-02
-6.067185368632003195e-01
3.015644708122424689e-01
-5.224150432399662369e-01
1.077767357261756251e-02
1.188263454992457113e+00
1.110013221579376985e+00
-3.648682576053336457e-01
2.828968866350060063e-01
8.687507245873025141e-01
-9.949572604402124876e-01
4.265971348015570874e-02
nan
2.140882759519766032e-01
4.451352192419001375e-01
1.018383554463506702e-01
-2.596332063819927760e-01
1.675444659891490939e+00
-7.588159906360408824e-01
1.068605411309559022e-01
9.149495053883510698e-02
-2.327030574042783517e-01
-9.889204920036769042e-02
-2.841669005610434340e-01
4.479523131156746274e-01
-2.834203485873013628e-01
-3.428823401527830161e-01
1.126920912287056147e-02
-5.693953283900368145e-01
9.840990912613362118e-02
-1.322492291941019527e-01
9.998835252117899142e-02
-1.902201368916572044e-01
-6.043923629851783996e-01
1.128060668450741488e+00
5.500580485838789668e-01
4.476239491800352854e-01
3.686271737385513059e-01
-3.321810584575758951e-01
6.792951812073850792e-01
5.496428318765935739e-01
2.904407761354008688e-01
-6.486336156776707496e-01
nan
-1.641444804965326749e-03
1.682091989434783830e-01
-1.484327051583771706e-01
-4.413748389295030217e-01
-4.590844919055018028e-03
5.486388087688733872e-01
9.032997078933133750e-01
-9.961855866144365690e-01
-8.188029460286325723e-01
8.495947150718229368e-01
5.071633349288796611e-01
nan
-5.118342305101556411e-01
-2.890292657148783029e-01
4.081845234395385380e-01
7.111050750954079902e-01
3.024500328857873677e-01
1.037941450828172574e+00
1.167218758749365870e+00
-6.253451771475940224e-02
-5.173184574060710750e-01
-3.649891088558823715e-01
9.208697745050611547e-03
2.971148841367866056e-01
-2.951177632434087705e-01
6.965728415591446732e-01
4.015398748005993279e-01
3.531795755005708304e-01
-4.615245679845018656e-01
2.985399053438768657e-01
-7.237088542717495798e-01
2.062219477888608821e-01
3.516817147145760991e-01
1.306454106706371188e-01
2.497330460036919497e-01
2.103373973983778400e-01
-9.817447881089902406e-03
-4.558939184395520705e-01
-1.327716730248237054e-01
-2.307223618738713788e-01
1.144376483084389884e+00
-3.058041405946734237e-01
-9.570905837065750710e-01
3.442521108960461262e-01
-1.032481695672714084e+00
-5.064156735841733870e-01
9.780696558888576364e-01
9.219339575952458787e-01
5.646086769121536619e-01
7.885475911023367424e-01
-2.918703066092058207e-01
1.021308958160350056e+00
2.416349716455264307e+00
-7.086430014517821618e-01
-1.367198657178300414e-01
6.934826394115664039e-01
-1.307238700756514216e-01
2.000210890997679847e-01
-2.206619266156454040e-01
-5.961440582526832399e-01
-7.684756607243307114e-01
7.308045396574325281e-02
-1.409507789211854843e-02
-3.340247175731719809e-01
1.517202087566154711e+00
-6.067264714446636287e-01
-2.808108636226014920e-01
1.832547624833858191e-01
5.761898787618074946e-01
4.549655896336848859e-01
8.011663340215650075e-01
8.515145705495460460e-01
-5.670949602499389952e-01
5.081178353262091191e-02
2.270282423349113121e-01
-5.884124817873167546e-01
7.190365369274222956e-03
-4.564797335367804521e-01
-4.180801795149467481e-01
3.170910395834200535e-01
3.684472255848686428e-02
7.926827574087464967e-01
9.623476814440734550e-02
8.241283363125887496e-01
-2.434390660361858971e-01
4.498898326588723906e-01
1.388660051606703805e-01
2.325276931531713998e-02
9.691317521419889891e-01
-3.333387307309684244e-01
1.324020008410936033e-01
5.168912947799373381e-01
-3.511082903854562676e-01
3.355585840605301295e-01
1.138272628159511912e+00
-9.991855491942394640e-02
-6.507579128512919198e-01
-1.328545208939187552e-02
-5.348895157264047517e-01
-2.083820255258355958e-01
9.235358623711536347e-03
-8.987600797071771536e-03
-4.756643013232748629e-01
2.162067561604343602e-01
-1.302095817368783062e-02
2.726506663235609418e-01
2.690244930447945326e-01
-1.403100467302688670e-01
-8.020027973392668263e-01
-3.689658843102808783e-01
2.819742848828845141e-02
-2.887694178242676823e-01
5.082987946115727178e-03
8.100460504043147103e-02
1.120037899815170546e+00
1.615223571877372477e-01
-1.021265118105368463e+00
6.681535643251866607e-02
5.460970366023116807e-01
-1.784532486562454001e-01
-3.167495337710172221e-01
-3.569828341205042999e-01
-2.130660718926290498e-01
-3.585769954194841236e-01
1.835362714059789735e-01
1.001808613335017473e+00
-7.543472041785459492e-01
1.058483550147296226e+00
5.015295728279337562e-01
1.237047307041857364e-01
2.691730176332612912e-01
-1.101467124287456578e-01
-1.319748925786219940e-01
6.995206078921198944e-01
4.438648556659381683e-02
-5.097954352943236955e-01
-1.582206256033862057e-01
1.941690147446690218e-01
-5.119186380727694941e-01
-3.132351293827187466e-01
4.324574229134995895e-01
-3.910257829407929875e-01
4.582078870168903584e-01
4.457253990713067604e-01
1.002882832314918593e+00
1.300872682268911396e+00
-7.443406327976143100e-01
-5.719487476527289616e-01
6.441040952092244032e-01
-8.603653070822749882e-01
1.039152398417243217e-01
-1.959424969796813853e-01
nan
-4.664640544635580977e-01
-7.146631350177347075e-01
6.224548372788905048e-01
-7.536786958109557011e-01
7.810391074273687062e-01
-8.092511964773232980e-02
7.692635361444990494e-01
-5.739067446547285734e-02
-1.649034014086439570e-01
nan
-3.833910525049932794e-01
2.844721176662924345e-01
-1.352654736951215131e-01
-1.085782685338911313e-01
-7.051575285299253038e-01
-4.155587519038047573e-01
-3.630090168490474611e-01
1.503346829268587814e-01
7.060277156647974950e-01
-3.727212300463599859e-01
-2.044992732385961520e-01
nan
-1.761469693486711063e-01
3.395612930296580956e-01
-3.028678919804511649e-01
-1.220831486666485860e-01
-2.338592175294491315e-01
-9.596955936904903728e-02
6.155152865454880384e-01
2.979444577793521343e-01
4.618357462060809770e-01
4.335715468871951250e-01
-7.023523725233666859e-01
4.778937852571714107e-01
4.917238319601289209e-01
-7.230852275469846768e-01
-2.851040878350145566e-02
6.748831251923198549e-01
1.078960932704275955e+00
3.748735947674272095e-01
1.200177174034277927e+00
nan
4.096428362208102691e-01
-1.603555723858487991e-02
nan
nan
1.225263020777088603e-02
nan
3.863482507953528988e-01
nan
3.380669283568516481e-01
2.098694983715620466e-01
-2.683454612252677562e-01
1.270036899050779100e+00
1.502635545400057837e-01
-1.288213828911881909e-01
-2.466500425711349101e-02
nan
3.533314474247561399e-01
5.711650200237278208e-01
1.458754279395548248e-01
-2.126977050257037039e-01
nan
4.910263221445625992e-01
-2.989576253761704657e-03
-5.630543524397264576e-01
3.161589373954128424e-01
-4.132220318150263694e-01
5.558852433070068377e-01
1.022729628088925175e-01
5.205919896845380146e-01
1.560620004077974410e-01
3.874846631383549456e-01
4.597693110022659235e-01
4.562620958833177864e-01
2.053160947748330356e-01
7.465769614093145656e-02
-6.085600254649995433e-01
8.116902857681713712e-01
2.427913748312304498e-01
6.911887786659675070e-01
-7.756986911311258837e-01
1.249004629360236235e-01
-2.446981418638541628e-01
-1.148107304749694801e-01
4.379954226391402083e-01
2.278363228637913240e-01
1.698490790688230501e+00
-6.774216820725916799e-01
9.831065298573453404e-02
4.049397592895628714e-05
6.583884847869156745e-03
-2.646873311556771375e-03
4.365821856699690362e-01
5.696827628186528214e-01
-6.254288039297102308e-01
3.432159672032509823e-01
2.582470463982519115e-01
3.175751874310662748e-01
5.950743624824871292e-01
-6.043468529831487190e-01
3.295924844150099342e-01
2.514014681768010906e-01
2.025538456903343554e-01
4.863013614555705133e-01
7.016264208967445404e-01
6.742062094486486190e-01
-1.227124350874844866e-01
4.639420059542361807e-01
-1.109774780161325025e-01
-3.502377922118919962e-01
8.902911288988712979e-02
2.143306092876907376e-01
6.889476650450432338e-01
-1.392734115247085958e-01
3.944176260602756390e-01
-6.809375405246276269e-02
4.585604058995128018e-01
1.173721051503281154e-01
1.267591059897325567e-01
-2.633843414717814690e-01
-4.491094675510542977e-01
-6.121851903986388344e-01
-1.949917619171135375e-01
4.689562438648427478e-01
-1.052997932152889907e-02
1.264352866998851577e-01
6.259546879647693851e-01
3.238762715759161415e-01
-7.637669059390634896e-01
5.708619948431267188e-01
4.282416570243914866e-01
5.407348438027462789e-01
-3.115311053353545523e-01
4.625589515575081467e-01
-6.466353069439291223e-01
1.330509228868081761e+00
-2.931220034845182232e-01
3.513808515364669760e-01
1.455225247164932678e-01
-3.955679041624301506e-01
-1.912438153200353430e-01
1.048513144843138400e+00
-1.672607733044616241e-01
3.485783233751670873e-01
2.917351285406861172e-01
5.486153590810900482e-01
7.558242215566363109e-02
5.582538642466572387e-01
2.535125276284799223e-01
-2.871138397824948840e-01
3.792228338460013615e-01
-5.006542476953960985e-02
2.686799731236857447e-01
2.353878368019035883e-01
-2.289005413943728251e-01
1.064178957894308941e-01
3.407733100124342440e-02
-4.293300453151862039e-01
-3.917422773416650572e-01
-5.787576731389638685e-01
-1.139458802056973336e-01
8.147797985858229453e-01
-3.770981931922264829e-01
2.340493936841752526e-02
3.026920079103592176e-01
-4.362583668479519949e-01
3.035035887723995796e-01
-7.470657326342201865e-02
7.997376699491719476e-01
-3.559025391019585705e-01
-1.591353179750508162e-01
-4.828242528699775438e-01
-5.486624304896087212e-01
1.641874309824377098e-01
4.656962550540372781e-01
1.274354606777831078e-01
4.126814579663098392e-01
1.093394969433066022e+00
-4.367840420912534882e-01
5.042196801594411859e-01
-1.634246552963247723e-01
1.085549850316025466e+00
2.093479672919694168e-01
-3.151364260156224173e-01
-7.515451402695861871e-01
7.909766922008777401e-01
1.963208955588689741e-01
9.891013328002751237e-02
1.453847972963841773e-01
2.593587771344817994e-01
6.719747288424397780e-02
-4.817536657633685881e-01
1.416257482488970376e-01
7.747124272982361948e-01
5.851596637154760083e-01
8.407474367328624520e-01
nan
8.310810588417144595e-01
-1.574146160136223604e-01
-1.480173623867660215e-02
-4.278842671596891911e-01
7.263315035488007165e-01
8.950776216613157699e-01
1.614981650655579415e+00
-1.053005682234685603e-01
2.141803009846481587e-01
9.047550661807308992e-02
-5.606903939446119534e-01
2.099139170599218507e-01
6.318888850553200376e-01
-4.506197510955006202e-01
3.449816658079815079e-01
8.211562952572316609e-01
-1.451010963604082993e-01
-2.475821845651327013e-02
-3.714842126536512662e-02
-6.151176598648850913e-01
1.015631378916183880e-01
1.927474622930616943e-01
2.427791742564995303e-01
-8.230534512653321366e-01
-6.326707330260820106e-01
4.797813747423770314e-01
-1.930701992310439041e-01
9.402838739626795395e-01
-5.303701229028782160e-01
4.876946897679541038e-01
1.575649058155650650e-01
-8.106398829028572950e-02
9.160972051267583793e-02
3.098505396424102720e-01
2.779628287339894754e-01
-7.269993459722379203e-01
-6.686938420203371140e-03
-1.778659150476777639e-01
-2.443792192793805759e-02
3.687837585235977378e-01
-6.170638933617590693e-02
-5.741059831449198958e-01
-4.841234682115976296e-01
-3.144375550772884331e-01
6.743262930779949649e-01
2.947244067600909290e-01
1.051596088346791635e+00
9.058410580024055248e-02
8.930201345841139171e-03
-3.693410890675479646e-02
-6.517716248599589313e-02
3.757458249007834539e-01
1.981380716428208233e-01
2.059350865087803961e-01
1.192038778758357287e+00
1.015406786087054564e-01
-2.340344500359168578e-01
7.951740833816413334e-02
-4.766850377087779034e-01
1.543502135310022894e+00
2.157363827270678686e-02
-6.480295834563860602e-01
2.778828625396954077e-01
-2.482734241684760590e-01
4.882833818173810680e-01
5.818742756065051897e-02
-3.348499349314198320e-02
-6.578269665210760564e-02
5.231128428210028991e-01
6.903832725279368532e-01
-7.603517499413160463e-01
-5.228672964175059557e-01
1.376598497691376988e-01
-4.407832538215437079e-01
-5.928778634068768705e-01
-2.717590264331016803e-01
1.659081470002891079e-01
-4.918379228406888903e-01
-4.665196366283163587e-01
-1.537491350248479383e-01
9.130031758778336393e-01
1.448115926172781898e-01
3.744994829861690855e-01
-5.252434956965104096e-01
3.869392936225888313e-01
4.998949962435205729e-01
1.490658194786312063e-01
7.643666827641766304e-01
8.010300983517362194e-01
9.491562530179839530e-02
-4.642050259730409190e-01
-2.224207167890172171e-02
5.469958615868010243e-01
-5.472239246853857070e-03
-2.096057685142674043e-01
2.726489289805751892e-01
-6.232057478632090364e-01
1.888576387032487869e-01
-2.926865366122098355e-01
-3.276747592854064028e-01
1.139630161859500168e+00
-1.078229115081686708e-02
-7.334744217327729965e-01
5.913590957834288231e-01
4.478268214767193722e-01
1.220663641902107743e+00
-8.561488834926975766e-01
5.021010757266847202e-01
-3.730869268359299218e-01
3.280712705367077042e-01
-4.564756759920073903e-01
1.275090829222465805e-01
1.441456047512219563e-01
1.772565299960776608e-01
-4.079465144677341670e-01
6.412726470924953182e-01
6.198453834751711522e-01
-8.174118257569090717e-02
7.451672318453652633e-01
7.011209493654689817e-01
6.695569491935579043e-01
-6.182573012674761337e-01
-6.234620089427507228e-01
-6.674568893227600386e-02
-2.696420061291391335e-01
-1.646968277279960494e-02
-4.331826037296874210e-01
4.781229033801732142e-01
9.809916087224734849e-02
-2.595719951182505758e-01
9.627656237458174227e-01
4.427312914500138030e-02
-1.392765044406939490e-01
2.969122570321364729e-01
1.107193545647024324e+00
-1.546514757330865186e-01
1.409482001685384914e-02
3.047545168616307976e-01
8.147124949607676969e-01
7.085201462939588746e-01
-4.128744429019684525e-02
-7.860549515175467572e-02
1.366776688964602415e-01
-2.176406171117383770e-01
-5.283210053447596755e-01
-2.312389767082893011e-01
-5.514443422942366668e-01
-5.918164446020033331e-01
-4.509604873617434895e-01
9.092579503919989703e-01
1.377497745574080668e+00
6.264142155842877813e-01
-2.816020951455867616e-01
2.512645262262790391e-01
5.205674098875657380e-02
7.208057027150522877e-01
1.433948054269988948e-01
-3.561792825995885314e-01
-5.473084947222014440e-01
-2.257988125367475229e-01
-1.200193795524817815e-02
-9.702313487995749275e-02
6.385492281473331699e-01
-3.319365475203914784e-01
3.506634800842234334e-01
1.377804238849238416e-01
-3.765554457217882844e-01
2.372160981807327207e-01
-3.378787481511147384e-01
6.705828294882631990e-02
-5.250367486309217568e-01
4.469687776426510828e-01
-2.328866856689386922e-01
7.912639375587902091e-01
3.544678911161511237e-02
-3.437302533318963293e-01
-4.057774670321693394e-02
5.315232475161232317e-01
-4.864324774599482898e-02
-5.165259204242170776e-01
-1.507774934316333248e-01
1.108024087290377491e+00
-2.906486677927853646e-01
-1.440915960887962088e-01
1.361035581930295502e-01
-2.326246094134765963e-01
1.155179078767056555e-01
9.393716720362129680e-01
1.315965221149664466e-01
-7.057812617397495325e-01
-4.436395304587459343e-01
-2.972101125388452725e-01
-4.136262855477164380e-02
1.898877571263691555e-01
3.788406823787371924e-01
-4.110581283019852372e-01
3.600136568153213812e-01
4.676333305832124365e-01
2.781670422553791933e-02
4.147132963769062930e-01
-3.844203184893542069e-01
-2.297572080895312063e-01
3.566077916579317719e-01
1.317750171238658285e-01
8.476330354046893722e-01
-1.877119286123849484e-01
9.638278856331280453e-01
-6.927563352361222337e-01
5.407728080695943795e-01
8.324044899831444244e-01
7.313438055236273216e-01
-2.073813279607758242e-01
-4.988833541422048323e-02
-3.331955871139888337e-01
-6.476598100389960866e-01
-4.523950765090369724e-02
-3.856699124976911090e-03
-7.111080296564754599e-01
-2.146129538474998155e-01
-4.773330064578907295e-01
4.163501142922485521e-01
4.539155222200828010e-01
-4.703921437394475297e-02
1.030728789745424034e+00
7.009427232557597920e-01
1.360066359497418831e-01
-3.179498289159802260e-01
-2.837235058215529793e-01
-9.409585029989857574e-01
-7.848910783298682636e-01
4.238054499795083641e-01
-5.388419716456674946e-01
-2.170031320008321829e-01
5.405944659554925980e-02
-4.610604054023458298e-01
-4.857643826097610695e-01
-5.792440657984969377e-02
8.459527668200066408e-01
1.713231257029769472e-01
2.111485260188257496e-01
4.036716264539275123e-01
nan
2.889582481198807451e-01
3.469642300854257344e-02
-5.166195869808097862e-01
9.717099694351112593e-02
3.159583317365700916e-02
1.899552356651136864e-01
7.477053885800009070e-01
-4.011168123929699236e-01
-2.800989864473196200e-01
5.964613215794479784e-01
7.970267351719377835e-01
-2.542582927282796557e-01
-4.867784523723923673e-01
4.268102209042433093e-01
8.360074957346944058e-02
3.742703217497846957e-01
4.974836784406192480e-01
4.497801874980227321e-01
1.217572436044020608e-02
6.605708921919345444e-01
-2.219718610195344222e-01
2.488681579172467295e-01
5.529749001236327066e-01
-4.508734886292585786e-01
7.075530384666710582e-01
6.621504348430590214e-02
1.082445229570283413e-01
-6.320888595739405647e-01
-3.796310963782780212e-01
-5.926048634111945601e-01
2.706198375589422001e-01
-1.268017895660727284e-02
6.911424749117405231e-01
4.471068923665488248e-01
4.513066468735223435e-01
1.221603607413322523e+00
1.020998997170723621e+00
-5.442143090126896343e-01
-2.504400705778456748e-01
6.970295122260508625e-02
-7.633187361010013161e-01
-5.931192917352324789e-01
6.847949131940527234e-01
-2.121878348781972290e-01
-4.008839124677211069e-02
-7.087663492881647320e-01
1.340176769238037580e-01
-5.077706592988319168e-01
-1.022431708187047233e-01
-2.198710910872430091e-01
-2.418534867273735844e-01
-6.724304522861641875e-02
-1.761424635118429560e-01
4.303948171987898030e-01
-2.833128588932993241e-01
-4.244645062572317551e-01
-2.763803433524919181e-02
3.637178714782295930e-01
2.264203061503217151e-02
-3.628662216774367621e-01
8.151407705931826841e-01
-2.373726543733160610e-01
5.469311218251148715e-02
6.885126631152044263e-02
-9.832349718946405137e-02
-9.803826485146089897e-01
1.137891227729486587e+00
1.294548475800115561e+00
-3.504707104583372201e-01
-1.271253302109765781e-01
-2.458431745836572868e-01
-4.034187915028752403e-01
-3.525958907015185329e-01
6.257957244711559452e-01
-6.947111946812806194e-01
-5.337128624850067116e-01
-3.812057328239040754e-01
4.509742366833726646e-01
-7.178612924181994037e-01
9.783649171779809639e-02
-1.277435889286952786e-01
1.635019578529440243e-01
-8.203089866259530294e-02
-1.043007939542915374e-01
-4.701473276703516113e-02
2.914864557038034931e-01
6.006226191683934346e-01
1.225296302266332349e+00
7.890263876853077507e-01
3.447521834105395366e-01
-9.977704090162599349e-02
-4.764217424664079492e-01
4.771565115951541536e-01
1.293547372585937438e+00
-7.943724677795790390e-01
8.725385075333444429e-02
-2.915457897937775988e-01
-1.124811491982920797e-01
1.006293974299116434e-01
-2.027904197812483711e-01
3.052793888912429532e-01
3.110908743773779794e-01
2.837806461917327661e-01
-9.547862850480139107e-02
-6.756295530540175065e-01
-6.006222473070468165e-02
-2.589276726330972944e-01
7.942678770961605905e-02
3.299181356265752929e-01
4.658584166987925768e-01
1.493268753054020036e-02
2.919202967728190545e-01
5.115527420235600475e-01
-3.252547498479739230e-01
-1.058426052931657618e-01
5.088957376444044334e-01
-4.893095956090857124e-01
9.792247394780502212e-01
-1.360358661826903404e-01
6.441980035316494657e-01
7.299105481541655338e-02
4.166910013969496451e-01
1.520749443411872626e-01
-6.759146320252501505e-02
1.655101392626287249e-01
-2.984785112081565495e-01
-2.289662365311532360e-02
2.951072995235062488e-02
-3.483843650057196761e-01
6.173347049950409504e-01
-3.478840126294541202e-01
-6.594732278775702894e-02
-2.668253260497661095e-01
-4.425607843604482672e-01
-2.541253289814136562e-01
7.881423508025335867e-01
-5.398317078164776017e-01
8.301817404098787989e-01
1.446327516568250982e-01
2.171287189742016344e-01
3.291693200911492423e-01
-2.826192134132231581e-01
-8.394790288392568745e-02
9.479972495381708830e-01
-1.952716957547585147e-02
1.764993280575885837e-01
-1.976497865345679394e-01
1.925087618777461818e-01
5.005977837477009612e-02
-4.906106150375272867e-01
-1.043471631817797229e+00
-4.125150199577249932e-01
-1.063616822316820060e-01
4.227620232425653990e-01
1.540593301756004729e-01
7.252408009108657350e-01
1.052058180407870885e-01
-4.052036274495790513e-01
3.509570971250807608e-02
nan
-1.664668330965925480e-01
8.345589036734636368e-01
-2.966457929128554216e-01
7.323380837499068319e-01
2.923168546307694515e-01
7.501262919786808592e-01
nan
nan
5.931522525956430814e-01
-4.115009034651854192e-01
5.222876390238316846e-01
3.007784510950847201e-01
-4.795433020088821219e-01
6.145233442061931450e-01
2.339004743572288270e-01
4.069751206145345024e-01
-4.008951610257670273e-02
1.860145839162939685e-01
9.659129103205548184e-01
-2.168874561911960652e-01
6.170063425704967047e-02
1.645546739255023816e-01
2.726593323476280903e-02
6.698461284505183855e-01
-2.236141958618067527e-01
2.197971512085798440e-01
1.403342276528932175e-01
3.160589104106745206e-01
-4.083110350879442380e-02
1.752894731714941257e-01
1.566571242584494650e-01
3.005332261720025655e-01
4.374978893606613073e-01
-3.029357084349907359e-01
-3.283611523576043800e-01
8.321218331538320356e-01
-1.488171278289606436e-01
-6.870213154984384785e-01
2.957315555520667605e-01
9.799651718428603608e-01
6.615056859943788670e-01
-6.448288436506660615e-01
4.023371790956948857e-01
-3.948822962422774419e-01
8.787799072507774811e-01
3.543440969831313514e-01
1.003672563269647766e-01
2.901619904951412421e-01
-1.555821839230807913e-01
-9.024315307119350205e-02
5.853848575211862970e-01
-5.362092151031906395e-01
3.138187092714960769e-01
2.554200112122619881e-01
-6.455980558391288815e-01
2.060952354491057681e-01
6.068984718895340524e-01
-1.360376578515750112e-01
6.441538715808647897e-01
-2.248131859767893703e-01
3.169859240448404947e-01
-2.412644959029070224e-01
2.873562494097352087e-03
-1.156524447284699719e-01
1.954647866930690758e-01
-5.940130865945474348e-01
2.039240423906562849e-01
2.747624897896327467e-01
-2.850494136251386368e-01
-7.334782970762046550e-02
-2.514125891733182683e-01
-4.864345739819264658e-01
3.132638410537569862e-01
6.074982058158099330e-01
6.166277566749800432e-01
-4.144047285441188611e-01
-3.039129328141840225e-01
-2.754099565932238702e-01
5.241766645614404085e-01
3.613956844088287990e-01
-2.476343786436002170e-01
5.412799450794335554e-01
-4.273878445493225486e-01
-5.690133702913109381e-01
4.814363099784911837e-01
4.369746340747445723e-01
6.457066042129503414e-01
3.870293923863019625e-01
-5.040289045781891630e-01
3.506042071845429375e-01
3.945176345537351192e-01
2.978694382391088857e-01
4.851969334506074649e-02
9.266493079711988212e-01
-2.627255467312121073e-03
2.607943467047070807e-01
4.034420870378428031e-02
-5.643042285129068469e-01
5.682962643297236882e-01
-1.513518499796224215e-01
-1.094952071006033006e-01
3.261894806011963466e-01
5.116260985535833195e-01
-7.141725771535714085e-01
3.934398832790636513e-01
-3.628702603449042163e-01
6.396673049873595751e-01
-2.679796225461389958e-01
-3.507763266404884117e-01
-1.040797647992813380e+00
-2.519091746502525320e-01
-2.985366700204057366e-01
1.411143004439191495e-01
-5.421046075521507301e-01
-4.993670940497459410e-01
-2.338660705689577513e-01
2.477411477196617487e-02
3.031297518674835323e-01
-8.644904228369405530e-01
-2.795706642112881779e-01
1.645179108460870898e+00
-2.094418754766253221e-01
-5.068170093611605864e-01
2.278539123839130043e-01
-1.724130761726021602e-02
-1.647376568400290564e-01
3.113961921703911617e-01
2.594078057316807628e-01
1.467762939634173758e-01
8.184675393233127594e-02
-4.814654860799375546e-01
-4.255263789611317682e-01
3.279278600795785814e-01
-2.352899473453350376e-01
2.263694961577922826e-01
-1.554392738314747391e-01
2.968460185964506004e-01
-1.574308954952559625e-01
4.932754348626783303e-02
1.048425935272418869e-01
4.391934439361322995e-01
-7.124380408586306057e-02
4.652443202546545087e-01
5.929667332225707632e-02
5.225064975014385160e-01
4.157808604337152047e-01
2.275117544128322511e-01
-2.059606734545672002e-01
5.022872625037532179e-01
-6.758844488462813216e-02
2.323041928607914031e-01
1.468737352190321865e-01
-3.811163323448352180e-01
4.614979790913351088e-01
1.229880405845604541e+00
-6.401544924299056027e-02
nan
8.477853635286705658e-02
-2.398732444617800719e-01
1.903163352940339947e-01
-5.285422626191751405e-01
-1.586639251584029409e-01
-4.700021972603990461e-01
6.028370235823361512e-01
-5.881192142426203695e-01
1.024049367345320205e-01
-4.790067995022759817e-01
-3.834476868268204552e-01
1.288806566408014387e+00
-1.948527994326662849e-01
-2.555240080336917963e-01
-3.725389749441078702e-01
4.475755659904055994e-01
9.772481275614992580e-01
4.244938474936357092e-02
-6.542752156131791119e-02
5.633475779763790214e-01
2.988384400722630674e-01
-5.041628845165087025e-01
-2.126817587057084138e-02
3.835075734100239497e-01
-5.157825443312286096e-01
-5.896837039851189344e-01
1.495419119842243683e-01
1.122044947972172524e-01
-2.259295429788807097e-01
-6.543428230764426479e-01
2.488914462331941191e-01
-5.519762609044245316e-01
-2.018881477033250549e-01
-1.639610693313180712e-01
-6.308696332774484938e-01
3.337031330914225769e-01
4.341707810627608022e-01
-1.388989001131609169e-01
-3.529824829434653061e-02
-5.111843475697187833e-02
4.328243282036624562e-01
6.918358060671723209e-01
1.305670417312184417e-01
1.595568338570980960e-01
-9.178944415263355638e-02
-5.394038210817662105e-01
2.809816306330998881e-01
-4.450664024211496983e-01
9.626869911175355288e-01
-1.748661262373044645e-01
-5.338417386439872070e-01
3.827086130175108569e-01
1.893360775597203018e-04
-3.273484353913880956e-02
4.277967414403151536e-01
2.702558849088221860e-01
-8.674009386965315926e-02
-1.568343278940592389e-01
8.260744962054719087e-01
-2.821289888152326078e-02
1.094383060899833081e-02
4.478334280427205827e-01
-3.421643183999671378e-01
6.652938360743062551e-01
-3.782108396621364221e-01
7.060353201717463056e-01
-1.831602930094221315e-02
-1.313655714178087186e-01
-3.487253940681203090e-01
3.441475775354187888e-02
5.375402895716148155e-01
7.556624413243746563e-01
3.472701161499375799e-01
-5.231855405783030211e-01
9.056246742645345238e-01
1.545353391522048814e-01
1.085108336742307139e-01
2.405656307326625165e-01
3.177288600114647754e-01
-4.117441978423849180e-01
4.507769010663109088e-01
2.953365924849838536e-02
-7.569069388715712332e-01
-6.250206443870779394e-01
-1.335680024224688289e-01
9.975873503417792554e-01
4.468692485199072251e-01
3.562769874285512395e-01
-3.476947520340887277e-01
4.102022896702397503e-01
1.834314389175857318e-01
-6.315762549184511521e-02
7.646178339411352498e-01
-4.065655112699278484e-01
4.887421264392967091e-01
1.490405859266870879e-02
7.877608323917271171e-01
3.913540363964174151e-02
-4.753198134603060510e-01
1.705898693826835288e-01
-4.105186601689286285e-01
-2.670492602717786657e-01
3.285458131916318414e-01
-3.805823803166387131e-01
1.881820943410459357e-01
1.535552281050079904e+00
-3.278627168532083913e-01
9.034396442579685493e-02
-4.927712540810261915e-02
2.924332423304348838e-01
-4.714977282486095822e-01
-3.586463511295662210e-01
-2.663542186073256102e-02
1.164679669691199293e-01
6.326275944253811900e-02
1.523247391584317025e-02
6.472609197673057091e-02
3.971097375050388067e-01
-2.217475648502374372e-02
1.427848246108178509e+00
-3.538421427121511420e-01
-1.093199453665079368e-01
-3.013057254196940260e-01
4.981693518494804129e-01
2.405741507025335735e-01
-1.524697566388251435e-01
-4.326021328162049651e-01
7.089251928774725764e-01
-3.747282012221362368e-01
-3.052062836599774287e-01
5.309848324186990931e-01
2.638130934666070293e-01
nan
5.965652540521972913e-01
5.290607282644708143e-01
-2.846368355625325530e-01
3.358137398062562284e-01
-7.598769572578922826e-01
5.746418070603857842e-02
4.787030647709676900e-01
1.712070314924042935e-01
7.787698331424723619e-02
-2.686850436284672350e-01
-2.046609267375160413e-01
-4.152269280121872463e-01
-3.093935460456681812e-03
1.447661414835152149e-01
3.426700445971750941e-01
6.911811688457585312e-01
-6.946188060726780078e-01
3.038677876826014757e-01
-4.316376116874935387e-01
3.576205254191600624e-01
-4.449065105603440817e-01
-5.137220262961511574e-01
1.414063316951977567e-01
-3.913230045608374619e-01
-4.195733246795276677e-02
5.619941600602088583e-01
-7.706122528424894647e-01
1.881536905867616793e-01
-4.573507293378578642e-01
9.769303459788295507e-01
-2.760453676133504120e-01
2.419026433362062856e-01
4.887773983206267769e-01
9.515393884989591100e-02
-6.121146454686021005e-02
3.899007101733107938e-01
6.889638450719823837e-01
-2.769452672879120780e-01
-6.269845373709378999e-02
-4.188091385391848886e-01
5.382732700706692741e-01
1.139362610429600853e+00
2.374742928375551676e-01
2.424157965228562750e-02
8.986386104846413314e-01
1.912014844013149029e-01
-5.608062368272436621e-02
1.025511276134391636e+00
2.158909915154907933e-02
-5.021892979191070472e-01
6.816356795210215536e-02
1.756431314502053531e-02
-9.327295183889939834e-01
-8.460300783344680831e-01
2.944765412935040905e-01
1.725517205390754427e-01
-4.653025660104859185e-01
8.455487227399078876e-01
-5.699713880445238523e-01
-2.684367110305980186e-01
-1.433891014004535502e-01
5.690447341117746971e-01
-8.283043895681148350e-02
-2.971900136413499829e-02
-7.631078571648576558e-02
1.140992448946880344e+00
-8.978573021449423042e-01
-1.022251103462344102e-01
-2.557764850786158339e-01
-8.882935901635938825e-01
2.439840797765158859e-02
-1.565735283594488492e-01
1.009362388826698265e+00
7.053618526066454120e-01
8.785879455789853409e-01
1.026705221138799029e+00
7.697325538678995160e-01
-8.926267867638952580e-02
5.893135901826964673e-01
1.317141830336378550e-01
2.674646590676306168e-01
3.786109587176197944e-01
-3.290412611621522099e-01
3.742771435378031697e-01
4.844964612866003995e-02
-7.049273737177397248e-01
3.044809608769537962e-02
-1.134960459558554263e-01
-2.183131895677010992e-01
5.861169541598163502e-01
-9.519660147968261876e-02
9.766676491787126269e-01
8.433687641682595382e-02
2.928543084619327774e-01
1.100744056237756840e+00
-1.170885791399891018e-01
5.544672511539088244e-01
-8.766102447188815761e-02
3.012440773943496630e-01
1.063417975773998769e+00
1.289221946281400744e+00
7.833517491673449573e-01
8.119291342637859898e-01
3.604566207909892990e-04
2.457755737701931009e-01
1.475217193416064942e+00
1.698885367510590549e-01
2.719170494917276027e-04
-6.873127289345243307e-02
1.048701054263189381e+00
2.040308923091211646e-01
7.347870882418910954e-01
-4.511420625355943015e-01
3.640335906231318974e-01
-1.882890843145168525e-01
-1.252803788990078937e-01
-9.046392975167971695e-01
-1.248711957735177888e-02
-7.812916252186313804e-01
1.352169130495617821e+00
-5.781868179344573644e-01
4.259418441103744457e-01
-7.547844879147380670e-01
-8.713410801821237506e-01
-2.152020139443213964e-01
-1.333926397372291184e-01
1.053954780635466104e+00
2.047192198476297520e-01
3.982433519461310301e-01
-1.489029677206052948e-01
-3.303757856980250041e-01
3.535799669387446054e-01
-4.060364331800750959e-01
1.214170428086298825e+00
5.979197958577904884e-03
-6.263280560021741161e-01
-2.109227305792323037e-01
4.645136213497699784e-01
-2.582046982159287296e-01
3.739432575275818960e-01
4.751755294195863510e-01
1.562140128603259626e-01
-2.087960412208493891e-02
-2.470427726112266187e-01
-1.687934738253160649e-01
-1.824144112199334034e-01
2.286368706021643382e-01
-4.396521414841168124e-02
-7.166313363961972493e-01
1.173045248861344231e-01
-3.896507749320455849e-01
1.029963307001937833e+00
-7.314112055591595052e-01
-3.400265008711424453e-01
7.001965025301040146e-01
5.826317500648618974e-01
-4.771105037343107980e-01
-2.898922072663504546e-01
1.317307043430667457e-01
3.015182100822260680e-01
4.219840429380524068e-03
7.156416313075574243e-01
8.217182684086637989e-01
-6.578671617936572291e-01
4.311645406385017920e-01
-5.361309528277402592e-01
8.845330963193877016e-01
4.098493551614432878e-03
3.127754549960901631e-01
-2.463013050804964132e-01
3.697510778368142126e-01
7.634350477296800719e-01
4.617080403225804625e-02
-4.445899021346362279e-01
-7.178513694507777654e-01
-3.795569100010345309e-01
1.440804637620334006e-01
1.705943675109607427e-01
4.427433912505437941e-01
-3.629664890379410425e-01
-6.398259240085939215e-02
4.343050678174732726e-02
6.778392784469816634e-01
-7.838180281021314144e-01
1.879262893873249463e-01
2.049995330210089006e-01
3.534108200278464340e-02
9.283619959248682330e-01
3.539288165016381965e-02
6.825390020295442339e-02
-2.944684931712109877e-01
-3.956929305306012279e-01
1.981780200673292081e-01
-5.824726802383426438e-01
8.266983267080074693e-01
-2.940375965102691169e-01
2.382993152209844367e-01
-4.793071950007830179e-02
4.295026896747797251e-01
-1.139181765825942466e-01
3.354856473022646557e-01
3.432543008231407622e-02
-1.423087018075385457e-01
-4.624301587188638374e-01
5.805464106402073721e-02
2.723054807770333707e-01
4.219196486395826451e-01
1.349863836446257570e-01
5.157501812597077295e-01
-5.664143349394887839e-01
2.374990328270684958e-01
1.896780112782849581e-01
1.289180659275966923e-01
4.822476244125359357e-01
2.586505444409962218e-01
-3.143132005554675201e-01
-2.430107582072315621e-03
1.163729053883448550e-01
-2.717240229834816390e-01
3.764284088600916012e-01
-1.557623941544192536e-01
3.921351662973190932e-01
-6.396328219137752402e-01
-3.240255849771006003e-01
2.026944448896656481e-01
4.278058323415943609e-01
-1.183545096088596815e-01
-1.864675967869439859e-03
1.886052305002610674e-01
-7.450683571154553819e-01
2.293399335974497244e-01
2.937678623544314749e-01
3.609037159373635895e-01
8.985117326262004323e-01
-3.730445901602028481e-03
-2.508098872190372419e-01
6.821063153186679440e-02
3.099833305702425212e-01
4.329558795475643707e-01
-2.083684861327881610e-01
4.447562384788073531e-01
-1.451942738290693535e-01
-2.119051222264547729e-01
1.328145512822770158e+00
2.786017682558435959e-01
2.529458477834010677e-01
-2.111318345837535915e-02
-1.211865217031012076e-01
-1.493145408705982002e-01
-1.138318957832855083e-01
-1.917565220778321700e-01
3.421358810261326822e-01
6.316202185314009343e-01
-3.173867526506442271e-02
-2.221718656849825946e-01
2.393771101331155504e-01
5.044783323511440321e-01
1.316459448796331033e-01
-2.876339472685902066e-01
-5.338381395871003576e-01
-5.255960789995652860e-01
-2.155268510888583011e-01
6.228126813795513694e-01
-5.290796136817339512e-01
-1.433248768744376789e-01
-8.043450562670526605e-01
2.710171127313734663e-01
7.102378302509397834e-01
5.489453881774352118e-01
-5.055519612360049458e-02
-2.900259280799964423e-01
-5.848669575341369081e-02
2.246732280758514944e-01
-4.189647446636278749e-01
-2.108855316980945693e-01
5.379885725796586249e-02
7.886760320676214353e-02
2.318724674742057013e-01
-2.979181112958181332e-01
5.159122776558880963e-01
-1.439302918955876476e-01
