2.782363692092942875e-01
-3.038287404686653703e-01
-6.112993815811448295e-01
3.265348742635288959e-01
-5.519183455276031047e-01
-5.925086084844415346e-01
7.727746766627309194e-01
3.569368990515457696e-02
-1.349171105159172566e-02
-1.879307367681800345e-01
-5.741961417252383626e-01
-2.026943126379611992e-01
4.407403046894390886e-01
1.064369183244086470e+00
-2.533175407339845475e-01
-8.966624497474288136e-01
3.854685853172128973e-01
-1.868102874316377449e-01
-2.242959783941750607e-01
-2.258039926147804854e-01
-5.083153229808259344e-01
-1.316299344611203681e-01
-4.733115060378211836e-01
4.297254255313371352e-01
-6.567341558145713964e-01
-2.642950630477249319e-01
-8.281577171314425945e-01
2.829891377521402407e-01
1.356843774311115247e+00
-9.207748572687031174e-01
-2.842424869223991180e-01
-4.574399743146053687e-01
-6.945904348362923475e-01
-5.567621762051228745e-02
5.244469144173218300e-01
5.275492276931943447e-01
-2.747028130859064388e-01
7.539722079062106952e-02
5.547086509604374355e-02
1.915631280907488521e-01
-7.100820327713697200e-01
-4.515736448180102669e-01
-2.109405528792580864e-02
3.113263340149421410e-01
-4.208838486001734158e-01
-3.608404708811086548e-01
8.709898952755298907e-03
-4.948580231188420275e-01
-2.750584906461353008e-01
1.196638921299302966e-01
2.479574248376709977e-01
8.053516220250460655e-01
-6.614643447609710458e-01
-2.053896002405735388e-01
-2.557378481205934695e-01
3.630842874482897997e-01
3.084162342927081468e-01
-9.023744303155424584e-03
-6.533142593712250035e-01
-5.427930111935571622e-01
-1.794367768714363043e-01
3.958592268301073802e-01
4.845808751570828132e-01
-6.918674127319529576e-01
-7.038574307602517566e-01
-3.413318339960830228e-01
-3.644661195929893571e-01
1.531230581359519782e-01
-6.218469621374266287e-01
1.063540391506955646e-01
6.768842178102547624e-01
3.761594475146685101e-01
-3.453717166929895499e-01
1.544184776142109861e-01
4.140668950685082450e-01
-4.081754296112856673e-01
-3.117488775071223794e-01
-1.289049471492694776e-01
1.914106898448011962e-01
6.999561869133175129e-02
5.179462839098942367e-02
-4.911844461802901685e-01
1.371793388460848251e-01
7.020333118344271872e-01
-6.440665581288713692e-01
1.843613246514257120e-01
-5.281647664398012587e-01
-5.699104486342466691e-01
6.164815543866546399e-01
-1.912946842207576825e-01
7.144860940960534590e-02
-8.361623306951115886e-02
1.294997555118970745e-01
-4.855402909768692932e-01
6.624025895717570167e-01
-4.338525211181848973e-01
-1.357493044923564485e-01
-2.638760746875414287e-01
9.740739245160311144e-02
2.698346495317078264e-01
3.359635913597700529e-01
-2.670899313410596276e-01
7.636720490273146700e-01
-6.064146434194146035e-02
-1.012961999572394578e-01
-9.730151291074873310e-01
9.368796822179835393e-02
-1.126649782320375270e-01
-1.860642433327387435e-01
-2.796563300515882422e-01
-6.692405885482406447e-01
-2.433214818458443451e-01
-5.548347737612708830e-01
2.865696274453509163e-01
-3.026314705487743173e-01
-3.017964978622534877e-01
5.909136207119680684e-01
4.498537448946252626e-01
-4.156599924894248677e-01
-5.101961411212705549e-02
5.536247584056723792e-01
nan
-1.820243959608714435e-01
6.402152940367931144e-01
-1.061372163692263088e-01
-1.845852106417836536e-01
-8.216006781942111759e-02
-5.804890499303241302e-01
-5.805823592748056150e-01
-8.746511505571727962e-01
-3.256945914061106784e-01
8.305114601154776066e-01
9.549094895033986008e-01
2.324148951032209143e-01
2.737628194980383234e-01
-4.119829047316092563e-01
9.160253996813890742e-01
-4.673315579488296900e-01
1.051102066740945001e-01
1.088182006063946466e-01
nan
-4.615595627571613679e-01
1.904377890750001343e-02
6.748833457786802825e-02
6.607567658121891174e-01
-8.388292823401268805e-01
6.972047785664543529e-01
-9.742459825271897467e-01
3.750783429032558680e-01
5.184193667404045636e-01
-6.921421346688205745e-01
-1.090424590153375339e+00
-3.410012140831945038e-01
2.032717435744368362e-01
6.065795300608775031e-01
-9.799005643205190852e-01
-7.752442626977346096e-02
2.967670004984628851e-01
7.111809905584305369e-01
-4.591062907436780915e-01
8.526013245275106955e-01
1.245992490510879902e-01
2.261507220692611508e-01
-5.822952857624527079e-01
-9.293753893206417871e-01
-8.725159302424631905e-03
-8.592083635857911128e-01
-8.237310695454382881e-01
-6.840932298030711900e-01
1.391971378651670477e-01
-3.954458637013433808e-01
-2.598600378014435663e-01
2.968376369210485866e-01
-1.251725148379866960e-03
-4.402013029327386806e-01
-3.895872740595198724e-01
-1.544346825891794450e-01
-6.703350363428881575e-01
-1.181533394982191287e-01
-2.874551898668731287e-01
5.746731466190717619e-01
-5.030393070953146500e-02
-6.531739301894878835e-01
4.945561834705242688e-01
-5.901991748518947700e-01
1.674252532611880950e-01
-6.097999260437164670e-01
6.891442661596312025e-01
-1.272876685281434661e-01
-5.110239130251718054e-01
-6.793837292620457102e-01
3.773040933723400547e-01
-3.775421642186167492e-01
1.092643469234856335e-01
-3.774982553277402286e-01
-3.613397803318920548e-02
7.993387967056075905e-02
-4.253089348848705376e-01
-3.981794557954675823e-02
nan
-6.290487647850283581e-01
3.014570937299695941e-01
nan
-5.182742828474068419e-01
3.025850690121796860e-01
-3.499765583839236638e-01
-4.540398001818456986e-01
-2.840733027737056896e-02
4.626099969881140167e-02
-8.672025936005989255e-02
-4.166986140560841739e-02
-9.070890973738117424e-02
-1.866586817984125235e-01
-5.699170899902631371e-01
5.779138863720263419e-01
5.427498142418906574e-02
-3.170237298761913181e-01
-5.283441232811194599e-01
-7.972244519174470634e-01
2.917908556629350003e-01
2.936953901241423637e-01
-4.990899028454948150e-01
-1.904919624194403305e-01
nan
-8.892000969695442736e-01
8.364631488771356871e-01
-3.333955221200703423e-01
5.376233754440458146e-01
9.309773759887748357e-01
3.122344944409107814e-01
1.711268369923595323e-01
-4.353563187296624615e-01
2.909753667416010159e-01
-2.788672332043967694e-01
-2.419826803022694928e-01
nan
-4.375319510126461364e-01
-5.494013573767657643e-01
-9.296102896682147121e-02
-6.866072469783325305e-01
-2.943320522128435313e-01
1.346178434875423269e-01
-4.080993466922531732e-01
4.002901673055425658e-01
5.063144651685210773e-01
-2.644382223554340716e-01
-7.798527051449235525e-01
4.421620291387261779e-03
7.553017167324084236e-01
3.478699832918374923e-01
-3.782433870089355055e-01
-1.042633239468842676e+00
-4.910393730954516478e-01
-3.135649702758578905e-01
2.716947133797992797e-01
-3.803632571731647150e-01
-4.321607720309402212e-01
1.025275434093981808e-01
-3.762512775327772618e-02
4.049363649715901486e-02
nan
-2.093801863325917001e-01
-6.079028113254129062e-01
1.898380502971710182e-01
3.327855849356206042e-01
nan
-3.419148864194589410e-01
2.038895591897343929e-01
-2.117193151717929600e-01
nan
9.290169028546577668e-01
-3.652609640488807541e-01
-3.899481691715789289e-02
-5.125804459015630421e-01
-2.440964123485327153e-01
4.167232016324994848e-01
1.272678882193035710e-01
-4.456067521642518292e-01
9.526426773048007890e-02
1.570970492728307119e-02
-2.687450994522375125e-01
2.376590288212444557e-01
1.814599621422307088e-02
8.786335678667732407e-02
7.564392934419255088e-01
-5.832448815439600365e-01
-2.677568837374626476e-01
2.369957496895337967e-01
9.885268331759988758e-01
-4.384075678833325163e-01
-6.795312195443310443e-01
1.016545667142990883e+00
-1.847059398814700493e-01
-7.016829642999459216e-01
3.120884926120383041e-01
-5.428206709619922687e-01
-2.626715007747305597e-01
1.199897192460163825e-01
-2.722446760022872309e-02
-1.446589391612708442e-02
3.367740336923178979e-01
-9.874190723618601895e-02
2.912519252072041098e-01
8.474668112674006437e-01
-1.823573246361175626e-01
-1.372402400687869339e-02
4.080643118516412704e-01
-5.063240286650180222e-01
-2.500879992684786890e-01
nan
3.244653980805541904e-01
2.897383189651809854e-01
-1.116623356910219633e-01
-7.498746850848609924e-01
-6.666891248284143590e-01
-5.257285288161230863e-01
-1.941880449642606199e-01
-6.402138807778016139e-01
4.797048984802464444e-01
-3.791310593667207018e-01
-3.862477855411203254e-01
3.099465171916151451e-01
nan
-4.948018648341884901e-02
-3.162616277576111006e-03
6.717462715458702438e-02
2.106938528768304286e-01
-5.837265879338513486e-01
-6.085472068347312913e-01
-8.329778609830025271e-01
-2.583592977980811445e-01
4.509471900654611343e-01
4.858490564269237755e-01
3.700937923500492999e-01
5.870810526941579177e-02
4.801529148303002037e-01
5.012112823769159231e-01
-4.339739976945821698e-01
1.267263269066002118e-01
4.847302742673584297e-01
4.032241892140716044e-01
-2.722226265930617894e-01
7.017525989363045114e-02
1.511303421503440714e-01
-3.266059058014901817e-01
-1.983754296480131074e-01
-6.550530947270895021e-01
-3.774465780567986539e-01
-1.509108396346255931e-01
2.338827352114118685e-01
2.645881315539579393e-01
1.021836948296063474e-01
-1.708290267303912979e-01
1.442063646678583000e+00
4.736966760008441968e-01
9.566814990945604613e-02
-4.472764161495308977e-01
-8.007841756593950255e-02
2.770676687874107716e-02
2.846716261106975801e-02
-2.196257653860782533e-01
-9.629478619085767299e-01
3.549732022663927844e-01
8.861800620021679231e-01
5.685638620413988598e-01
-5.654185688443377211e-01
-2.936918492566192307e-01
-8.592413452392310136e-01
-1.621868150452995538e-01
-9.480430712795988313e-02
3.886053831645981949e-01
-2.005314386711813113e-01
-5.049027814343390874e-01
5.483510226438853552e-01
2.120873202564959592e-01
-1.997974154316261020e-01
1.014438792228001152e+00
nan
5.189431942141115549e-03
3.019615456173155854e-01
-1.218555989945953710e+00
-5.492226085364342314e-01
8.983688043458277761e-01
6.204338439722354437e-01
-1.141432070127534754e-01
3.706105411158909235e-01
-5.358549652739212910e-01
-3.738197981470103501e-03
-7.287869391776579109e-01
5.540908090939693498e-01
-2.588657535610265348e-01
5.445513709388046797e-01
-8.707653763478169495e-02
7.423576475026316679e-02
7.478504244298380677e-01
-3.057167887933062711e-01
-2.758533234411753021e-01
3.240417761107127759e-01
1.015675522736805489e-02
-2.443020572440512683e-01
-5.706216525826695030e-01
-1.904474857710353464e-01
-4.296928154287772000e-02
7.655916809088244568e-01
-5.773246166148973124e-01
-4.375804541851197049e-01
8.370999105481607971e-01
-4.850190493217011040e-02
-2.634371142152676648e-01
-4.255064153118737758e-01
nan
1.026114125685949341e-03
9.379268904693172093e-01
-2.351787853752101698e-01
5.804789324690695640e-01
-9.151003628650635768e-01
nan
-6.108955496300285670e-01
1.824108708379666710e-01
-5.023257992720300269e-01
-3.085334963943159869e-01
nan
4.314671572313077408e-01
-2.535928773432366001e-01
7.910057291257291956e-01
3.736103311112153325e-01
5.183345527107841716e-02
-9.071285606532010215e-01
2.790134177896595458e-01
8.340035325837251712e-01
nan
-8.256122907180825088e-01
-2.724268851175787876e-01
-4.504034181666208281e-01
-2.757281745187626365e-01
-3.545661602682569913e-01
3.768444407956316189e-01
-2.871426776072382933e-02
-3.601473848875957201e-02
6.188079224716400706e-01
4.618357462060809770e-01
-1.350576237542044256e+00
-3.763144444881562078e-01
1.003277869344029405e+00
-1.375707236902171393e-01
-6.739252533677486667e-01
2.370905730156896152e-01
4.139295037775109209e-01
-2.545345659438933983e-01
-4.888591301225930774e-01
-4.273886959238233918e-01
-3.661750393570971374e-02
-6.586826693779732622e-01
-3.336402627456099279e-01
-4.039231531054977009e-01
6.794361857875385047e-01
2.318414786025743968e-01
-2.069105136360032543e-02
8.022850417553460955e-01
-1.136613033812830631e+00
1.045487229202713038e-02
nan
-7.071387452865273149e-01
3.454241193216515127e-01
5.659835413469858079e-01
-1.091674365704733196e+00
-1.344207353867503396e-01
8.106780325484743699e-01
6.708839712012882872e-01
5.752063962387464757e-01
4.418718092047825841e-01
7.706758656203599456e-02
1.103796683881348890e-02
-2.171260025445049813e-01
4.945702235244950340e-01
-1.971033804516239205e-02
-5.625118035928243776e-01
9.987533482040420463e-01
-3.709185249533151207e-01
-1.225180596485991313e-01
-6.100063218287792299e-01
-7.415481309141107591e-01
-5.713001702021071049e-01
-4.978079591011952409e-01
-7.757416286053215870e-01
-3.061863529783959703e-01
1.208690971218462362e-01
2.338966663854276651e-01
-1.107976302330455409e+00
-2.142734425974855694e-01
6.522236807672027181e-01
-4.410171903560638484e-01
2.811106387710879395e-01
1.677553695263028222e-01
-5.153651725682990570e-01
2.828298010762901327e-01
nan
-2.417551784450648611e-01
4.474872908393800475e-01
-1.278868319467031833e+00
-4.846875158395895222e-01
1.682376089681163700e+00
2.388225475955891297e-01
3.814267648702446833e-01
-3.992890538712358661e-01
-5.737346142129990945e-01
-3.783563711995982515e-01
-7.708402822851019298e-01
-1.679520785880087019e-01
-2.071652828281010106e-01
-5.860653006757037264e-01
-1.613211784137167856e-02
-5.422702021286760488e-01
-8.988077502641812488e-01
-2.418073180369308406e-01
-4.709845489693823550e-01
-8.476909275119149934e-01
5.619494859018524524e-01
3.235615245255349937e-01
-2.553817930467655595e-01
-2.452890649961801395e-01
-3.735401915797850747e-01
1.180472351577611656e+00
-2.162383920808558235e-02
-6.570540695619219163e-01
3.484520040927000517e-01
-4.087397758640778922e-01
1.388231747935863292e-01
-8.976433919694389030e-02
7.721825283582890442e-01
-7.879358716299903476e-01
-2.969306249108121798e-01
-7.768277881198888402e-01
-6.519517355917029411e-01
-7.149195248542481451e-01
nan
1.693880245765993220e-01
-1.114027892643731782e-01
-2.240412425245895123e-01
-3.576659574469684966e-01
1.425810592933190180e-01
-3.226835526300897428e-01
4.716713677520398273e-02
-6.372859202570683168e-01
-4.022804033936495244e-02
-4.839193857508063967e-01
1.040994000383616669e+00
3.467410972070517072e-01
-7.410090215244538037e-01
6.476794734846537116e-01
4.783211855558326397e-01
-1.609902020754772622e-01
-4.210465381258152867e-02
3.485069200122050681e-01
4.844595388007082448e-01
3.790731998025986815e-02
-4.976637080949620207e-01
3.987862226810316713e-02
-9.844524365330606375e-03
-7.533830312891832692e-01
4.251998444817118444e-02
-3.220014984626077270e-01
-9.420695022360557891e-01
1.392339287695194550e+00
-5.698242623141644980e-01
-5.611111710461418323e-01
7.914021866156684126e-01
3.013707660124180857e-02
-1.009768938770766178e-01
7.360718104125720807e-01
-6.204315205326479399e-01
1.493174037861306092e+00
-8.453899689664349237e-01
4.519653516188378295e-01
4.078661487124869700e-02
3.105703460803833083e-01
-3.564915804075842742e-01
-1.446252290230337356e-01
-2.046120359139151634e-01
-4.574614542925231966e-03
nan
1.945125605321223750e-01
5.537677584004939702e-01
-5.966826037022132656e-02
-6.993998864005747107e-01
-3.934278312213485701e-02
6.722077301634882783e-03
-2.815834330918274842e-01
4.407632918129246180e-01
-2.170457955140026041e-01
1.037511592714268849e+00
1.998438401625907967e-01
-7.805727473594618049e-01
1.602158735517880961e-01
-8.140088503326824432e-01
-4.255097584765737406e-01
5.414119695324528525e-01
-8.740997179243217285e-01
-8.751639119827558932e-02
-5.239983021067843305e-01
-6.570180868517018213e-01
3.077574052114599445e-01
-2.613205663966213232e-01
2.945477213009745077e-01
-8.741970954264067784e-01
4.397439546503520424e-01
-1.917713407809279180e-01
1.924185854077147262e-01
-5.736089891375886762e-02
-3.367466589518431364e-01
-4.526581893732703477e-01
6.196236175085551023e-03
-4.607175357928185999e-01
-4.797797719280494366e-01
5.213010734635902255e-01
-6.642359381166946797e-01
2.544493779487305707e-01
-3.959381405179275837e-01
7.835829728114352966e-01
1.671668040979422398e-01
-3.289543224794085341e-01
6.518454336781458469e-01
-4.286125539742458024e-01
2.597770406563816303e-01
3.776231684366465613e-01
5.776698524736079143e-02
-2.160631810114619911e-01
-9.881888787528723961e-02
4.031476790316516068e-01
1.777990429359314201e-02
2.673121619004233951e-01
-2.582145333374508689e-01
-3.251369523357795083e-02
6.457608037936221068e-01
2.817204663968650991e-01
-3.476330909949056774e-02
2.362596755850849758e-02
1.794088914483943711e-02
-1.944409409020770307e-01
1.906580169241990086e-01
-4.409442612333738243e-01
-4.053738051891020433e-02
6.046124005087830655e-01
3.407024090146870132e-01
2.557361077793119941e-01
1.915269233338500188e-01
-3.391220004546164901e-01
6.972291610323030353e-01
-2.932419865050958641e-01
6.035406463581172165e-01
-7.227658233344991245e-01
-1.727782386370187440e-01
-5.351468156323412328e-01
-2.347086211891162288e-01
-1.068767182528139070e+00
7.850166180409829941e-01
2.433828618168118185e-01
-8.056304632471872340e-01
4.982121931667826686e-01
-2.659732769460828594e-01
-9.479980639414595234e-02
-1.085814287211859727e-02
4.866529241227191549e-01
nan
-5.292700693812150137e-01
3.660656837403450381e-01
1.412533223940046767e-01
1.745526670772713229e-01
-3.441753615790296150e-01
-4.185403985841881225e-01
-1.623220380652578565e-01
1.313513336577239732e-01
1.377040039001449778e-01
2.194350748291773734e-01
6.181960582621771616e-01
-7.617161821107048571e-03
6.746125243853108300e-01
-4.597530474144304047e-01
nan
9.524042508850578681e-01
-8.345964665398516447e-01
2.174265660534846489e-01
8.506849312874777969e-01
nan
-6.598319889471568889e-01
5.999712397377805484e-01
-1.320253683076675899e-01
1.161750715754615415e+00
9.831017801668935352e-01
-4.249966993466477438e-01
-2.178074528406014898e-01
-9.989245786793218285e-01
8.529539782105083345e-01
6.182737815554367744e-01
-1.436123362470835829e-01
-5.478855662001005378e-01
1.070987414326521669e+00
-1.277567119311890931e-01
3.933948165176025247e-02
-2.669604542153308779e-02
-4.290914806691986660e-01
1.029485119076456040e-01
-3.029889306932564974e-01
8.971386531129895703e-01
-7.919136522080668650e-01
-1.719962388745617798e-01
5.106521663313360465e-02
-2.047662091202828993e-01
-1.045267148232645438e+00
1.132424419890614820e+00
-4.856167885646185400e-01
4.833703433881544886e-02
1.115657954235398791e-01
-2.501301391522094963e-01
-1.472963276124747249e-02
-9.291635823055583998e-01
-9.637283607188477097e-01
-7.029689915755815699e-02
nan
5.502287248633980221e-01
1.096179973272328745e+00
3.399729286591996469e-01
-5.679585637719095637e-01
1.840616351699274900e-01
-4.804561047027797183e-02
-7.772669210652441429e-02
1.295760300943174625e+00
2.272300048040303833e-01
2.593827797539315916e-01
nan
1.635222051525334619e-01
-5.832359648927748497e-01
-5.914782264541891266e-01
4.909753818309912643e-01
6.279787488596169816e-03
1.938662934190031328e-01
-2.406497426151602281e-01
1.263321026001204203e-02
4.897228428194440597e-01
6.013432580949496647e-02
-1.670830909266468878e-01
4.003670220924248069e-01
nan
-1.061911944432722077e+00
-8.327637791687034774e-01
-9.923078549080989186e-01
-6.318245055525972820e-01
-2.066175858662252507e-01
-5.402604223512442322e-02
-2.312734314949382308e-01
3.441879007406708491e-01
1.464585157200577192e-01
-2.719713702544014899e-01
8.893218912865104020e-01
-8.389635784714824518e-02
-8.910019638415032084e-01
9.048350567111378417e-01
nan
-2.994142901468079820e-01
-5.489187076551237388e-01
4.441582758270988252e-01
7.057634507870222951e-01
1.898085708078403600e-01
5.309275176327543644e-01
-4.983932861637992429e-01
-1.897189689207549879e-01
7.197678521078547664e-01
-5.313260434390053577e-01
2.801840585391966454e-01
-3.978934505712867775e-01
1.791320285180978411e-01
1.261053332965881957e+00
-7.964932274996662509e-02
-6.471520020238799575e-02
-8.822800490937414697e-01
-2.481318578328338686e-01
nan
-1.919840719507026339e-01
5.129006853770524677e-01
1.018695245629904489e-01
-2.538146026609928163e-01
-1.034649682547614580e+00
-1.734685391999328530e-01
3.230541743513860864e-02
-2.105395912304549588e-01
-5.586979824477260603e-01
-7.289715669318382885e-01
-4.282611613453659594e-01
6.874432690743229601e-01
-8.275380107975350841e-01
1.925911560391535826e-01
6.667420622648073669e-01
-2.247594680197105010e-01
-5.717034980517105014e-01
-5.478042105745500878e-01
nan
-3.369000091732375912e-01
-3.125658155260682136e-01
2.508804751020347057e-01
1.774346256611908021e-02
5.167954538320332913e-01
-1.607751177160529621e-01
-1.070262887200119861e+00
2.129155777825273432e-01
-7.062804353284222181e-01
-4.196857828843897353e-02
-5.962804080898618242e-01
-6.608647437534717617e-02
4.042019230600801122e-02
5.350042593892806453e-02
2.615846826521644464e-01
-4.629791626073462840e-01
-2.649124007368739986e-01
-4.971592067777177437e-01
-6.050884418021183720e-04
2.437655778624151504e-01
-9.594821795791527719e-02
4.510632617243580111e-01
-4.330438934379451932e-01
-6.829799572705670674e-02
-1.073530564032400825e-01
-5.606617555828636856e-01
9.972270783715887852e-04
nan
-5.068863143276232108e-01
3.532353834892069944e-02
5.585003233059451788e-02
-2.196075032659558224e-01
nan
7.062797055741781849e-01
3.255263141622411482e-01
-8.571083320799814664e-02
-2.556932962800956832e-01
-3.823176308980643090e-01
-4.755927460227968306e-01
-6.562464294240156759e-01
4.684511213882663894e-01
-4.053504454604633378e-01
-5.586405819054498512e-01
-1.278587493817899268e-01
-4.484847565494333166e-01
-5.545912295670936132e-01
-1.042942700831534092e-01
3.488612684526528063e-01
1.032297011011136245e+00
nan
8.158380947004052475e-01
4.179452290593407837e-01
8.850596614398260897e-02
-1.509703313711876493e-01
6.659883561127077911e-01
1.739219264908695162e-01
-4.107310090969059496e-02
4.143676117645970769e-01
1.470129659097937080e-01
2.332383481554144711e-01
-1.221396926761784962e-01
4.955374041709516286e-02
-3.892302824149651008e-01
-2.386218458055730865e-02
nan
-6.092211946177665816e-01
-1.245272712139813276e-01
-6.395328320107049880e-01
-4.633883863474218545e-01
-2.065935862353117380e-01
-1.323187638879561590e-01
-1.067652588144058168e+00
5.165255669861551491e-01
-1.726592522250503525e-01
-1.553097037858794383e-01
-3.309240746289688340e-01
6.712253434974264910e-02
2.542296453292431369e-01
-3.051951840274998995e-01
-5.881651972529079453e-01
-6.943415832554969969e-01
1.139349780185033162e-01
-2.602918874588344145e-01
-4.565163869867465418e-02
-5.690290263953295263e-02
-7.081330045144876850e-01
nan
1.480906821935728201e+00
3.072599674240850676e-01
-7.961200796901336529e-01
-5.601538115423077002e-01
-1.831194725788754807e-01
2.447226425580385778e-01
-3.416258138085339624e-01
1.883880365845866933e-01
-5.049278503106826577e-01
6.024438293650453274e-02
-1.388911821709166994e-01
3.079742226338074151e-01
-1.017248503048652636e-01
-3.262740153525741094e-01
4.085743003990636724e-01
-8.577187594933737280e-01
-2.381840476114380212e-02
-2.220473241268600961e-01
6.109582758702949423e-01
3.892166452526365505e-01
2.691465548888923309e-01
-6.493822133040413891e-02
-2.869265328891021372e-01
-7.158597886539026789e-02
-5.831709462011667178e-01
2.002103135522331212e-01
4.295077595266901249e-01
-6.107773131783581499e-01
5.790977459536501559e-01
-4.804660111368840858e-01
5.411222421072070521e-02
2.272158631804599427e-01
1.572346269033253474e-01
5.933931053769978536e-01
4.475842554595359513e-01
-1.545028330001309014e-01
-2.796885196834510978e-01
-6.522117041590126396e-01
6.480325443972273503e-02
-6.040135680023609455e-01
-5.635059587981930962e-01
1.244853660305778043e+00
-4.747243243389869249e-01
-3.594330529994106405e-01
3.443187425030502236e-01
-4.274525844603710434e-01
2.642202459304049400e-01
-4.120961856827495828e-01
-3.036642387088142048e-01
nan
1.484549813597309809e-01
-8.538271398357158426e-02
-1.919206987859470581e-01
5.926984794386421784e-01
-4.689521339057771132e-01
2.687761867069650146e-01
6.151036821019179035e-01
-5.905123419017469510e-01
-4.055195697510916020e-01
5.230424397563384620e-01
-3.766382103337539422e-01
1.036000859884069897e-01
-4.614400897066384122e-01
4.930084148130565724e-01
7.113879134797056469e-01
1.027833397206504573e-01
6.987841585392611243e-01
4.770421782592919602e-01
-4.799304965529438416e-01
-4.010448209428774113e-01
-3.438237608610512086e-01
1.497597093512670896e-01
-4.405390075995450211e-02
-1.709249734661127673e-01
-1.165060497543429496e-01
1.158432458639032520e-01
-1.532805473289387821e-01
4.933844720242793191e-01
-1.465717618471907013e-01
-8.737049293161958108e-02
-2.604511246546791781e-01
-4.661497304745237935e-01
-9.490453451149023500e-01
-1.194817142616675515e-01
-5.272418270023977449e-01
2.036994279779208716e-01
-3.546288033352993918e-01
-1.307193394418838972e+00
5.671843815292356705e-01
-2.850545299416322176e-01
-1.858924385807339263e-01
-8.389757202492315047e-01
6.231508079123069255e-01
3.824450273189288763e-01
-3.761036799596100821e-01
-2.865646243306742003e-01
1.946289240858960490e-01
-2.583337584763256700e-01
1.669319859707427411e-01
-7.635438305966242289e-01
1.136379574384917879e+00
-1.166498291997979803e-01
-4.401005202025325969e-01
-9.731052317849473443e-01
4.858010280432557837e-02
1.365650534548873141e-01
3.793496643541893198e-01
8.155451633066083117e-01
-3.753664513388771384e-01
7.681013467197543576e-02
-5.690915882462231901e-01
-4.604388542061905731e-01
-2.820228572110480836e-01
1.241775744246540747e-01
-3.562460551969621747e-01
1.050848658469840241e-01
2.352764455182658754e-01
3.150520623025800937e-01
-7.821126573960006656e-01
9.264535199977592950e-02
4.401584359737499286e-01
-2.259380719802922266e-01
-6.683023688397281559e-01
-1.145180490855351452e-01
-1.010633854306275392e+00
1.540305727466422525e-01
-6.808329108230684601e-02
-5.758859447658886133e-01
-5.832540855042324113e-01
-6.485320284429452187e-02
8.928605125270555609e-02
-5.440391560649490144e-01
5.842575927218959242e-01
1.766641509024899637e-01
3.401102831153024475e-01
-4.200608970158799527e-01
3.634746890881114800e-01
-8.207040521297620170e-03
9.834088052727751883e-02
-3.768959477329147378e-01
-4.826714781794443354e-01
-1.630704337072889365e-01
4.708123096731161444e-02
-7.943566959338631550e-01
1.313809654170868368e+00
2.381727628460283686e-01
nan
-1.482093167183205773e-01
-4.423656663895687013e-01
2.521105367327218516e-02
-3.282159683083160640e-01
5.840220587493180071e-01
-2.342271202524948831e-02
-3.866558544870403735e-01
7.544138370627954948e-02
5.442476653334287207e-01
2.255833853479794274e-02
-1.022127309705267884e+00
-3.212703848357868763e-02
-4.100057383083053342e-01
-7.294435214560427427e-01
-3.874026571380826955e-01
-8.273480330473076405e-01
-4.537029632926469214e-01
-2.034580447266360892e-01
4.646492620613319469e-01
-5.909803486829576930e-02
7.048954033928667151e-01
-9.152238893977896472e-01
4.798895604844705676e-01
-1.724567926907354110e-01
-1.490260809852368973e-01
-8.259194142450645426e-01
nan
1.039601991569280015e+00
8.341035637975250383e-01
-1.473570355857855563e-01
9.374656619133707458e-02
-1.082062062827016113e+00
-4.110764372308197689e-01
-3.852334119990241112e-01
-6.470786180532188681e-01
-6.173034139947161103e-01
-3.731424118716155647e-01
-1.549954959535421450e-01
9.617609066444089694e-02
1.339930294622459606e+00
-4.203654568645646440e-03
2.776614888752967913e-01
2.059505717904904776e-01
-4.710961646168476680e-01
3.463797894279913581e-01
1.112958461377861474e-01
2.860692179260772572e-01
-2.619938844499135611e-01
nan
nan
-3.801853756187698608e-01
-2.373962533949819376e-01
9.550462980773857247e-01
-8.181022835928183357e-01
1.914473747168883300e-01
3.390277032993748718e-01
-3.143844864243286463e-01
8.197389159767779487e-01
7.451477289436279072e-01
1.693499527039458996e-01
-3.273496911657515773e-01
3.210010220735916575e-01
-4.790578790781832574e-01
-2.464658210896849763e-02
-4.894906110030994989e-02
-2.047181579862818457e-01
5.662769960779762135e-01
-7.979712821726415994e-02
-9.318897235086681663e-01
6.362305319388925628e-01
-5.080498211663084795e-01
3.867203008771994965e-01
3.580918798832213312e-01
-2.698437186013690758e-01
9.622768355945484631e-01
4.525433880553297178e-02
1.912955635925974174e-01
-8.957073808605048315e-01
-3.360345193561518617e-01
-4.873283121728351763e-01
4.473718926513680083e-01
-3.776241677587864887e-01
-7.142481266845315258e-01
4.528398856408574757e-01
3.842099998879854317e-01
-6.368380359785861256e-01
1.420949147988014027e-01
-7.482488099736779585e-02
-5.449366888369269191e-01
8.541581750417168162e-02
-8.609544937321028657e-01
8.038574042544656129e-01
2.349791216278990236e-01
-5.274912745564560579e-01
-6.831003345758236422e-01
1.840129520115937334e-01
nan
-1.274209012001749908e-01
nan
-3.946574875464552989e-01
5.977702244647137286e-01
-5.169218110922934040e-01
5.300262293100469480e-01
-1.473450549549233934e-01
2.630692862934216891e-01
-7.185455023011094733e-02
nan
-2.504079329535777165e-01
-2.906317356972076826e-01
5.193310555907058867e-02
-3.538692708653886632e-01
3.372453774409960858e-01
9.232349179722645349e-01
-1.066332873296314876e+00
-7.370743452056238709e-02
3.865948562713573122e-01
2.887797179913404941e-02
-9.050034195203787366e-03
-5.387981212955785804e-01
-4.757231661174816661e-01
-3.854525339501145287e-01
-7.253535125138790285e-01
1.288077381486436856e-01
-9.750335051676593812e-02
4.556329222985948668e-01
-3.146687074491234526e-01
4.401431294299527064e-01
5.025334615991868814e-01
3.005737367336244192e-01
-1.007207053247583250e-01
-7.505764255554090436e-01
-2.288695494866099522e-01
-2.778269191349974632e-01
-3.057413095503510037e-01
-6.582093368909367470e-01
-5.941019204210028493e-01
-6.339583031392187484e-01
6.726361944292189587e-01
-7.990118288394162382e-01
1.363411637991531755e-01
-3.397148842144759318e-01
1.823856105986895459e-01
-1.947463767155680203e-01
7.921974438638954563e-01
-8.117435886129037437e-01
-6.892338308810762593e-01
-1.128767663504809567e-02
1.940557703373519405e-01
3.022524026403740627e-01
8.502341297324199632e-01
-3.083576086765281721e-01
-2.691074596207889691e-01
4.355015559379531997e-01
1.344731300481379621e-01
-2.560600554621658698e-01
6.130154958616454985e-01
2.884858100525446445e-01
-9.387991866516840964e-03
-4.611276402072662095e-01
6.379678051568670183e-01
-2.106705099480952470e-01
8.198176487602003640e-03
1.962712063641533222e-01
4.293675195572958098e-02
3.041010473705620942e-01
4.573081383060370042e-01
1.686726512300107395e-01
-7.388352435368830129e-01
3.741328508261440033e-01
5.491548381328937439e-02
-4.278726515882196324e-01
2.024889885417349711e-01
-3.491229493333727896e-01
-6.839794872352001898e-01
-5.115722097911508393e-02
-6.029777940402841763e-01
1.812678592987085058e-01
-7.674795349722420834e-01
8.526711984607564243e-02
-1.396938382679061286e-01
-1.032020830452523130e+00
-4.823920163564467123e-02
2.493830288936577377e-01
-5.580044538152254541e-01
-1.193072056485735999e+00
-6.077404661098034788e-01
-2.456230021230177973e-01
nan
1.539029761907976801e-01
-3.688973769780236056e-01
-2.919722044532082061e-01
-3.985215220181846374e-01
-5.577752592183869984e-01
-5.290676096824087349e-01
nan
6.380007969893909392e-01
-4.310757209778677823e-01
-9.717361923400873180e-02
8.481781758386990333e-01
6.626635100057075567e-01
2.410829146701655712e-01
5.938694374378000046e-02
3.675050076846898550e-01
-6.345961350720986660e-01
-6.678511209007528815e-02
-9.201861237195362309e-01
-5.328793013539340206e-01
-7.759792754475868248e-01
8.705199176343018097e-01
-1.973795078096273747e-01
-4.861077364793061073e-01
-7.928582314376458884e-01
2.896579821754307060e-01
5.158664198950317914e-01
3.428180305314331155e-01
-2.614398757946898577e-01
-3.119621796306402128e-01
5.402001404517747796e-01
3.801458206990278588e-01
-6.143049145262663435e-02
3.082348162551991066e-01
-3.620692205256544893e-01
-9.484486433013336604e-02
9.431609493803514432e-01
1.829068512947248093e-01
7.155608157737977093e-01
2.783045037663968713e-01
6.515081379170257758e-01
5.704280888486007450e-01
1.262654640348929991e-01
-3.069878504332961694e-02
-5.182001122592532621e-02
3.139900608565918683e-01
1.510124386318389689e-01
-2.180829665585666544e-01
4.094599224942806481e-01
-4.397322139397161211e-01
-4.671848453094535336e-01
-1.341147971062286670e+00
3.535405821019559913e-01
1.569672042259386557e-01
1.002087192347853151e+00
3.620582695091124625e-01
-1.550950378334726987e-02
4.349750976891924581e-01
-4.688274679361368880e-01
nan
-6.270314297907905732e-02
3.663739479227783868e-01
2.372107467605194531e-01
-7.287306292863806600e-01
3.359432704864068753e-01
nan
-6.159166711634953550e-01
-7.644035080812653371e-01
9.426291152747980906e-01
-7.781897313243316683e-01
6.654565557648491891e-01
-2.803504646308469517e-01
-3.348729823223410840e-01
4.757847747831690510e-01
2.509688151616177865e-01
-1.119285436012116941e+00
7.227374380573161616e-01
-6.238828799900919542e-01
1.822102796619607390e-01
-2.523120009182390766e-01
3.081655284772689130e-01
-1.168389143610479124e-02
4.914325863729910870e-01
3.606087548671731424e-01
-3.464514014164833677e-02
-4.607469475287565563e-01
5.556959752866436064e-02
4.283779025502117421e-01
-4.275244589904257375e-01
-2.194663439065903388e-01
-1.949400664891604573e-01
-2.847728891653864003e-01
1.696079293703503521e-01
5.718297151902297371e-01
-5.136330945282378824e-02
-8.247903842658620421e-01
-4.405385999540966102e-01
-2.989288170082147755e-01
5.722300528417703092e-01
-8.410398355658225134e-01
2.091641368342117280e-01
-7.059925674619720645e-04
1.024809022233040601e+00
6.992582999038336744e-02
1.486674371278193241e-01
-3.984592264450032006e-01
7.477568082767432900e-01
6.538021798200922552e-01
nan
-4.796766704198290321e-01
-7.610389622570580548e-02
-2.854386548916229005e-01
-2.777858608462598355e-01
5.141712776031474030e-01
2.201980411321330031e-02
1.198892045778504056e-01
nan
1.120120065792785530e-01
-4.716776595528269223e-01
7.014995655994505919e-01
9.889318408016074813e-02
nan
-1.936484536097305698e-01
7.168394263151296464e-01
-4.279242847887094747e-01
1.121402774013115389e+00
nan
-9.447693697600381690e-02
4.652718734248453836e-01
-8.261433022614246280e-01
4.917280816084593220e-01
-2.568246221359714032e-01
3.779090078077242398e-01
-8.576542661892965214e-01
6.722039325895208250e-01
4.684771020374196571e-01
-8.325823608588949210e-01
2.272554062790649865e-01
4.031312536312029460e-01
-6.849173573754083755e-01
-3.583306999592853481e-01
-5.061247377866978647e-01
2.405220793448824002e-01
-4.980792118658387002e-01
3.886391354157631706e-01
-4.077007598005168987e-01
6.089428830724372688e-01
1.004889310032232475e+00
4.667648369573091927e-01
9.578400920176458402e-03
3.883369384268432478e-01
-6.714284342848059195e-01
-3.326510059761220162e-01
-6.919646530051203337e-01
2.555457871302011519e-01
-2.888429942340980938e-01
-3.183761329965762842e-03
-1.333362776175966713e-01
-6.079958998940766524e-01
2.767432566759321366e-01
-3.468225498156656261e-01
5.177156226654981985e-01
-2.553316622310439765e-01
-7.015903302588578638e-01
-6.585419848578919488e-01
-3.684058383283612265e-02
1.368672524130429835e+00
3.781460112250913386e-01
-5.035985703211884879e-01
5.088665552515440060e-01
5.309141378407171707e-01
-2.506433749931321620e-01
-1.215210214042709708e-01
-5.823819935210176185e-02
-7.129684422179419778e-01
-2.263469617231862463e-01
-1.407374818779660586e-01
-4.543051260913960054e-01
6.749664890436758713e-02
6.209475070302339361e-01
-4.812775566258482018e-01
-6.747266060180852065e-01
7.304066115363379019e-01
1.588045075849251697e+00
9.414771613592498589e-01
9.885233455625865029e-02
2.288993473866141881e-01
-2.358333341093818425e-01
-4.490566618765313711e-01
nan
2.756499081450372590e-01
4.297309158406449892e-01
-5.913638701636566575e-01
3.398034403608465870e-01
3.158181517475114886e-01
-9.208589552067838468e-01
7.174403037190267840e-01
-3.595684419547854893e-01
6.919200553734736192e-02
-3.157549037478598608e-01
3.398700385421675740e-01
-7.665363210011487682e-01
4.087631479453331801e-02
3.909100913209266892e-01
-5.131896801518321949e-01
-7.767174171047307452e-01
5.431451062777116201e-01
nan
-6.352525284890229162e-01
-3.235356678365359784e-01
nan
-3.976226782694278206e-01
-3.675206463202007612e-01
-5.646541543983677469e-01
-2.897609990857418980e-02
-1.578929396390127138e-01
1.068780290451059600e-01
-2.246446972705443135e-02
-9.356323740394192345e-01
4.410602383061269088e-02
-5.615468045015236109e-01
1.356166527050055998e-02
-5.299446693062347391e-01
-3.466173535230970271e-01
4.993615756160221797e-02
1.071315683667811991e-01
1.313853516851957837e+00
4.137545172753053224e-01
-5.554657335060665391e-01
-4.622422732611208840e-01
-2.160718842734621059e-01
-1.951035339122413892e-01
-1.647977813931184032e-01
1.468359534390428489e-01
1.754530966134510706e-01
2.952130433716050328e-01
-2.021288566729278480e-01
1.549778439533499863e-01
-5.386498957039915769e-01
-1.730972573954198124e-01
-1.704467456296709649e-01
-1.819704202137885640e-01
9.285614761590840205e-01
-8.618246864050929656e-02
-8.528861253609773541e-02
6.200529572988020544e-01
-4.350793325080397067e-01
1.478493232038607941e-01
-7.173912549880825384e-01
-7.313950820375269002e-01
8.062353943121099986e-01
1.224943601303076224e-01
4.065538275847692118e-01
1.175810042699827196e-01
-2.615426385962529299e-01
2.700680890681667057e-01
-1.920677300804427834e-01
-3.906732054124699149e-01
5.773782792984029355e-02
-5.143420701235178472e-01
1.113922868431737045e+00
-5.500787890399799762e-01
-5.772164818121814367e-01
2.834429058862569795e-01
1.408492846017560807e-01
-3.319117021588171013e-01
-4.161483167828722851e-01
-8.205844123343224439e-01
-2.137796159516777983e-01
2.923244589977483932e-01
8.854328204899918342e-01
-5.828778377154835155e-01
-3.782919636959263809e-01
-4.222868476487388056e-01
-7.982316731560371581e-01
5.537896909712148874e-01
-1.761040348591188798e-01
-1.156677543500197913e+00
1.889899386108645496e-01
7.074199135847594189e-01
-6.526369001221681287e-01
6.375324638678511180e-01
-2.235570906861783502e-01
7.067789300383092721e-01
-1.970771994440908836e-01
-1.326731038398254736e-01
2.973716877782799431e-02
-2.338626567614962848e-01
1.748269109352115769e-01
3.512107992314804084e-01
-7.132304387246309885e-01
-8.022338936636801421e-01
-1.473570355857855563e-01
-1.991962428984186267e-02
-1.587438294264566507e-01
9.993154368676723798e-02
-6.357273069631509399e-01
-4.960959509622728247e-01
-7.396099859664695408e-02
4.991185464394407578e-01
-1.056093524430133934e+00
6.890439500764451441e-01
-1.186272770669237753e-01
-8.552979774916825706e-01
-3.584403229858071360e-01
-9.492338100706151360e-01
-6.205111375381890948e-01
4.491046631680381887e-03
nan
8.535346385010988968e-01
4.712307012373344595e-01
nan
2.860699524935599296e-03
-4.331833313115175388e-01
1.199559695695317230e-01
-2.738587387649132343e-01
-4.164275352577420652e-01
nan
-5.286341249242255264e-03
9.176157437891159230e-01
-7.157911390466663581e-01
-3.893629813676908746e-01
5.709927227370075603e-02
-1.006717629611247444e+00
-5.102687436360470175e-01
-3.501126026727642837e-01
-2.673970280393267755e-04
8.122825257013012445e-02
nan
6.144208202858175011e-02
-9.981098914768099517e-02
-5.716837539663406353e-01
2.727354475685399016e-01
4.252240937705284440e-01
-1.206093125065758193e-01
9.141723532798838869e-01
nan
5.317572502932588208e-01
2.442385007073529513e-01
nan
6.934019652670839751e-01
nan
nan
-7.990742257847277541e-02
nan
2.930143388856627507e-01
-1.149164866132409840e-01
3.095423390067969602e-03
1.332149991780820608e+00
3.956594701774416301e-01
7.425681039157907559e-01
1.323256001244884350e-01
-3.664309917868180944e-01
-1.831623825068490197e-02
7.985559907669741442e-01
-8.583095410279617532e-01
-3.421360876684056418e-01
-8.809512291427030739e-01
-9.235353684609319824e-01
-2.664668848291161171e-02
-7.081365713865132860e-03
2.593762739118841143e-01
-3.061592993343722480e-01
-3.662693589077758993e-01
-7.370201845279211739e-01
-2.320133070458063329e-01
1.877340853015602440e-01
-8.277045096331552276e-01
2.169054944925611905e-01
-1.411543505647263330e-01
1.859907515726050287e-01
-4.629382277641380661e-01
7.937852346311127238e-01
-4.119777097696074031e-01
-1.053847594743856919e-01
4.180716182609763368e-03
-4.807352539878992914e-01
-6.093608021311106883e-03
-2.213278569315597910e-01
5.401529715447144220e-01
5.348668969441208176e-01
1.908441320821389064e-01
4.197812289800132990e-01
-1.418649172753159438e-01
5.094341438701578406e-01
-2.429693723780735615e-01
-5.164380717244753116e-01
5.732951606791407695e-01
3.890817317785109086e-01
3.656222491360814342e-01
-2.468327627473593799e-01
-6.996107694101553198e-01
4.569794693642602046e-01
1.669771229658351952e-01
-1.743694831110647603e-01
-4.610842471425345979e-01
1.293864466498620414e-01
-8.257907152727973488e-01
1.618781672522458526e-01
-8.987550669355207633e-01
6.975203899971660348e-01
-7.696715853065350110e-01
-4.051159423516246805e-01
4.060017804015876308e-01
-6.978307139113273383e-01
3.381674860057660714e-01
3.660747085653354715e-01
-4.752258046880193931e-01
-2.325066121036462319e-01
-4.564694710614434769e-01
7.140077739442808324e-01
1.874687388002635735e-01
5.792719407015843869e-01
3.228650466385439566e-02
2.170660831051609285e-01
-5.049300884106627807e-01
-2.003369608833483750e-01
-4.517509049956663220e-02
-2.749019765455045228e-01
-3.711615291979439846e-01
-4.561219773154236434e-01
-1.521263337575415320e-01
-1.843924769684877896e-01
-2.785183334431428070e-01
-2.435283116774597800e-01
1.650607999193358030e-02
-4.453784617246690503e-01
-5.951011044965106578e-01
5.652538156910517086e-01
-6.318880510141980933e-01
-2.136663891155064776e-01
-6.288331321532332208e-01
-2.661681475010075903e-01
2.923308708991032567e-01
-5.196716890969218516e-01
-3.817953356395316356e-02
6.851953747069391421e-01
2.828750666947246195e-01
-5.679673401563106738e-01
5.925315988293385905e-01
-3.520518067494137759e-01
-2.240202651776151688e-01
2.493561493329111145e-01
4.234288864415761133e-01
-1.174641467676796447e+00
9.460022791792603858e-01
4.141162321818640524e-01
-3.238319192785966694e-01
-1.073187031972478778e+00
5.647850350524572516e-01
1.161868159955043112e+00
-6.648018570690693574e-01
5.773161676437180700e-01
2.705028333847333544e-01
-8.679371845460516210e-01
7.410177083659420794e-02
-1.422896599325550182e-01
-3.171273982237934885e-01
4.484778615008931379e-01
-1.810995447081664156e-01
-2.358519311114007089e-01
2.029217646994676411e-02
5.145616254012377322e-01
-4.940867780972193479e-01
-9.117101279834054217e-02
9.275712533364943724e-01
-5.679003701072801169e-01
-2.209353563292255906e-01
1.722130701039435441e-01
2.945742501625850385e-01
2.888552822936115150e-01
4.123060570183901818e-01
7.420058236012341268e-01
-2.432174742724743932e-01
1.057045108925770971e-01
-2.902759027818896942e-01
-5.369808456928240048e-01
-1.297358551437841068e-01
-3.423515528243217254e-01
6.501773067284504215e-01
-2.509495771485324711e-02
6.283840542997687351e-01
5.525557843038139128e-01
-5.584518392326680569e-01
-4.015976584542411965e-02
1.902874836179770102e-01
-1.077987036975245477e-01
2.617083568589032572e-01
8.953593285921547240e-01
8.692431079373960090e-01
4.441661051837204610e-01
8.393791865595506829e-02
1.107747492192549865e+00
9.693738234822559538e-04
7.049189286702119972e-01
-5.186487294822696992e-01
-6.663961040539444491e-01
3.936610928905116547e-01
3.860984668677393539e-01
1.472292207439526712e-01
8.749998088152036169e-02
-1.996988330061740674e-02
-1.901213809779224995e-01
3.213345330959820334e-01
1.267830953105237857e-01
-5.211105452198695476e-01
-2.748273302631855097e-01
8.275735437798630301e-01
-5.838944245699425467e-02
-5.238576843127012994e-01
2.462210039132853856e-01
1.537375433009159076e-01
5.475615200090354351e-02
3.636618982978799264e-01
-4.995222749879097424e-01
2.961144151282333326e-01
-9.206426574068050650e-01
-1.177347125298557062e-01
-3.907392575728171197e-02
6.055934484226374037e-01
4.836123129422448264e-01
1.236266197576573411e+00
-8.758050469782958647e-01
-5.412080416672929717e-01
3.777850392380996403e-01
1.569899793659378096e-02
-2.854939001642925467e-01
-2.207763008631791757e-01
6.951786556821372143e-01
9.474334386528353580e-01
-5.119925129200728620e-01
1.501572771556452801e-01
-7.158251688105952137e-01
-3.352393791033585480e-01
-1.249721021845365265e-01
1.792053352797564822e-02
-3.599644379610982825e-01
-2.681793068169107189e-02
-3.118525695149172994e-01
-2.937854376783920474e-01
3.690148585755605448e-01
-4.982424307441835620e-01
6.289013585840320664e-01
-4.752181343054512896e-01
3.976431901539219660e-01
5.815343668020029888e-01
-5.983426992808188460e-01
-2.672838993173367594e-01
-5.005290090349688858e-01
1.022483988749178785e-01
-1.999520987598976673e-01
-2.326021907977713632e-01
1.231623795842955588e-01
1.917565276086988513e-01
-4.337708737201362852e-01
9.035376916059918440e-01
-7.406031683139601141e-01
-1.344948039182960187e-01
-5.844295469925859798e-01
4.215809647041522668e-02
5.310168576815688102e-01
-2.510431209758304250e-01
5.029379587910290939e-01
-7.771666148578912185e-03
-2.292528378902770891e-02
-9.910506939340424370e-02
-4.995911833987176087e-01
6.661282942036443611e-02
-2.285110383180435634e-01
-1.200193795524817815e-02
-4.438002871871584709e-01
-3.929162481924829975e-01
1.126715996166297584e+00
4.077142228475017505e-01
-9.259785937840431247e-01
6.173904219225542223e-01
7.864541066919981949e-02
3.645090561766518578e-01
4.189024596733499362e-01
-2.842607133943110820e-01
-9.658920752421598088e-01
-7.061250140626497140e-01
1.094365037592245904e-01
2.645803708199884197e-01
-6.639625244691106654e-02
-6.836517415403599307e-02
3.108699531980675390e-01
1.089742254794074661e-01
1.302276875994213823e+00
1.081938063649309500e-01
-3.744198198282827628e-01
4.302827680404477384e-01
-4.387729834728904543e-01
-9.297571197236225160e-01
-1.997866773365169768e-01
-4.485675802444661908e-01
-4.514730344269531903e-01
1.289003389910952646e-01
7.671921516613952607e-02
1.024059437076146328e-01
-7.506294650670791713e-02
9.621813928272744676e-02
-5.087600498202083932e-01
6.407809363133211422e-02
1.666658027636311878e-01
6.911299976771774212e-01
-4.405502656624364910e-01
-5.609484613499827743e-01
-3.472243659969219687e-01
-1.175065478095677247e-02
-1.715584422176819612e-01
-3.251712382045267580e-01
-2.932103609319308135e-01
2.385429896933020932e-02
-4.952246236283962266e-02
-6.769995582844928750e-01
1.187944261332519319e-01
-1.893707671779466806e-02
4.203409369488573383e-02
9.610474614243361691e-01
-6.431449685896594159e-01
-3.270363829762490959e-01
7.653470817793430747e-01
-3.029999657023393356e-01
-5.186380545932567365e-01
-2.939401243476271741e-01
-1.138501546848892099e-01
-3.633419334946932922e-01
-3.029991534272037379e-01
-4.404097592348397150e-01
2.163800547638448368e-01
3.702880150878550825e-01
-1.738982819059896323e-01
-7.871992221632567732e-02
8.103250050456819453e-01
1.772829697669182913e-01
-5.842144420037800878e-02
-2.704968762714929920e-01
-4.030353373597631017e-01
1.721676291405376813e-01
4.861939830294934040e-01
2.093678344111125911e-01
-1.988104675206874283e-01
-1.586387098725274558e-01
5.551767433461477497e-01
-5.712263053694290882e-01
4.512458610074061571e-01
4.107366100348243121e-01
-2.704941528824545416e-01
1.783932245280631934e-01
-6.554575018127261066e-01
2.749247701731751259e-01
-5.046156596617554918e-02
-8.279255002045229350e-01
1.713806231240422029e-01
-4.328259387758415233e-01
4.344490136014531600e-01
1.334810135790274743e-01
-7.672305667575037846e-01
-1.644211707302523362e-01
1.047493998740996357e+00
-5.255335479471834326e-01
1.499917188683894231e+00
-2.673750909764993633e-01
4.968282652497397756e-01
nan
9.218320726368324225e-01
4.383106233278905584e-01
-2.010505524220697060e-01
-5.708401030116521113e-01
-3.112541558657163088e-01
-5.899982871236436610e-01
-2.651664426945855024e-01
-2.932224643356028948e-01
-2.990903430121580331e-02
-1.492504472621739853e-01
1.426186219607906425e-01
nan
-3.717263590957810560e-01
-4.033032956263776225e-01
1.372051819750204293e+00
2.789108933193136797e-01
4.163982581660901627e-01
-1.820531006186103806e-01
-4.100881129564710181e-01
-7.532271644759621632e-01
1.397556676508526774e+00
-1.869021857015068233e-01
-3.913828566194791359e-01
4.105379799764381776e-02
-1.924508658530942051e-02
2.687244108211596094e-01
1.482129524088398320e-01
1.203753947248513145e-01
-8.997089273555521072e-02
-2.916531386305986628e-01
-5.296801387952200235e-01
1.359458155998087281e-01
4.296968673696546781e-01
-9.402114240528407078e-05
3.148733214279773041e-01
2.911651331997967551e-01
2.722421446567661052e-01
-5.229950323582609889e-02
2.403130326815336795e-02
2.951788458795577830e-01
-7.211418476220743390e-01
9.315313883347956514e-01
-2.797993694776715889e-01
-2.523182816334117173e-02
-4.471251772182648354e-01
3.238906280140735339e-01
-4.964056198610680704e-01
-8.298590401310401710e-01
-4.441533089505869114e-01
-2.177517589470896187e-01
-5.998327320684314623e-01
2.846659240052867856e-01
3.679708341274156025e-01
-6.061751412932491201e-01
-3.702724162009523590e-01
-5.972062549060950243e-01
-7.071746792760522093e-02
-9.567487999487672701e-01
-9.701025453466573592e-03
7.607002160404732205e-01
4.230718809360931032e-01
-4.884368653018343887e-01
1.280653947000617077e+00
-1.942569955145179439e-01
4.050061550442318054e-02
-6.085387586013234484e-01
-4.200325891026423508e-01
-3.769740886880770803e-01
7.794267145201413949e-02
-4.420722325938246655e-01
4.441243485434516192e-01
-8.531308871333484478e-02
-5.510348527652217943e-01
1.324794948287546237e-01
-4.013369234155699794e-01
-7.181578797754136767e-01
-1.933629924128852096e-01
8.490305384464856830e-01
-6.366663557820163577e-01
-2.111894198209424423e-01
-7.332410041414694213e-02
-4.511404351536908441e-01
-5.248367232805177807e-01
-7.719648497457195502e-01
-7.307376211729531557e-01
3.184341160228635337e-01
1.360703631334094776e-01
-6.049592616802773604e-01
-6.119840499360890140e-01
-5.213718169424585991e-02
4.056818392836356590e-01
-1.782782811953512181e-01
-2.014202249300982017e-01
-5.014415004112091068e-02
1.019108955044228271e+00
7.315395943030057468e-01
nan
1.973877744568655057e+00
2.692409488455543842e-01
3.160437937491220595e-01
4.371377008069908254e-01
-1.465896145836350639e-01
7.938775823600464632e-01
-2.555134253294860103e-01
-1.160619364958070526e-01
6.127362655218412391e-01
-2.089707062734049575e-02
-1.498482589452668212e-01
-4.695180232404642662e-01
-1.409338012471399171e-01
-3.299418375907476886e-01
-3.205606362479277438e-01
7.745864187121927202e-02
1.063108011216571114e-01
-1.397483774086039077e-01
3.684349428235746404e-01
6.571338663713710559e-02
-6.798582115298291706e-01
-8.418694151360800459e-02
-1.549425628729189097e-01
-7.037170253008925291e-01
-3.267355519765101080e-01
9.725216209258580324e-01
-8.490336520570017642e-01
-5.395733135846038087e-01
-3.469631111737984108e-01
6.939581542677672465e-02
7.579325668255448845e-01
-1.361124350070513911e-01
-8.688219761935346286e-01
-9.859234641116308706e-02
-2.516612724742971485e-01
3.642582708296547844e-01
-8.331441760922415896e-02
-7.803824202237098495e-01
-3.230873911786196623e-02
-2.338646255699339260e-01
4.028980783527095766e-01
-3.885681474993560314e-01
-5.706814795508268617e-02
-2.582625881406422907e-01
-2.712060380766375123e-01
nan
6.657823731058778449e-01
-3.546818042290383888e-01
-8.752177930574547848e-02
-3.095123512454867609e-01
1.101515926093423886e-01
-1.213128018289453824e-01
1.596361072842572004e-01
-3.173941237929158166e-01
5.048356748585072773e-02
-3.868692672090630613e-01
-1.552648392506913999e-01
2.081203422619888055e-01
-1.284086784263743231e-01
2.362408445236243437e-01
-2.975399452078636986e-01
9.742329587759332443e-02
1.321396164601994272e+00
-2.608476534215644072e-01
-5.794367394870419963e-01
2.643432203978082762e-01
8.836050092034412051e-01
-2.120045738750066522e-01
9.156461151453341163e-01
5.879271462294081985e-02
-3.699260958301971852e-02
1.439047356426037094e+00
-3.412036432196549618e-01
-4.569103322632804554e-02
-3.460384024664022729e-01
4.624436602806038521e-01
5.681848460907651388e-01
-3.014055011057896749e-01
-2.581969626647644955e-01
8.981549396596545665e-02
nan
-6.553748329652803184e-01
-2.986161575947599012e-02
3.149990922698913121e-01
-1.296609574449348046e-01
-9.161514634593300732e-01
7.686178470115760941e-01
-4.092054237242127024e-01
-4.374064965869924326e-01
-9.079096153158371096e-02
-7.616985401048472770e-01
5.536845227311969486e-01
-1.984501157045846509e-01
3.757364915567273922e-01
-7.534339924393500254e-02
-1.091941073276518799e-02
-4.794719719051711015e-01
1.928979532719617140e-01
-8.269059933272889795e-01
6.690489998992856790e-01
-8.313664051077207517e-01
4.047245784778226163e-01
9.282799137737783590e-02
-5.355742901405127210e-01
2.692844894119568178e-01
-3.497538205363840969e-01
4.378786376051716500e-01
-8.142886599587532137e-01
2.071531056158384954e-01
-1.254042879504426944e+00
8.360329159621416872e-01
-2.241260431317642077e-01
-7.718388700497230692e-01
5.422914623606304302e-02
2.835934971303510910e-01
2.615734133435009268e-01
-6.379124842273812268e-01
-9.549762034724499360e-01
1.640088905205219494e-01
-7.441152919059396131e-01
-1.999075316338487229e-01
-8.552515885832713272e-01
-4.471881453900157788e-01
8.949647988514363162e-01
8.193936275118770540e-01
-2.417427387661344185e-01
-7.895571982214584505e-02
5.719347819424634993e-01
-3.254756299966782285e-01
1.385501116786766462e-01
3.437384794975820168e-01
-5.198138979999212816e-01
6.243011467562727956e-01
6.825807656338915841e-01
1.165469216852528522e-01
-8.543248787377236697e-01
5.510453238647866625e-02
-5.602476895493113673e-01
-4.426407825443016142e-01
-5.093555151372488599e-01
-3.824444696260969612e-01
-2.653414094176767546e-01
-3.617774049571971795e-01
-2.456027165125017342e-03
1.691435525073233803e-01
4.735314690593835918e-01
-1.657917005108314745e-01
-2.858979589179198588e-01
-1.709114767328131501e-01
-1.377853535240128047e-01
-6.373429917403515832e-01
3.502008590361473939e-01
-6.940048586714996082e-02
2.305598842446629146e-02
-3.987279048506607859e-01
-1.227629246967972126e-01
-2.334125418198157442e-01
2.190201827264491030e-01
1.512015304144337380e-01
-3.396352774613080050e-01
-1.601660094718312943e-02
-1.031517392103712960e-01
1.400886128312801848e-01
1.691633546169736546e-01
-4.210368938383745041e-01
-5.947929659758338650e-01
-2.355624801704710725e-01
-4.160663136692647202e-01
4.460454010884228326e-01
8.685483615847299291e-03
1.508567775617053741e-01
2.503044216193021643e-01
6.928725892730593916e-01
-1.060688141719744459e-01
3.087095660547802267e-01
-9.464803311766875060e-01
7.625396493924292418e-01
-1.430499457917432105e-01
-6.476654921987813340e-01
-4.931215188444524333e-01
-2.570702477277557740e-01
4.860127901105976700e-01
1.991482627072548028e-02
-3.049705777315726563e-01
5.700765427611141911e-01
9.716209279470643390e-01
-1.346050770372958505e-01
-4.878035810182049237e-01
-4.518187159253288510e-01
7.586815391806778219e-01
-5.187117307440026748e-01
-3.920466155975325107e-01
-1.179491361733062647e-02
3.733786525649374632e-01
-7.072563359772918723e-01
5.648919917930140810e-01
-7.404927938733890658e-01
-1.885349002446363442e-01
-8.399547943481099344e-01
-8.514462681255333676e-01
-1.041918198578946214e-01
-2.994330299791915784e-01
-9.571889135582287711e-01
-1.102027039044999768e+00
1.127439405162918851e-01
-3.395185567742000643e-01
2.384854537445065814e-01
-7.346404202031643349e-01
-7.888279903711907515e-02
-5.240942832074498847e-01
-7.291306633706873264e-01
-6.767921377770150793e-01
1.002373026314077875e-01
-4.884727013239070770e-01
9.079829998394255419e-01
3.688406003257190258e-01
nan
-1.408601422308013718e-01
4.513105792927920024e-01
3.332405884254417824e-04
-2.308909839449523049e-01
nan
-1.807071556539510959e-01
5.266963165811845426e-01
-9.680789040546257107e-01
3.299514471023580753e-01
1.076581257280178061e-01
5.226461142779749158e-01
3.025388440197553930e-01
-4.741525370558269392e-02
-9.303583033405978808e-01
-1.569740077508897103e-01
-1.394863574762592595e-01
6.236601545041278033e-02
-4.171895891412100155e-01
3.090609947779828781e-01
4.667743741314499539e-01
4.495436390219693656e-01
-2.234260788648010365e-01
-4.300378475021394142e-01
1.364602906303269636e+00
-5.646615872230421884e-02
-7.431366201110388703e-01
4.589173707787536083e-01
-3.823609126129729474e-01
-1.544757138636900506e-01
-6.822097043231549474e-03
1.321685728189649356e-01
4.813875144941007211e-02
-1.262143123850916204e-01
1.450123052996045714e-01
2.826788843046312283e-01
-4.024242591117841439e-01
-1.931641029110783003e-01
-7.829622804906969380e-01
-3.796806047999228828e-01
1.506776764762278176e-01
-1.497952065660729803e-01
-2.088483125506306881e-01
-1.493156478574438895e-01
-3.574218096751149987e-01
-3.412803983893575310e-01
-2.029387322954488981e-01
-5.137973450126088748e-01
-5.646058628769372589e-01
-3.143195304777782750e-01
-2.753470536506980038e-01
-1.019622240039115037e-02
-9.386084387363455850e-01
1.864560742616484454e-02
3.880734215160598589e-04
2.450901349661673868e-03
6.895875379579780029e-01
-2.391814278764378132e-01
nan
5.541090807027896359e-01
-5.694019986541719314e-02
4.265633890759285007e-01
-4.142788463354005746e-01
1.519965721162982730e-01
-1.235298671832694151e+00
3.786266243909925389e-01
-1.716699317568943506e-01
9.095905068832947915e-01
9.952643570763218539e-02
3.345658067589846740e-01
2.244844547080234454e-01
-2.567443836398277113e-01
-3.843563850431219731e-01
-7.409355404744009110e-01
6.675197806890297014e-02
4.948163617040552964e-01
1.234410187291428818e+00
7.196507885973700835e-01
2.567081768655041230e-01
6.469391947355874750e-01
-3.487402123741234483e-01
-7.640924458473095093e-01
2.430386059555230127e-01
3.137960709728381068e-03
-5.244074052146900922e-01
-2.420868672993866377e-01
-1.002943831619965420e-01
-5.909600819600974164e-01
-2.455198304104090623e-01
-1.333534640945765841e-02
3.457145845230674142e-01
-6.443942065528871499e-01
-4.238381606612517394e-01
-3.006563938133631764e-01
1.860624907298806252e-01
-5.650844172565355761e-01
6.553916597258139243e-01
1.910880244467924038e-01
-2.544509466596239222e-01
-6.615733608089184870e-01
5.387534379438162907e-02
-1.180152393817942014e-01
-3.727517667895841602e-01
-5.889583412925221140e-01
-4.995662595714915888e-01
4.769573009554132215e-01
6.161607514075093661e-01
-5.406880600193489927e-01
3.983693644932343597e-02
-7.784159189406951729e-01
-9.776228623518630201e-01
-4.743576980761401440e-01
-1.989245944899646536e-03
-1.022613348501453467e+00
-2.708870415673572118e-01
-2.197462082706957420e-01
-4.873727294360386542e-01
3.354702203371712210e-01
5.400704660619419784e-01
2.298884276297930573e-01
-5.450520200819235217e-02
1.956275430767913937e-01
-8.184914105619918168e-01
-8.119018798177926599e-02
-6.246315942519603537e-01
-2.070460437011502688e-02
-2.349126979191355075e-02
nan
8.987799750036714608e-01
3.470383242101546806e-01
-7.675292261078711098e-01
-1.594406236722896442e-01
2.288418105750764930e-01
4.402685211235738416e-01
-4.868218668966493579e-01
1.264985096442403090e-01
-5.754598437960037893e-01
5.328535456868077613e-01
-5.456222551410941923e-01
1.020901362243429977e+00
2.086612716718803939e-01
-2.499330309755723456e-01
1.022255976377583614e-01
-5.520009362096405248e-01
-4.253364139663101118e-01
-1.839846764615515606e-01
-4.574528704947323776e-01
3.810444785294741510e-01
-1.728064427940765452e-02
-3.730750505196812200e-02
1.291898718338870267e-01
-4.619080048940790162e-01
-3.189116168366128157e-02
-1.156026575398952788e-01
-1.312166563076280767e-01
1.570779355241997410e-01
4.265426545834277716e-01
-4.253069830685045072e-01
2.824604991309018209e-01
-5.285640748393365396e-01
-2.300977975238543971e-01
2.561924895842571659e-01
-8.088151324972800982e-01
1.901379374019315227e-01
2.616395527864842641e-01
5.924787677220000326e-01
-3.303878287029725636e-01
1.583369367803031169e+00
nan
7.051979715668443838e-02
-2.688848182183425917e-01
-7.570938992049439653e-01
-7.098684857807854298e-01
-7.476116063510455934e-02
3.894904294337360462e-02
-1.020303131783633965e+00
2.199598333933356631e-01
-1.174148766533098742e+00
3.119936866200268867e-03
-1.069707192237323717e-01
-3.492404111282355061e-01
-4.071359882767813798e-01
-3.168593034814012332e-01
1.361122641334663097e+00
3.091052559620433571e-01
1.159471446851387810e-01
-3.966773349134471993e-01
-8.448663483183274647e-02
-3.097103829234228445e-01
1.185531785924119896e-01
4.486452512593993580e-01
-2.864653800470052802e-01
-6.176545322041147035e-01
-4.697677851375411384e-01
-4.663086749790598673e-01
-4.208435910696467497e-01
-1.205928788575431621e-01
-1.742384284700991270e-01
-2.940402967963043901e-01
-4.471736659383199197e-01
-9.484780308317771746e-01
-1.685575388717630851e-01
-1.187570186905296116e-01
-3.144719945832647467e-01
2.570708887122740149e-01
7.681888408597441487e-01
-2.512108177278630713e-02
5.703720652077710618e-01
-8.352625131874330533e-02
-2.554194693024843255e-01
-1.422126543930372000e-03
