-8.744866519007234995e-01
9.842774448497884632e-02
-4.003957980435181030e-01
-1.197071222201846752e-01
-3.775049115065875344e-02
-4.309096039636652331e-01
-4.703839768747730687e-01
-2.986968500244077673e-01
-9.450898746913306558e-01
-1.340447865880821376e-01
-1.063142466038929479e+00
-5.664016872094095323e-01
-1.141159298376530407e+00
-9.481086487334945412e-01
-1.316982980894811917e-01
6.077169401911795138e-02
-3.664155242039662252e-01
-2.836207613916265080e-01
-9.336712966928060187e-01
-2.926955527978871152e-01
-6.945167705490985499e-01
-6.859838725443438701e-02
2.517196113101542454e-01
-1.313148374616412983e+00
-3.920549272209849501e-01
-6.544883083247898803e-01
-3.161297945370069029e-01
-4.974869164662366616e-01
-5.385409830864572311e-02
-3.775099084168193064e-02
-6.307711984988254583e-01
-2.530328692288977277e-01
-1.295394893862435559e+00
-1.384848903382978724e+00
-5.122308926828898074e-02
-8.833740062584656272e-01
-7.100146893173401308e-01
3.474282040521283615e-02
-4.617575546873576298e-01
-1.682144447845849988e-01
-5.240250636114371918e-01
-5.170423254630850396e-01
1.745531310540313075e-01
-5.740890724968841230e-01
-2.119647026678558033e-01
-4.669302400235771922e-01
-4.264229725860738673e-01
-1.034407407755114083e-02
-4.366189713427932606e-01
-2.601749378151672620e-01
5.650558228210723621e-01
-4.524252025055305326e-01
-4.622654822929093688e-01
-8.845040605587173310e-02
-3.606665822862727411e-01
-9.359994238631322849e-01
6.631247247934759503e-01
-8.806066615289065425e-01
-1.053167683661158316e+00
-3.468592772118707646e-01
-5.229545076837457396e-01
-4.675732117075649397e-01
3.711482919097782718e-01
-4.821781695486322405e-01
-8.703940014067690356e-01
-5.150760834764801510e-01
-1.173431204155926805e-01
-8.955230086506510423e-01
5.028824848422163152e-01
-4.743073893818945952e-01
-8.559055403105646498e-01
-2.250428808826603622e-01
1.638176960475754840e-01
-2.536628338641474523e-01
-3.787116804525348934e-01
-8.753708131985644680e-01
-8.197251345338986139e-01
-6.789675309973891570e-01
-8.201852822360191642e-01
-8.791092502186351187e-02
-3.269827627933062919e-01
-7.725439816192495313e-01
-5.597327211003710890e-01
5.124817768148448582e-01
-2.465930573183975627e-01
-4.889845387979825375e-01
-6.038953487459531866e-01
-4.550247424077323299e-01
-4.285325135858432111e-01
-5.129001865996414278e-01
-1.135600995184261164e+00
-3.941655190394444119e-01
-6.568468294076344749e-02
-2.088061507114106208e-01
-1.339423367923992414e+00
9.157698319929624686e-02
-6.696792896223804359e-01
-9.237291989902347566e-01
-2.460030703563292551e-02
-3.835368572752458904e-01
-9.639357722085957203e-01
-1.782806779775965300e-01
-7.967446659662582586e-01
-5.160426380396861967e-01
-5.911405376626628350e-01
-2.665891050921666561e-01
-1.056606524651859447e+00
1.958699421733386958e-01
-6.140175902027296129e-01
1.289568031804708692e-01
-1.058419656603583725e+00
-6.102891684953904577e-02
-8.610332887265893520e-01
-7.823681187306829043e-01
-2.735326803790307237e-01
-8.087504664907255725e-01
8.838451763831094155e-02
1.975024448624404239e-01
-5.862751105299272014e-01
3.908911079830251212e-01
-3.161836482235148571e-01
-9.089541694001130878e-01
-7.865795259943778595e-01
-9.205421874399226656e-01
-2.768076297095786731e-01
-5.810417635203972697e-01
-8.759397122731371610e-01
-9.550716340980494046e-01
-1.097426032009455876e-01
-5.796610907607954166e-01
-7.777992255734139659e-01
-9.390269938638846625e-01
-9.051402851098034885e-01
-1.074470571348817849e+00
-6.156210846109650969e-01
-3.094830181703057681e-01
-5.185449460838330582e-01
-4.186041876119666605e-01
-1.005597211754121867e+00
-6.774767625327228204e-01
-4.708324829351565599e-01
-6.933993422690373221e-01
3.091139027262051475e-01
-6.050427587275815089e-01
-2.788572425170724456e-01
-1.223652525869357799e+00
7.770763578914174907e-01
-8.866365118260766121e-01
-8.407038228551226844e-01
-7.519764418804987527e-02
-2.125316882461884826e-01
2.890219349850112196e-01
7.935688948659834485e-02
2.973456621522274634e-02
3.042316578087538304e-01
-3.871288374765221585e-01
-1.256127492012203695e-01
-8.061287664978468159e-01
-1.133891390501037932e+00
-8.030101770909937597e-01
-5.609736482750838915e-01
1.010128104710395908e-01
-4.408867969575202550e-01
2.750288232473909744e-01
-4.870567355674288446e-01
1.776184373292990781e-01
5.439826349132892425e-01
-8.498429018296880244e-01
-4.947722425919692246e-01
5.100499803198765142e-02
-4.064500611436176053e-02
-5.229202176163660898e-01
-1.118243659663587797e-01
-5.768696024605003414e-01
-8.008859543665631797e-01
-9.502969829249195977e-01
-3.846456660441354147e-01
-3.096645041763873563e-01
-1.855779538436395371e-01
-7.526538392272683620e-01
-3.495816968230748834e-01
-1.139479560582873537e-02
-6.707468516101818823e-01
3.026038551607316829e-01
-8.268350792527371373e-01
2.876525240910977055e-01
2.601519083108395081e-01
1.256823980556426822e-02
-5.685090999351876118e-01
1.343198962387952000e-01
-5.126054129176992324e-01
-9.592401024477839044e-01
-6.051700002057471828e-01
-8.076230723012346457e-01
8.894692442449562975e-02
-5.995568697581619283e-02
-4.671321150135491207e-01
-4.691674337462780064e-01
-1.298648162920780225e-01
-1.530057804269596977e-01
1.963664796444326288e-01
-2.682845277720675159e-01
-3.954379452340592849e-01
-3.354448736611684856e-01
-6.895719329665324082e-01
-4.707338361903916635e-01
-4.586599034769315297e-01
-1.201132110725419810e+00
-1.464203717954928874e-01
-2.066526273904877864e-01
-8.379821095822144184e-01
6.629844985382501998e-02
-1.866988686193420399e-01
3.824824514841842493e-01
-1.936600121225454663e-01
-1.321204250170466610e+00
-3.867031513248281316e-01
-5.294869401130634090e-01
-8.145407971525583934e-02
-2.964313684118424219e-01
-1.134276548728098577e+00
-4.341662947529504879e-01
1.440217875721743201e-01
-1.047908478704357299e-01
-8.363460384454444174e-01
-6.294541606148864599e-01
-5.615522812175743894e-01
2.663146135826416350e-01
-7.720710951039209957e-02
-2.158460209259180917e-01
9.855251130488239530e-01
-6.601132596737870895e-01
-6.784621416504746927e-01
-5.690519444453597808e-01
-8.796290425834403237e-01
2.883934990075230909e-01
-7.328986149512268788e-01
-4.377656768862243641e-01
-7.429309688745692197e-01
-1.323413312392631047e+00
1.115308932693475918e-01
-4.076334722379829079e-01
9.776596318912049444e-02
-8.451004239697272880e-01
-1.197984691472191221e+00
4.631512676051965927e-01
-1.146725508624442114e+00
-9.554557392429925411e-01
-4.992968184295692446e-01
3.422161470239297731e-01
1.441106337534818760e-01
-6.279785523954777293e-01
-2.974563090127154696e-01
-4.857402865252261059e-01
-5.222171475096522020e-01
-4.852125411993024606e-01
-7.702551574170427573e-01
-8.565425503722129408e-01
-1.046437719319996740e+00
-1.473228253280258193e-01
-1.087023663737025414e+00
-4.562893306278421601e-01
-5.299612591777056458e-01
-5.266490776374914695e-01
-2.269525255112553319e-01
4.475534374896513769e-03
-1.617226541320790079e-01
-8.378100601351938792e-01
-1.181805535818982511e+00
-1.999615401485212995e-01
-4.902535909629415767e-01
-5.490621859480802058e-01
-9.718160154371819903e-01
-7.832132196094387933e-01
3.084634228515008986e-02
-4.786895622563508423e-01
-6.645409575473254504e-01
2.022287541979632397e-01
-5.364757435558246135e-01
-5.104376653331398339e-01
-7.736893761570586836e-01
-9.244007699975212988e-01
-4.657544218492007948e-01
6.234102348921807292e-03
-4.810944200613190974e-02
5.702114367786371985e-02
-9.039683873308359541e-01
-2.503877326862901653e-01
5.067766481257782868e-02
2.993926513691264057e-01
-1.257298055828362182e+00
-5.516684225937443786e-01
-3.493105263364303381e-01
-9.145728214551815949e-01
-3.884299159310787286e-01
-8.312120036965972916e-03
-9.704837856351321568e-01
-9.177702466273763848e-01
-9.907699889464673948e-01
-2.048145607978107685e-01
-5.441905536871817217e-01
-6.277544039490765559e-01
-7.474405319709073181e-01
-1.032642162138208919e+00
-9.455195214463834041e-01
-2.088034119245925080e-01
-2.090401443501237744e-01
3.696958696776661002e-01
-7.642364102544260684e-02
-1.171552213330218639e-01
-3.302728682036685237e-01
-6.213695434580671639e-01
-4.638040688122535560e-01
-5.736455256707403416e-01
-6.322392311213335114e-01
-1.049805520902960421e+00
-5.925705626714621310e-01
-7.358181963051730889e-01
-9.767686908393278244e-01
-8.129560377959765827e-01
-1.310680339122487936e+00
-7.733375860093731902e-01
-6.684617512584710708e-01
-3.889070410791057308e-01
-5.413208784804067752e-01
-3.713081975587674832e-01
-3.837312652949763647e-01
-9.420357423455437695e-01
-8.812777990790443550e-01
-5.321520067393769038e-01
-1.265928818356324044e-02
-1.894371369317705278e-01
-1.775990862196405173e-01
-1.498572102939194961e+00
-4.042549805978407074e-01
-2.956926798109357213e-01
-7.011617100629029542e-01
-2.070391266837055544e-01
4.512890835374017695e-01
-7.959154184114765052e-01
-1.951014594035585525e-01
-8.385711832223522455e-01
1.616946859178196860e-01
-2.363663227782012710e-01
-6.514722757198453396e-01
-1.037035968596175417e+00
-5.617248506200543945e-01
-3.910062596865713780e-01
-5.806848423558846894e-01
-7.045127245708704411e-01
3.620872989232468142e-01
-6.515508824804702170e-01
-5.948592330755403390e-01
-5.583474407144699558e-01
-4.339263889696320375e-01
-9.123792294708112927e-01
-2.880323371807448907e-01
-9.671390800035293278e-01
1.019404693883323720e-01
-1.822395346014667183e-01
-9.781804438989946116e-01
-4.774357652372159810e-01
-3.284138212479205121e-01
-9.664993719729216837e-01
1.791241344503678168e-01
-1.306695592324194966e+00
-1.171480295420254780e+00
9.577380655992066005e-01
-9.724653988922412617e-01
4.057011053793160849e-01
-1.768167516972259379e-01
-1.039194877629182195e-01
-6.915306176063160670e-01
-9.197584445976271228e-01
-9.328843892135119109e-02
6.012674009804707537e-02
-4.288158580677628451e-01
5.129563589568364446e-01
-5.479487554324768972e-01
-6.676349574546955878e-01
-3.502753296153020557e-01
-1.089466546203576414e+00
-4.156470855162296973e-01
-1.029443061693562811e+00
9.775730821852213204e-01
-5.650327970958857193e-01
-6.765571938583652134e-01
-3.592307522459174396e-01
-1.015975397254976542e+00
-4.793180545087454281e-01
1.855406052454833810e-01
-8.023104046243194620e-01
-9.108361647844450681e-01
4.294483532859005304e-01
-8.592309919857573641e-01
-9.075323942537591448e-02
3.032816647477321603e-01
-6.222077769087440702e-01
4.159752990455468230e-02
-5.511852055657998628e-01
-1.127753483585226979e+00
-7.893318911806445071e-01
5.106572715423546294e-01
-1.111095175880877362e+00
-7.358048321116015256e-01
-1.124550180900273810e+00
-4.478889861400611738e-01
-5.887538655407474897e-01
1.283158941894282368e-01
-2.153253662263011903e-02
-1.118640376844337814e+00
-4.768388089904853078e-01
4.190579562089735144e-01
-5.394947641680636341e-01
-7.497320387879666814e-01
-1.037160648589322776e+00
-6.464775511216298565e-01
-1.778297505422374858e-01
-6.619539230866571256e-01
-5.110384042905824487e-01
5.094371323488361414e-01
-4.469632625406724791e-01
-7.537051366865895607e-01
-1.348092473301931438e-01
-5.272817938919355241e-01
-2.720935704098899621e-01
-2.739059788547651975e-01
-1.680549917453086906e-01
8.279353492839616746e-02
-2.576807523529648924e-01
-6.453024210047132447e-01
-1.066662501598252266e+00
-1.443329593510700726e-01
-2.444551028785416913e-01
-9.533727414680577272e-01
-1.025135761368801024e+00
-6.362982004562167671e-01
-9.190707860714620869e-01
-5.187106701748921411e-01
-7.060914296035512017e-01
-2.676137358709440028e-01
1.621237767330549473e-01
-2.761644304951624829e-01
-1.260301097451356489e-01
-2.470437319912292262e-01
4.414524654514953017e-01
-6.938240848369432445e-01
-5.490406492068219957e-02
-4.996488014459180560e-01
-2.661015591603790864e-01
-4.976786342085790515e-01
-4.849443070790932508e-01
-3.876771535065421381e-01
-5.275308595410814760e-01
-9.840790631478262274e-01
-3.730717145268514501e-01
-1.283782500651703407e+00
-1.188268293898744110e+00
-3.907232299415087651e-01
1.622694537699602077e-02
-1.124586510251355698e+00
-3.282743086300464186e-01
-1.149125825537692380e-01
-6.727023463246173396e-01
9.845725798694576758e-02
4.666619126305063259e-01
-6.223325040754865700e-01
-5.176805889333401245e-01
-6.447622707232119055e-01
-2.434128887521787576e-01
-3.610966521207797375e-01
-1.105995083039037485e-01
-7.901205511735353015e-01
-7.933698510820306193e-01
-5.073075392069287259e-01
-3.432678494039329009e-01
-3.002010857464160187e-01
5.120358551424901705e-01
-4.062062410220223518e-01
-2.492827711307535887e-01
-2.576955243900347359e-01
-3.103128085732277941e-01
-3.062445559734499612e-01
-1.084957034198401393e+00
-7.209948157541035130e-01
-4.432044932922463848e-02
-5.978008186310730387e-01
5.066027442076247861e-02
-1.687874297317011885e-01
4.991035648244200873e-01
4.581823612996502870e-01
-6.420794214994182125e-01
-6.196681009348596891e-01
-6.421463364859439915e-01
-1.170169595532772666e+00
-1.168696722783376107e-01
-6.198479081554741921e-01
9.402547772023674838e-03
3.838036103914629904e-01
-1.108609564563033285e-02
1.817010210527032488e-01
-6.966479076763133493e-01
7.530495861096901666e-02
-4.844188293478418617e-01
-9.413014008690169243e-01
-3.534062820241152814e-01
-4.045706946705436846e-01
-3.946731626753033906e-01
-1.198701039890073261e+00
-3.351095631341413639e-01
-4.134897267161997680e-01
-9.742903656566120896e-01
-7.936758678136557332e-01
-4.069681628695420161e-01
-6.140952373090582395e-01
-2.359824978674826268e-01
-7.581248175329973193e-01
7.676815489893545896e-02
-4.825161758541828272e-01
-4.308717635991007877e-01
-1.585008806534854084e-02
-1.719627985847211882e-01
-7.840669495857205407e-01
-2.117614910759774843e-02
-3.177667945940164107e-01
-1.894682595265106406e-01
-3.249255166179713106e-01
-6.126935757101693580e-01
-4.822459110393751969e-01
-5.222301639398710948e-01
-2.320657340197458396e-01
-8.226214617010819685e-01
-4.748381093592773938e-01
-9.843486827591119148e-01
-7.538742935295264513e-02
-4.711769652690974142e-01
-3.080273435161388629e-01
1.822593941049580613e-01
-6.312929599045405960e-01
-4.419244208179576305e-01
-5.661526266379218741e-01
-1.151340622361611166e+00
-2.754813843175445420e-01
-1.470398440894254755e+00
-6.383510592828365304e-01
-1.400566000141311440e-01
-6.991553844211715329e-01
-7.041007390356023299e-01
8.915535015231410010e-02
-6.798459492070931809e-01
-3.757853552511231654e-01
-2.636006216503838373e-01
2.777260914580663778e-02
-5.881091781689340436e-01
-8.585606926415422224e-01
4.978765819645417784e-02
-8.463373874042473544e-01
-7.433199206973545303e-01
-5.771259050313094496e-01
9.325125227300584685e-02
-7.270148172647843410e-01
-6.273257046493466715e-01
-5.683253277326020259e-01
-4.231041513565991785e-01
-6.725984968333477143e-01
-7.675121957971267062e-01
-7.199784990167016341e-01
-1.073133260595876104e+00
-8.479348511782580644e-01
-6.086146283769360288e-01
-4.582915434581063541e-01
-5.200745421958138381e-01
-7.601481725683444379e-01
3.348363865649536253e-01
2.006263199992240620e-01
-6.212446320519873222e-01
1.346424884156418866e-01
-5.822577293974806611e-01
-2.478314007588642565e-01
-4.015944648935461658e-01
5.366910135997692288e-01
-9.515045954023059194e-01
-5.979952630750785536e-01
-3.128977782844337141e-01
-9.977910613741438617e-01
-1.807279337300787547e-01
-2.178179625917170681e-01
2.952932561471108830e-01
-1.083324048755926139e+00
9.034043907689848218e-02
-1.323123584725002244e+00
-5.218132814884421933e-01
-2.426008965347652979e-01
-7.800242718833382272e-01
-3.454386143312973001e-01
2.110082171183488842e-01
-1.772340309176649031e-01
-8.604085688054601277e-01
-9.141998789401876158e-01
-3.606848313924558846e-01
8.260101774654329820e-02
-5.755975675089299859e-01
-5.117388233840575174e-01
-1.661666409669649014e-01
-3.460692058937076543e-01
-1.004011607880370915e+00
-7.916570043021033953e-01
3.059775412941322936e-01
-1.723360180237550054e-01
-1.170429371981414057e+00
-7.916654369443248962e-01
-4.208344575474258220e-01
-3.141738636212586533e-01
1.836295432184289200e-01
-3.619366232875780298e-01
-3.041676032355665193e-01
-1.182210422059242649e+00
-3.913854861640077010e-01
8.107803473800487826e-01
-8.709861397620952683e-01
-7.157201655892619918e-02
-1.267660688038659389e+00
-7.356950680872004211e-01
3.321465463234827276e-01
-1.006804549539017435e+00
-8.109793567826938387e-01
-1.615055549132010104e-01
1.556387822823655787e-01
-4.633364513305266996e-01
-3.322486708512673026e-01
3.982434026380584635e-01
-6.545772637078135503e-01
-5.899029855002102529e-01
-8.272768365382177080e-01
-2.359476490620961153e-01
-5.198288370332488917e-01
-4.635012359712427088e-01
-1.177511997888014861e+00
3.169929080699130375e-01
-9.001397059054839778e-01
-1.258675967583575250e+00
-5.991056365077293000e-01
-1.990290327810099180e-01
-9.711198197047071767e-01
-1.880898293514951247e-01
-8.393579056412329154e-01
-8.466436853931412765e-01
-5.230208044354056618e-01
-1.223753615177830101e+00
-1.309548511397770620e-01
-4.589864981933775567e-01
-3.089491751004677655e-01
-1.396445238390490173e-01
-8.081406903909289507e-01
5.026573380271470715e-02
-1.408932042133748674e-01
-5.400724157372432943e-01
1.465232427813307342e-02
-7.837912702462037640e-01
-5.948904793368799959e-01
-9.211381400365084016e-01
-6.249780243962095305e-01
1.012825493827102658e-01
-1.239181168794841081e+00
-9.189613212352101268e-01
-3.723506668142685938e-01
-1.870615636779213442e-01
-5.217099608011294132e-01
-3.425315060195158745e-01
-5.114729513290012797e-01
-6.811744863202290334e-01
-2.513737247138803088e-01
-2.488648606851983913e-01
-5.165026531921850239e-01
1.086078221680393668e-01
-1.082594123781426276e-01
-7.869198067852715139e-01
1.488770263212241263e-01
-7.656655485586423282e-01
-1.118939702658635627e+00
1.182218564486293255e+00
-4.901808721217746911e-01
2.751282244849972969e-01
-5.849773458468718879e-01
-3.171088382477569856e-01
-9.126623082481841731e-01
-7.095741131879778063e-01
-3.069880315154597805e-01
-1.216017696166822731e-01
-3.692165276590550493e-01
-5.420393057670093162e-01
-3.049333819846055671e-01
-4.925697357457625714e-01
-6.877820907185937527e-01
-7.490817699014064024e-01
-9.300679716708930567e-01
-9.786535716161339771e-01
2.657182453985339199e-02
-2.413971057432574008e-01
-7.027344422871099894e-02
-3.824775625116976774e-01
-5.193372893258451084e-01
-1.726628609430087835e-01
-1.534750125458446968e-01
-8.556772621451360639e-01
-1.567854332415695440e-01
-2.380840054683600326e-01
-5.858136914047026300e-01
9.956506854794443528e-01
-1.214740282859622766e+00
-4.981213276362655984e-01
-3.075539685289642722e-01
-8.732680044701915945e-01
-3.186740835907614366e-02
-4.645535014172418875e-01
4.361739568347696716e-01
-4.583979171766612848e-01
-7.277153252468506750e-01
-2.523131907786672623e-01
-7.074937524643813702e-02
-3.360424680071074643e-01
6.789907864746762278e-02
-5.487014752873637935e-01
-7.889921772112474807e-01
-8.251129940842598653e-01
-5.137142033412575026e-01
-3.132545251833073197e-01
3.202359758761246789e-01
-1.153253433201425704e+00
2.474513883525735480e-01
-7.554668840896967552e-01
3.922321492604033399e-01
-1.086708530609246992e+00
-5.592196479194927461e-01
-4.467440498913621827e-01
-2.140521250832010947e-01
-2.934753409063005358e-02
-2.391201795521389062e-01
-3.497299374457018550e-01
7.694444121913121028e-03
-1.054113541772299989e+00
-3.850590747218382570e-01
-1.016010011289754322e+00
-5.679211930976773015e-01
-6.800099227044041905e-01
-1.007867195844682068e-01
-6.200864320854144740e-01
-2.760656919732811243e-01
-8.533530314641095404e-02
-1.023047644337525375e+00
4.598355285971038320e-02
-3.690501631403725891e-01
-3.032932180934456157e-01
-1.520897690216984344e-01
-6.992750958796702943e-01
-3.215974646276762994e-01
-5.116952686358126057e-01
-6.489256966551752992e-01
-1.446394710529151917e-01
-7.637542185542577078e-02
-4.229009972504911286e-01
-5.943147261440813178e-01
1.845895302506357916e-01
-3.031743806300521427e-01
-3.086239313461046629e-01
-6.533334162870976236e-01
-2.364742156679414675e-01
-5.249863041025505384e-01
1.242618565241721873e+00
4.663903190709344226e-01
-5.721096471704884001e-01
-2.398488347331934056e-01
1.252129389937118101e-02
-8.342474774410033600e-01
-1.264590141401227830e-01
-1.871146816477056163e-01
-1.093550721411334692e+00
-9.539016392911999764e-01
-8.642147578574950195e-01
-4.758532138761995545e-01
-4.213603810706068598e-01
-7.908830132704932625e-01
-4.117198461299295675e-01
-1.923300550458373337e-01
1.347138373793897170e-01
9.774179018836245958e-02
-7.437973374053739040e-01
-5.623031651137054832e-01
-8.923412767634358866e-02
-5.583795702728963084e-01
-2.531079723231456358e-01
-8.766542963971560853e-01
5.335170574612639605e-02
-4.038955831248671746e-01
-5.784344896578466066e-01
8.833169084022350626e-02
-1.945654217753144122e-01
-9.439232228106102518e-01
-4.401573975754405899e-01
-5.825825463629685785e-01
2.007489380245421062e-01
2.743595354750452686e-01
-3.538909417326910334e-01
-6.317133302666538830e-01
2.017013580830327724e-01
-7.402217105642847628e-01
1.743522602778389829e-01
-2.803483465108861927e-01
-6.522737219649495932e-01
-9.425399202923087083e-01
-8.862453991411348708e-01
-3.616338138624991538e-02
7.427540469884243157e-02
-5.824371114913043934e-01
2.055219537217506942e-01
-5.073901075102448255e-01
-6.446918126390777104e-01
-2.659016497278066660e-01
-4.002095323425030049e-01
-5.415793362953528201e-01
-1.507831387844057180e-01
-7.453635589606671941e-01
1.049528188589748251e-01
-3.617950390259944693e-01
-7.341430387898283394e-01
-3.023868336851286975e-01
-7.700996436981280002e-01
-5.293583402773948121e-01
2.201461788026279620e-01
-1.267780564458285131e+00
-1.033829711280332075e+00
-1.504576626678309492e-01
8.390565085377389432e-01
-1.013583738469541640e+00
-3.531763678845902255e-01
-7.781941240132087545e-01
-4.876333892588689545e-01
-6.404727581453920626e-01
-1.711362803643471653e-01
-1.274376561156281173e+00
-5.702632602306075826e-01
-6.277165852255137679e-01
-2.244528676078992036e-01
-3.780942727343322013e-02
-6.211204817737622230e-01
7.778432670239263103e-02
-5.280824140683616497e-01
-3.789353452047285464e-01
-9.600568168324163931e-01
-7.338289369933069795e-01
-5.968337488681898506e-01
-6.406560806119698803e-01
-8.247618376029629550e-01
-7.998747078566943447e-01
-7.144271010202299932e-01
3.649022713249398531e-01
-5.179663763741670923e-01
-3.789056233956201170e-01
2.172478414708363670e-01
-7.516668717458150351e-01
-1.534444444859576484e-01
-1.183651522436288683e-01
-2.288441495246248403e-01
-9.786842765632836061e-01
1.539096910183581149e-02
4.843232502950675089e-01
-4.675562798298185108e-01
-6.539953761080296024e-01
-1.722345907707319157e-01
-9.427161976031538382e-01
-4.226104485602383276e-01
-9.579292310572805613e-01
-4.091681071709777906e-01
-5.242924784397841043e-01
-4.312447808260329585e-01
-1.867466861593864713e-01
-9.364184446156946784e-01
-8.784218810143912259e-01
-9.838822316429547410e-01
-2.403899238739398148e-01
5.212519408647187102e-02
-2.242094930987557633e-01
-8.498666533606783480e-01
1.824218914391694535e-01
-5.025635398642919194e-01
-2.938789541318935772e-01
-1.317164001329349798e-01
-8.971988453529143870e-01
-5.806302185025520313e-01
-3.648181308508877813e-02
7.806950669054625591e-02
-1.368473093026638387e-01
-4.719106138516171445e-01
-4.537062615323058656e-01
-9.526449988706493510e-01
-8.189245679388883481e-01
-6.478995069779349691e-01
-1.406741259268653232e+00
-7.422915683959631084e-01
-3.529554717091061278e-01
-7.500301938200876206e-02
-3.010356308273501869e-01
-7.341473014838871824e-01
-4.993980293784549551e-01
-5.129919372441623659e-01
-1.088659209718055632e+00
-5.134923463158742596e-01
-4.000543655553187028e-01
-1.178412381160589412e-01
-5.877164006667306984e-02
-1.299203387085978934e+00
-7.158217105129296431e-01
2.382262143094997925e-02
-7.157998744055584783e-01
-4.031239332452311586e-01
-8.625922486066990580e-02
-1.103342346454190714e+00
1.329804138825537996e-01
-1.219148680670290308e-01
-5.899959108618239023e-01
-1.512139948759491925e-01
3.348732919416570475e-01
-4.512829398258257352e-01
7.854334525025387370e-02
5.903176538159360387e-01
-8.630134744768447330e-01
-4.815155256161718356e-01
-4.045639493984982266e-02
-5.196308560909120855e-01
-3.792791356195132080e-01
-5.280685840866475855e-01
-1.046820887968621938e-01
-1.258296446608788421e-01
-5.629980408747000675e-01
-1.203105158742300729e+00
-6.799954744639954418e-01
2.119658712456960192e-01
-6.464726515552603470e-01
2.241872165492621582e-01
-5.741186941937655996e-01
-2.361121976555772828e-01
-1.065713939070658922e+00
-7.554488740474100128e-01
1.878901069702516025e-01
-9.450620841771568692e-01
-7.133460482595317398e-01
-5.999388165827661545e-01
-2.420964142045500811e-01
1.320118676439964445e-01
-3.979783079968027271e-01
4.109116454498838028e-02
-8.271494053821358827e-01
1.819603419325151739e-01
-9.527372741637796238e-01
3.407596688892151060e-01
-4.938724778704834395e-01
3.035831670492343259e-01
-3.758073950701731891e-01
-9.419598412718606095e-01
-1.466423019463089783e-01
3.362994050714423477e-01
-1.405662183361503281e+00
-2.242725929439513544e-01
-2.974816533565710075e-01
2.550352585207318890e-01
-7.558942782832617224e-01
-3.926133103071210995e-01
-1.057700226087461282e+00
-1.936080260351484839e-01
-3.045177512064344283e-01
-4.809900777551448514e-01
-3.243445994123596576e-01
-8.344399992766141638e-01
-2.903705491107395620e-01
-1.446647806568285566e-01
-2.722243279085869161e-01
-5.672252905531103284e-01
-1.264083958340751268e+00
6.305838581742700955e-01
-4.338829538234691974e-01
2.562267954989034813e-01
-2.658283460578225732e-01
-4.526047411909149831e-01
-8.001127234994495074e-01
-1.351848021508299746e+00
-4.005870896768315981e-01
1.140715547153295650e-01
-7.320479394211167889e-01
-6.063830715835921703e-01
-2.246587486337477124e-01
-5.014798988333355467e-01
-2.955394986178732641e-01
-9.361339412042567476e-01
-4.079798516300239264e-01
-3.303820264072215851e-01
-7.563723798309889279e-01
2.335235355757531717e-01
-4.586952287392899730e-01
-1.844043224526198954e-01
3.391706363798876467e-01
-9.913879077381311244e-01
2.421342055920671088e-01
-2.564014416552904893e-02
-1.060372775519449862e+00
-8.441128656240975969e-01
6.634705415768163972e-01
-4.168042841008154364e-01
-6.109822810988286834e-01
-2.788917989635749106e-01
-2.642316431592962034e-01
9.211817946456793971e-01
5.792805130073356290e-01
-8.243599739692605288e-01
-5.270111206762184697e-01
-5.194476875387016301e-01
-5.040288731840720793e-01
-1.034545262781026986e+00
1.034002612852041314e-01
-6.113708458437072668e-01
-9.257885927689769590e-01
-4.354332308249623806e-01
-4.500828626435866564e-01
-4.321946846793154884e-01
2.838137962734618366e-02
-8.855268287829668461e-01
5.337449646129018843e-01
-4.165355864079334225e-01
-1.012167257583314273e+00
4.490200956782270936e-01
-8.888250591256664501e-01
-2.842062523299624388e-01
2.235130101972156169e-01
-5.480334402935639337e-01
-2.022758142589831803e-02
-1.259395431049486591e+00
-2.497714939710491133e-01
-4.245654194284274041e-01
-5.237678934167906419e-01
-5.152230760744769267e-01
-4.928954233739257784e-02
-6.880120985909521369e-01
3.486731610163294748e-02
-8.232115730320408442e-01
-5.859624167645808290e-01
-4.435422020161512435e-01
-3.365369284443552322e-01
-6.771891225146966509e-01
-1.059587694027176896e+00
2.539191724809254369e-01
-5.800677209074600604e-01
-6.639893151614340017e-01
-2.261999726726139637e-01
-6.001977749410510876e-01
-1.215264562530312231e+00
-7.035268607621751880e-01
-1.413424951801856844e-01
-3.382003196228597908e-01
-7.743778961504460545e-02
-4.881479436211049738e-01
1.183631696615006779e-01
-7.398670197526937553e-01
-2.892308486068553286e-01
-3.822782945582792746e-01
2.115248918117699217e-01
-2.970266235634470009e-01
-5.459715581643564963e-01
-1.505510734522876648e+00
-2.948586757066669062e-01
-8.526519986282496966e-01
-7.252859184541126103e-01
-2.597452307099251678e-01
-3.815599474094034660e-01
-8.228778142696747677e-01
-7.104554580023827448e-01
-5.034581014599855964e-01
-8.382002078521435529e-01
1.388534072296551958e-01
-5.656958624903053456e-01
-8.069408565507275588e-01
-3.951792525949935908e-01
-1.423238861637975416e-01
-8.261037772452515249e-01
-3.652486333470998936e-01
-1.074054797945906525e+00
-2.591148357224399845e-01
-9.621299707852741800e-01
-5.168811860453325080e-01
-4.851113928406003972e-01
-6.581895698341257983e-01
5.756628451721278183e-02
-4.789850890668049255e-01
-7.633595769650798613e-02
-6.701527046118984643e-01
-9.661588461722853127e-01
-5.253751003397051367e-01
-1.030891262571494715e-01
-1.303622974963950076e+00
-1.004190118969294776e+00
-4.519309427089235331e-01
-1.120742802022386186e+00
-1.314992830916221100e+00
1.405995271689759463e-01
-4.283819940519419944e-01
4.991017749975468903e-02
1.890292446187238906e-01
-4.620176472385018607e-01
-7.803089718980831258e-01
1.082335925964704182e-01
-1.280207900508428587e+00
4.852250525756053590e-02
-5.527247006288023012e-01
1.727215023551312012e-01
3.692300659523359285e-01
-7.216890615290683098e-01
-6.260982417407452427e-01
-1.609773883576192180e-02
-9.486915225675244256e-01
-9.554965641508721408e-01
-7.896539323321307702e-01
1.835093427851656189e-01
-2.617537296311833184e-01
-5.194893652274347184e-01
-2.389674207014699792e-01
-8.311712396386594648e-01
-1.251240626263018241e+00
1.063819525709374103e+00
-3.983039125075433229e-01
-1.839258393823605398e-01
2.353501780376553165e-02
-7.318027198158008062e-01
-4.115846199428296881e-01
-1.436076039783540370e-01
-6.231323545596992863e-01
-8.966048032048336003e-01
-5.326636597721403632e-01
-1.086208298928947213e+00
-2.076570902542857200e-01
-9.085537415507412007e-01
-7.291417174301110249e-01
-6.091968509152996258e-01
-2.480345903447657152e-01
-9.268500496158244006e-01
-4.515524653954984813e-01
-1.097472841118405373e+00
-3.149058728908666893e-01
-4.441739921358300869e-01
-1.079837921234414910e+00
-4.704543751639569948e-01
-7.089673956602366989e-01
-1.350863763304389398e+00
-1.879897772018074842e-01
1.719127060995091077e-02
-1.200572904130606355e+00
-8.279413242636676218e-01
-1.019833823259308714e+00
-8.809070311778617324e-01
-2.435063902286027371e-01
-4.865022074743432512e-01
-5.968266422096689672e-01
-2.049373663662293343e-01
-4.691642577673283410e-01
-4.354276815715682480e-01
4.997701945388732248e-01
-1.085909119442109438e-01
-9.419405481666952573e-01
3.668386678806764833e-01
-6.256025898040801225e-01
-6.465265639785372498e-01
-8.584211094864094838e-01
-5.910470382698420622e-01
-6.123943579121556846e-01
-8.617469019174129885e-01
-1.169685361919619249e+00
-4.596658336748075668e-01
-4.404297989120961043e-01
-1.193322499107092316e+00
3.447060586396590715e-02
5.131376671332128769e-02
-9.368500097113023894e-01
-4.738513914350953038e-01
-4.096435407547597274e-01
-1.356174528218262232e+00
-4.767808773787371446e-01
-8.912914101986275650e-01
-2.863255760635653457e-01
-2.484885484773686204e-01
-1.634898951100176856e-01
-6.630884803092010893e-01
4.976779762207678842e-02
-1.115665286380413290e+00
-6.565040319876223052e-01
-8.135095643650254171e-01
-8.689721374027150613e-01
-7.299750952245003255e-01
3.735960522332653633e-01
-6.287396867386534360e-01
-7.100343049229704828e-01
-6.913698617422551207e-01
3.603922508774858868e-01
-3.520863481722475430e-01
-1.228739243712064777e+00
-5.671882654509735611e-01
4.995520945013913472e-02
-1.117428019763762742e-01
-6.505705393476319820e-01
-1.273140134611438379e+00
7.907548899143397314e-01
-5.797984961158438866e-01
4.477416805385139309e-01
-1.151556482032666695e+00
-8.365420845939559591e-01
-1.162832455416497462e-01
-5.024094327761445822e-01
7.772268605814277587e-01
-7.340088774358370927e-01
-2.239640291885893700e-03
-5.394813341073232404e-01
6.165966682544635202e-02
-5.932882380087054486e-01
-6.445027116621172558e-01
-8.642119675300941051e-01
6.345621025928318559e-01
-2.794879052327672864e-01
-8.446674521671158065e-01
-2.506242977533467142e-01
-3.736949971726652442e-01
-1.417783500973237576e+00
-1.598461042648430808e-01
-3.140769499012444621e-01
-5.131888667634566525e-01
-1.008992899506892194e+00
-6.612615849931798850e-01
-3.743715398711218167e-01
1.054758237421307178e-02
-1.114357671246860360e+00
-5.082024888740994256e-02
-1.302382723485153160e-01
7.310720683010898946e-02
-9.929637460585781783e-01
2.913922036032279839e-01
-4.445324662185918818e-01
5.797938806630560660e-02
-1.818770062212584360e-01
-9.645898580894303187e-01
-5.209890067629087129e-01
-8.769417970602044754e-01
-2.100816280825752169e-01
-2.080738425273245262e-01
1.168201642042855370e-01
-8.617102626326466064e-01
1.055727135579022924e-01
-2.239262144558957224e-01
-3.936789331070054687e-01
2.454433931152690540e-01
6.026611259738768878e-01
-4.396181594399826281e-02
-4.420621954261188535e-01
-1.057445134079372906e+00
-5.917147985185545744e-01
-5.193139207613077790e-01
-7.317946570943340001e-02
-6.792076251679303178e-01
-3.740843220071117803e-01
-9.833400821489806098e-01
-4.326216211190361816e-02
-6.847184948238171920e-01
-4.276899046725384235e-01
-8.070469587784206977e-02
-8.484485934677159502e-01
-9.020587947337092016e-01
-1.214185331145026581e+00
-3.895394973045571141e-01
-8.610976908690031184e-01
-2.992677066122438334e-01
1.434063831064225636e-01
-9.900717753283687361e-02
-3.725271988758748765e-01
-8.306475334406984157e-01
-8.429146177446658061e-01
-1.156781804273612213e+00
-1.595357040916431102e-01
7.394173754678964872e-02
-7.559231620399680107e-01
-8.791755642865564102e-01
-2.663059020534760402e-01
-4.378367446106913863e-01
-3.087164131855006932e-01
-8.401538264577075310e-01
-4.463249648546364634e-01
-6.398962404066445009e-01
-9.379624000833746145e-01
-5.752108271319901212e-01
-1.194122609202707963e+00
-8.063935286420395032e-01
5.006351349597647216e-02
-3.213820510875243230e-01
-9.616670182028286273e-01
-1.761928257531605035e-01
-8.823869841217886201e-01
-1.757668949534753611e-01
-1.727231599706086247e-04
2.236624910769648700e-01
-2.799656020967605796e-01
-4.910983767992724291e-01
-2.949991282152917838e-01
3.425139071673838909e-01
-7.766939353884471098e-01
-2.963997298421214843e-01
-3.473813439889898436e-01
3.643233029082086349e-01
-3.463232685983205772e-01
-8.562322029528666167e-01
-7.147069762857753972e-01
-9.056725947694619361e-01
-1.050070035179779371e+00
-5.029609847300252623e-01
-7.783765690845689811e-01
-6.137147625817346297e-01
2.169100009301894172e-01
2.852700745147235817e-01
-4.616015521038867031e-01
-6.622158239066479046e-01
-4.420590643918623774e-01
-1.088762424448609378e+00
-7.427114244018558908e-01
-5.025370161503777133e-01
-1.388905770100825388e+00
-2.607769405055855860e-01
-3.197380031937482325e-01
-1.080761377125889933e+00
-4.034923944970069121e-01
-8.995139902973888768e-01
-5.687362456693364487e-01
-6.285310400350924143e-01
1.735785510856676372e-01
-6.632357793372785082e-01
-1.126208428864452077e-01
-3.519193208080236834e-01
-4.168421283798315891e-01
-9.065556587912673159e-01
-1.116360027842744129e+00
5.399955404691889616e-01
-2.812184370503302278e-01
-8.648751764920092899e-02
-2.759565699031380492e-01
2.101869486112893093e-01
-7.804935584609460353e-01
-2.214867921872208933e-01
-8.336861006775225791e-01
1.057330355951347362e-01
-4.351982885009675894e-01
-3.439293614976154378e-01
1.846977959761135768e-01
-1.943978122666621400e-01
-7.071310120017462175e-01
-4.988057762739089296e-01
3.901485749650256962e-01
-7.665807597364115988e-01
5.729546789398761580e-02
-6.094297845395912905e-01
-1.520773610768636208e-01
-1.778326464123762551e-01
-7.962408076526799050e-01
-9.169455250866874740e-01
-5.918284086354774765e-01
-8.950406822445801103e-01
-9.297153234360672203e-01
-2.014087426812336823e-01
3.946730930658889913e-02
-1.595291836268766528e-01
-5.753221025639739805e-01
-3.970780174279799762e-02
6.126060053787422133e-01
-2.244250572069804994e-01
-9.729898727181452989e-01
-1.280978708937438038e+00
-5.457057905436941692e-01
-9.415292569057565064e-01
-8.135372176613290263e-01
-4.314512067626584679e-01
-6.115748190590184485e-01
-6.208487299986583663e-01
1.104568479185161906e-02
-1.270348714403403967e-01
2.119873554106038727e-01
-5.793405376460516454e-01
-2.055879114465806734e-01
-1.486932629570592579e-01
-1.251083511418817018e+00
6.564964512982657263e-02
-4.101485510846182847e-01
-7.809248145201134195e-01
-8.242966188664327398e-02
-2.781746241682659382e-01
-6.259956056980510164e-01
1.072013266601558185e-01
-5.270770531648706347e-01
3.054006042804618404e-01
1.177615556625978971e-01
1.114381955813382313e-01
2.336749579799341781e-01
-1.126018623157821752e+00
-6.458506995949735430e-01
-2.942663122217047955e-01
-7.519068006003213345e-01
-9.803405925836661261e-01
-3.938976553088284205e-01
-1.178378789587432918e+00
2.371322924896004936e-01
-7.364113078244888255e-01
-5.735345985810801073e-02
-9.515390774277778796e-01
-6.878425682524488272e-01
-5.657522029738112357e-01
-5.024822330296941919e-01
-1.095059792956908501e-01
-7.739862285666335162e-02
-7.803774076206272392e-01
-6.680390238016232773e-01
-2.572733295541536069e-01
-9.456098834517572271e-01
-6.848347948761234205e-01
-7.477403026356704840e-01
-5.540675579911166215e-01
-1.387387103123928878e+00
-2.397530846005232474e-01
-3.884153661555774795e-01
-1.062845505989136852e+00
-5.206787478738188479e-01
-4.526553819934607814e-01
-8.738246286957871423e-01
-9.778006949517975555e-01
-2.393923046216090700e-01
-8.982138799351193637e-01
-2.466859602530734885e-01
-5.202890074468400350e-01
-4.326841220675639033e-01
1.532679509058725020e-01
-7.274370661231898127e-01
-1.342118957772105547e+00
-5.630423438552839555e-01
-1.540312682548707901e-01
1.522106567849126346e-01
-3.182262176363528927e-01
-7.955161006266877610e-01
-3.059762092871751160e-01
6.890163699357295668e-01
-2.200061984321992903e-01
3.826440093529865499e-02
-5.555696993244872983e-01
-2.479324165252999035e-01
1.637893256750732295e-03
-7.352455362087586543e-01
-9.352909914694927940e-01
-5.173659015717029658e-02
-6.543248240584812470e-01
1.730551679456693859e-01
-1.097189871534152844e-01
-2.771192225649528051e-01
-6.437349906868968796e-01
5.066257079010925285e-02
-1.041546248060393864e+00
-1.401795058821300177e-01
-3.994712851631352368e-01
-1.067206817500614413e+00
-1.390422632984982254e-01
8.208243682583307721e-02
-9.070295140218810337e-01
-2.916785915954351327e-01
3.736147961628675379e-02
-2.264710197079279896e-01
1.660954936478093447e-01
-6.180296337122865857e-01
-1.517379747465800177e-01
7.396401796859829181e-02
-1.418383243190006748e+00
-9.586966784251443885e-01
-5.210958948895499931e-01
-7.246749307625024450e-01
-8.765142148219522422e-01
-1.184760207993467818e+00
-1.975234100533267145e-01
-3.679823806788604657e-01
-6.920202886170103707e-01
-1.123645920790482533e+00
-9.557462670331885735e-02
-4.053261854201620218e-01
-8.663119319914107663e-01
3.047067022079643084e-01
-7.543720043618409310e-01
-1.457048871451722960e-01
8.333471966563406053e-01
-8.412135618608276300e-01
-3.722641358185373450e-01
-1.226858324431685521e+00
-6.023712231661179084e-01
-9.527755580279910763e-01
-4.152922212659570511e-01
-5.106176625152666348e-01
-3.720749319421006729e-01
-8.880219204105098685e-01
-8.431533632262245836e-01
5.440246700398556623e-01
-1.625217055346003248e-01
-6.158619882059042094e-01
-2.581133916664696618e-02
-5.449115864051293223e-02
-2.633667961390152579e-01
-5.227985475218328570e-01
1.451162361241529163e-02
1.470719049731908090e-01
-1.176549641032853533e+00
6.168335423559995895e-02
-4.209052231292390034e-01
-2.725358600284691901e-01
-3.755911801497621161e-01
-3.320814599783296628e-01
-1.177007796707401494e-01
-8.427431947444202764e-01
-1.639578107590019540e-01
-5.402475707832425922e-01
4.800976962629062150e-01
-4.446568787253381561e-01
-2.923118078775440720e-01
-8.225339828080525661e-01
5.063745813777090765e-01
-7.667148592114810812e-01
-3.635224084662664334e-01
-4.624751157355249109e-01
-4.452596563222737114e-01
-6.644073031037446286e-01
1.450526406712532301e-01
-3.436882157640716029e-01
4.339475554049631034e-01
-8.366368956059285766e-01
-6.482327917541985673e-01
-7.548477702446603210e-01
-2.933719685350359430e-01
-5.001393231519745131e-01
-6.097514243708248571e-01
3.344784549940189172e-02
-1.082553051748085693e+00
-7.984583835984772060e-01
-3.755476168059865838e-01
-2.382307839692522078e-01
-5.472933443952358035e-01
-6.951547736245070608e-01
-9.424640325021770293e-01
-3.719302029192526893e-02
-1.023066186234827146e+00
1.976389443060154738e-01
-3.207165264760014067e-01
-7.995356305607605185e-02
1.842167835315987601e-01
-8.656081386538406752e-01
-6.061408238895649170e-01
-6.226035730841760207e-01
-1.331271504152101270e+00
1.563815800813980195e-01
-1.039601206223907059e+00
-2.948229300829683375e-01
2.392007774546063004e-01
-8.616577225988557576e-01
-8.240204748267783152e-01
1.104105382697330717e-01
-3.939130781954019445e-01
-5.771185322652566674e-01
-1.433416432766923543e-01
-2.858556683787814023e-01
-7.073186141716382158e-01
-7.145316255509841508e-01
-6.070157029227459811e-01
-3.234710891889533979e-01
-8.461185860726867514e-01
-5.342282317845710171e-01
-4.938919526115348457e-01
-2.826212873975603168e-01
6.691875333600968423e-01
-1.052272983287707797e+00
-8.644344551406841770e-01
-1.907143548376808162e-01
7.259820287153068152e-01
-8.139905816074728406e-01
-6.955809751634981497e-01
-7.558535902987139066e-01
-1.016253646060915727e+00
-1.385278265285682930e-01
-5.710298715722145202e-01
1.968821577348538465e-01
4.979050980468997523e-01
-6.333207724612639478e-01
-9.725514168746892674e-01
-7.342232539768799304e-01
1.880390588401626428e-01
-4.304377113462781179e-01
-4.726506867044074078e-01
-5.019742119608887609e-01
-1.954897409111056583e-01
-3.964892686478505568e-01
-1.408491219066577704e-01
-5.088353828128910211e-02
-8.780125069049211639e-01
-3.530078059710364813e-01
7.509087641540931335e-01
-4.443946055376117865e-01
-4.803718711039833278e-01
-6.867227899253940393e-01
-7.744133378291216951e-01
-7.280410876725904590e-01
-5.571726318802613376e-01
-5.600108801019200166e-01
-6.460653628970641771e-01
-7.636614244403477914e-01
-2.132098118393658537e-01
-6.832792765679494007e-01
-7.045064162710760192e-01
-6.319540357888752125e-01
-7.020193313590606943e-01
-6.858575208263671952e-01
-5.425267178104348220e-01
-7.739380775123329004e-01
-9.562340523766883482e-01
-3.680927580967875423e-01
-7.322957291066639618e-01
-1.493657287532995648e+00
-8.690504032484031027e-01
-7.311224752385111492e-01
-8.975755843373536269e-01
-6.714117898530195250e-01
-1.053584992811571031e+00
-5.806101369508559484e-02
-8.623491153898475703e-02
-9.140406564742312723e-01
-5.279485382511441838e-01
-2.209930128949967321e-01
3.775159299895530784e-01
-3.281954803679623667e-01
5.546950346860822501e-02
-8.418480728113590938e-01
-6.576197391823503935e-01
-9.885080861315408418e-01
-3.576662775476254219e-01
-5.010421330350796065e-01
-1.445723187283022571e-01
-4.040107237405940466e-01
-8.018010870879358487e-01
-8.932683044150482310e-01
-2.541002072293158109e-01
-7.928045682391182680e-01
5.177259676541464684e-01
-2.555310050350541040e-01
-5.812729624021565344e-01
-2.801597587549548574e-01
-6.890975435670465554e-01
-8.954135727282936941e-01
-2.216665567321990937e-01
-5.625297728761918803e-01
-1.056605486800263671e+00
-3.198745410189223759e-01
-1.010364891591850167e+00
-3.014957534722675220e-02
-5.508352573891486248e-01
-1.085843101616643214e+00
-8.795548149573946262e-01
-5.106784583060246518e-01
-4.592816311434093079e-01
-2.481017896355389440e-01
-1.292595000983299158e+00
-3.988033980487548646e-01
-6.122077525254624453e-01
-7.927269704018445606e-02
-2.122118132406830837e-01
1.988694796052511982e-02
-9.016993600711069590e-01
1.451471324406490293e-01
-7.309561092411900329e-01
-3.800981530460497693e-01
-6.862320663884292626e-01
-5.212264358751343973e-01
-3.563896766230438828e-01
-6.027040879786407235e-01
-1.309985512847308575e+00
-5.003769402159461421e-01
3.704018585080307707e-02
-5.186663255735066702e-01
-9.609990986453539330e-01
-4.984442021826016034e-01
-4.940196705236356012e-01
-7.893692173790425315e-01
-3.512780831393382264e-01
3.108386257631034003e-02
-7.025010022282021649e-02
-7.819748128965554879e-02
-6.900695903403424036e-02
-8.181591470096036822e-01
-1.342171937113427083e+00
-5.572413927249885157e-01
-4.975480384266366962e-01
-1.623084919408275484e+00
-4.650139449519433699e-01
9.641528418399263056e-02
-3.670401432093426397e-01
-1.078495389056978615e+00
-9.446836843607894219e-01
-9.890904922537733235e-01
-9.341062887236942780e-01
-8.073441280679625187e-01
1.439213585144926422e-01
-9.706148166557997115e-02
-2.029837448153893331e-01
-9.353204437086604095e-01
-1.118284977074662928e-01
5.287958868663258372e-01
-1.279141405817173505e+00
-9.014847287573511947e-01
-4.841920702882077099e-01
-4.737238878299239730e-01
-4.784244567329528630e-01
-9.041552962730352583e-01
-4.850466880681877924e-01
-1.286304753936033940e+00
-5.567506491120421952e-01
2.122256332625054309e-01
-8.828834975241310890e-01
-5.180153002788054906e-01
-1.139299082363742777e+00
-1.433939968426129141e+00
-1.332842582030790701e-01
-6.151290251949071558e-02
-1.611395511155953031e+00
-9.533455105791633910e-01
-1.947238509615342034e-02
-8.668584799128363771e-01
-1.214963913102329096e+00
-6.544684075654350064e-01
7.811234642628177294e-02
-1.155063338544894291e+00
-3.762674306223600662e-01
-6.705064760327010820e-01
-1.423431082926842478e-02
-8.453262302783692839e-01
-8.648244350840913475e-01
-8.657660408611859149e-01
-4.464412274456397989e-01
-1.393942656914291256e-01
-9.823650456046409962e-01
-1.209019046711114348e-01
-5.057301792911691463e-01
2.524239792301044560e-01
-1.101826588082476688e+00
-5.481887934545719848e-02
-9.478282782990390398e-01
-5.029566738826285466e-01
-2.523659332112012099e-01
-3.383415742465230025e-01
-4.763364193613325304e-01
-6.527976574869452930e-01
5.827483710831571351e-01
-1.043444693710816384e+00
-4.818478105908072240e-01
-1.128345545622810642e+00
-4.192217944082772818e-01
1.870680151847889106e-01
1.325658886810125447e-01
-7.684049704973652251e-01
-8.352484517339046899e-02
-5.600274431584594259e-01
-4.877371974312994518e-01
-9.615965644877713103e-01
-3.697432077896329883e-01
-1.005221945603364392e-01
-9.690721796385399767e-01
5.625792722316224070e-01
-8.221328145658420850e-01
-5.110989612140510729e-01
-1.107616454629236413e+00
-4.505148921298474662e-01
8.530569205049140513e-02
-5.362605326348840462e-01
-8.877119660573793425e-01
-4.654806014392990909e-01
-9.766991109495797296e-01
-1.076103401230132040e+00
-7.589044826711166536e-01
-8.422289533966318409e-01
-3.823828390415832112e-01
-9.677315153227340760e-02
-8.509434612724725566e-01
-4.050674233427233872e-01
-7.995563825481752929e-01
-4.203096367766384067e-01
-5.754051875472571131e-01
-4.286520288427066172e-02
1.981742831834895635e-01
7.070667005904471281e-02
-8.481901495427243143e-01
-1.061614414120761962e+00
7.119218237225319879e-01
-4.645189709870642392e-01
-1.415225764143778486e-01
-1.267527839992555194e-01
-4.376161974647782005e-01
1.475277134499034526e-01
-9.755184228556169623e-01
-7.970378247726138676e-01
-8.138148694431951435e-01
-7.404304295671522151e-01
-1.200887152654142476e+00
-1.575689144606782777e-01
-5.461747345243991303e-01
-8.921834051096563800e-02
-3.604717340673728176e-01
-6.910471726260223324e-01
-7.511969756021448230e-01
-6.708797123470514601e-01
-1.060784210484521761e+00
-5.613749327811570211e-01
-6.494484195311459040e-02
-3.725345811832513898e-01
-1.156566398977617316e-01
3.436739579474781259e-01
-1.280276189342831383e+00
-7.327321043195251793e-01
3.161398670710253711e-01
-3.050014003284697295e-01
-6.652202043156043576e-01
-4.604048446484350632e-01
-1.100399722693832238e+00
-8.482566961898804214e-01
-7.743761874890110475e-01
-1.368268548680973806e+00
-7.492005585548340285e-01
4.107911466379658011e-02
-1.363684791868981783e-01
-8.676380579979742214e-01
-1.162245077257773263e+00
-7.492262969749082790e-01
-1.370056302290396877e+00
-9.088848935668649709e-01
-4.764854799020903919e-01
-6.535302778069943530e-01
3.600744865824573315e-01
-1.200780392586434653e+00
-4.338302234630343479e-01
-8.423050735135827471e-01
-8.079812604619032723e-02
-5.351921799348191566e-01
5.244228133345448656e-02
-2.568438240324752986e-01
3.660009683204780706e-01
-1.827655061151974292e-01
-3.127323998775435876e-01
-3.254168699626732164e-01
-8.958633782050873240e-01
-5.001577073648092453e-01
-6.235892011501933396e-01
3.202506234947518071e-01
-6.267683886473560673e-01
7.628541987840664618e-01
-8.402621730983744763e-01
3.371472854791945917e-01
-6.165448126335094647e-01
-3.882565777125818185e-01
-8.024635974917755377e-01
-2.019550414187260279e-01
-4.068103747015051064e-01
-2.686774810603072550e-01
-7.505913600877388570e-01
-7.612686014109441013e-01
-6.336702886581271343e-01
-1.933258072142792494e-01
-5.301443256550735228e-01
-3.037474490124700277e-01
-8.039786875062906457e-01
-4.062800902091778799e-01
-3.507396744243119202e-01
-1.042898685542988924e+00
-7.807231600119871606e-01
-6.290723119543082387e-01
-5.714766442375887046e-01
-7.552775083534472161e-03
-8.925785742492949870e-01
-7.384778401481938426e-01
-6.786819716741996356e-01
-6.587221893030467124e-01
-6.339467594990351174e-01
6.586063157592836337e-01
3.860502750087909107e-01
-2.362873528683491209e-01
3.446437551431363877e-01
-7.988215688984589002e-01
3.603708769191195094e-01
-7.681116800060893146e-01
-1.004902259357629335e+00
-1.113139026996544795e-01
-5.538921606909144035e-01
-1.105783761453904113e+00
-5.621539855024813015e-01
3.463699800480887769e-01
-2.285865913647950609e-01
-5.024556688587190623e-01
-8.919069457480613972e-01
-4.846606381966910293e-01
-6.911724248045577612e-01
2.283530101177693727e-01
-6.136907580111221616e-01
-1.171050444015635517e+00
-4.091816377455563813e-01
-2.417595676861748755e-01
2.372882249928865428e-01
-9.455982790943732175e-01
-4.580049603470403019e-01
-7.907141100349303064e-01
-5.525656611713022359e-01
-6.978891919046487091e-01
-6.465049184261172366e-01
-7.784196667236006340e-01
-1.502520749963484892e-01
-1.106572675138501882e+00
3.353969527162245501e-01
-4.039652455097200168e-01
-3.460005184155182656e-01
-6.266646703450006184e-01
-5.691028740285845045e-01
-3.603882394431379144e-01
-4.230289221655166715e-02
-1.496398756587911993e+00
-3.651250490625506662e-01
-8.098668860348606779e-01
-8.379296593410341387e-01
-6.346186828945649117e-01
-8.970444902119294461e-01
-9.248471691495711022e-01
nan
-4.949698452069739019e-01
5.754052425497340195e-01
-9.534204866000458578e-01
2.509346719868635889e-01
-3.272733194641724852e-01
3.914203360169161983e-02
-2.644767803565819531e-01
9.526783493516454149e-01
-1.042236047329514248e+00
-3.459170186409100678e-01
-1.306164346385020325e+00
-2.692838125486952117e-01
-3.528897606138854393e-01
-3.795890206163925890e-02
-5.828496844260250276e-01
-1.076623995018657354e+00
-6.102367791275457864e-02
-1.351120690546879777e+00
-4.923838727868092846e-01
-2.604683219972437347e-01
-3.715774852157675001e-01
-6.376889533674220401e-01
-1.360195804797603270e+00
-1.777817704472969274e-01
-5.255348674672599696e-02
-5.284947064459486615e-02
-2.828800407173766018e-01
-1.192510801655026320e+00
-1.042553260467745657e+00
4.005182798006686196e-01
4.608650218859420833e-01
-9.451498285433479474e-02
-1.984661710557419911e-01
3.938318886996604040e-01
-2.196986915618770742e-01
-5.073527581785554075e-01
4.657761434079673579e-01
-6.977355409443818102e-02
-4.863157194233670433e-01
-7.322655625291125681e-01
3.586627935639229992e-01
-7.446451218373760783e-01
-2.387038643268407923e-01
-1.501497527186876457e+00
-5.561407675123659633e-01
-6.648085368726979194e-01
-7.783236582439654327e-01
7.370994303218647570e-01
-1.596185732701312920e-01
-7.603896982221697298e-01
-4.301774360374999162e-01
-1.276064612217612249e+00
-5.650851930357907449e-01
-1.562961698375609776e-01
-1.731457305135409852e-01
3.886014860694825823e-01
5.044142369344594562e-02
-7.932867543718721270e-01
-7.944745762508698128e-01
-1.020551904174677588e-01
-4.798304387144918803e-01
-5.965630497036534807e-01
-8.286163023488161139e-01
1.194008073516584917e-01
3.965494298425572550e-01
2.385571894981383667e-01
-6.943164555412257855e-01
-6.496857772325851377e-01
-6.475333182425644374e-01
-9.125150187047935679e-01
-1.286696142965882139e-01
-2.552174028790522020e-01
-3.254396499002970011e-01
-8.153810871237985314e-01
-2.925221104186916388e-01
-9.317779973643429692e-01
-1.027362866475092451e+00
-2.715271472660384933e-01
-6.313542226828349202e-01
-7.850455540042323710e-01
2.969021803634150358e-01
-2.565746061135301126e-01
-5.231853276241631434e-01
-3.367478030132138866e-01
-3.037204089631663773e-01
-4.507655197517019818e-01
-4.253299065325089612e-01
-5.723454746317200442e-02
-2.454801586868006202e-01
-3.153765213153062463e-01
-1.120691538442588481e-01
-9.332977698707012326e-02
-8.600679042326370149e-01
-5.706987896055777387e-01
-1.092253201271468077e+00
-7.353099826904566649e-01
-1.119171852334564843e+00
-3.902956120287428415e-02
-3.954446517618687706e-01
-8.149786943974738351e-01
-5.137555831441086296e-01
5.732547185204895923e-01
-4.588753388587032966e-01
-1.605059640515209274e-01
-2.644933722009957799e-01
-5.945050253147019514e-01
-4.000344267677664045e-01
-5.360137174124344206e-01
7.998964734382461861e-02
-1.149100352035643979e+00
-6.887445650575119149e-01
-2.601264115857017667e-01
-2.580058393025159713e-01
-5.147668244308103297e-02
-8.186541278570717006e-01
-3.486240136342428353e-01
-6.448885153781601653e-01
-8.294947151183037493e-01
-7.681098956346392725e-01
-1.139590660193437188e-01
-5.007529985007714846e-01
-4.273334025201561692e-01
-2.273045293093149954e-01
-3.855077655712428608e-02
-1.150821132939498170e+00
-6.435948748273364606e-01
-1.380690753793118786e+00
-4.246196314485681245e-01
-4.230108209464300550e-01
1.279599980221414746e-01
-1.376638577659186347e-01
-7.978973189135778465e-01
-9.140256102537919203e-01
-6.750584789882371206e-01
-1.674761115333822659e-01
3.475838161183623098e-01
-3.794042755479696272e-01
-6.449971661334585882e-01
-4.094926761284122807e-01
1.764353548738916977e-01
-1.603920780612994867e-01
9.509973464630753215e-01
-2.458103129290727940e-01
-3.632820057960293725e-01
-6.411741077658265064e-01
-9.775183361982249242e-01
-6.437824524021477091e-01
-1.142621087725545381e+00
-3.078108755831367449e-01
-1.204920810384852770e+00
-8.366168538595403215e-01
-4.451022961095984498e-01
-3.527517870876459849e-01
-6.468381996458588690e-01
-1.299685718733184947e+00
-9.682178839550007465e-01
-3.852743593023822410e-01
-3.597198326058388962e-01
-1.067576186320664089e+00
-1.100034493126485824e+00
-1.845942692301462129e-01
4.365257370986839747e-01
-1.228409488539857097e+00
-1.140544711165271785e+00
1.128259281624473392e-01
3.022698635369326925e-01
-5.405117981628598800e-01
-5.100101982030696979e-01
-1.226543279661630015e+00
7.177452854262575954e-01
-3.650832118059200715e-01
-8.454576394893404956e-01
-7.388621319690417133e-01
1.756881244095594430e-01
2.876710184643406221e-01
-6.850425522023122493e-01
4.236345620572417037e-01
-1.061214111588909770e+00
7.435487977609753218e-02
-1.223993068396164396e+00
-8.356706944953992688e-02
-4.426982431754720171e-01
-9.418673846707755759e-01
-4.705451980836232173e-01
1.048189729819640759e-01
-6.333870640984745615e-01
3.747710917605673320e-01
-6.984108448177986928e-01
-8.885658682091509553e-01
-7.289608328579432195e-01
9.991167628560211622e-02
-6.785835961530006788e-01
-2.922578452639889579e-01
-2.065253553802188502e-01
-1.319146572072246615e+00
1.343751486368142400e-01
-1.001809992018240614e+00
-1.012197827767617131e+00
-6.319558374240149545e-01
-6.402383595818235129e-01
-5.656416066799756504e-01
-6.505179163760100858e-01
1.841335367685624780e-01
-3.808991456099790618e-01
-2.773988636019346088e-01
-1.016095700833306026e+00
-6.018204431369239549e-01
-5.641743916253962876e-01
-4.239094060233833949e-01
-6.376240719276686786e-01
-3.319864435521873713e-01
1.487881811257408260e-01
5.227547574879112258e-01
-4.619109861445986343e-01
-4.781431408882372280e-01
-3.466413805194253350e-01
-1.770497117311636281e-01
-4.463048085050404512e-01
-9.609677887720727840e-01
-9.658310126073359481e-01
-4.388154200151692663e-01
-1.272550636522726819e+00
-1.201055230075728231e+00
-9.044340094639805039e-02
-6.264896598825382412e-01
-2.194507121900999003e-01
4.032538703064907915e-01
-1.115718234316624091e+00
-1.085352575725269775e+00
-4.680367400522178478e-01
-3.931194995652400603e-01
-4.331471632755168888e-01
-4.277284655862725882e-01
-5.318242234504799715e-01
-1.072823277714097356e+00
1.543955181251953634e-01
-1.190968103046036175e+00
-9.189690037741643502e-01
3.333434140983927430e-01
1.615171874573743116e-01
-6.542154045619553715e-01
-7.301691048310391396e-01
-1.706320746119205922e-01
-2.498219998840592038e-01
-6.750642038958407642e-01
-3.525942334024770308e-01
-6.930975239477137340e-01
-1.000824002750726693e+00
-4.133530225224706922e-01
-5.649290723073278064e-01
-5.901552580641452606e-01
2.121953664416065810e-01
-9.164600532518305531e-01
-4.626742928618955975e-01
-8.980884772515430603e-01
-3.721033162338452382e-01
-4.681756927582207406e-01
-2.264157695560944927e-01
-8.311400655043536811e-02
2.164242028722389299e-01
-1.403981487663264471e-01
-5.491992874193263319e-01
-6.933621353188098579e-01
-6.534633840103083458e-01
-7.061302764472902060e-01
1.717108760753919550e-01
-7.227515434797643357e-01
-5.074768860824510064e-01
-5.057807517198638081e-01
-7.590248969388756484e-01
1.149174917175065230e-01
-8.743781182277395869e-01
-6.684959145748814446e-01
2.612017256578478275e-01
2.178600680308751675e-02
-4.879233878616783260e-01
-3.398708162139917888e-01
-4.714248350566153656e-01
2.516441376661159302e-01
-9.947958314921545586e-01
-8.905075049821955524e-01
-2.276546417558102386e-01
-3.825105568005731094e-01
3.891738823095096389e-02
-7.382324603789253148e-01
-1.049884915707539834e+00
-5.842049439663462573e-01
-9.612367405244982566e-01
-4.471822758167851020e-01
-8.362428834497000196e-02
-6.568957947846831846e-01
-3.055039968199135259e-01
-2.232724017326577839e-02
-4.490543695787508893e-01
-4.447418377575967918e-01
-5.948817272077162599e-01
-8.550803152670326535e-01
-6.829484143183872646e-01
-7.151262349414984065e-01
-7.749728796277968734e-02
-1.036203562854118160e-01
-5.184888469243729286e-02
1.401403424261975506e-01
-5.809356321333956075e-01
-5.973099791579971063e-01
-6.161395312369932764e-01
-6.934346476391143321e-01
-1.028427327212827258e+00
-3.705542920509318772e-01
-3.658796794930606056e-01
-7.907456579499881621e-02
-2.829002523995285609e-02
-5.880525337778298445e-01
-1.012186059083979961e+00
-6.753264578593032308e-01
-7.314589983620796154e-01
-1.191975915221880067e+00
1.732349878195595105e-01
-2.916023800118071052e-01
-8.678852474685039287e-01
-3.823147952087812551e-01
2.153453250952510334e-01
-2.890795874887637784e-01
-5.141502433448479348e-01
-2.390823471217121687e-01
-4.269812159019059083e-01
-4.117884820336583651e-01
3.072893278843002313e-02
-5.294477221145116319e-01
-3.528295230133185467e-01
-8.465227903131092857e-01
-3.297576397896455624e-01
-2.263284716091032156e-01
-1.145883034558277558e+00
-8.133254093536311791e-01
-7.303596521006766595e-01
-6.150376715728741450e-01
-3.794604061669834549e-02
-1.141880148476216883e+00
-1.347149886359354065e+00
-6.249896621194932222e-02
-1.295024974352963071e-02
-6.852193305348930341e-01
-5.070198270504420179e-01
-7.643241982667987600e-01
-1.001518312710393266e+00
2.170308766151343993e-01
7.015828481937559369e-01
-7.579240655013578243e-01
-6.083510150058833998e-01
-1.168613967842386137e+00
-3.398050759658741704e-01
-6.316395232508426050e-01
4.417482545419823547e-02
-3.131657960569768084e-01
-9.273308596654576963e-01
-4.839204675111705711e-01
-1.088708543106604143e+00
-7.629881197742180987e-01
-9.361850827870109581e-01
-4.139615766226995008e-01
-8.632039873033459099e-01
-4.739280359310849566e-01
-9.313620868718824886e-01
-6.318364344889147999e-01
-2.627316602831636927e-01
-2.869428378048815564e-01
7.512338120605994707e-01
-9.171089187900141049e-01
-1.468534074284419053e-02
-5.431362292501498157e-01
-1.009485835335590886e+00
9.905672735071947566e-01
-5.062512660074605098e-01
-7.902500770582072676e-01
-2.651940070970436047e-01
-6.042278279066294333e-01
5.147191136335457218e-01
-6.307844857866335975e-01
-1.004554401775705319e+00
-6.700791702190474208e-02
-9.136079969558128511e-01
-6.183233350462599143e-01
-9.355163211993692274e-01
-9.418987396673599299e-01
3.501662268798029776e-01
-1.163963235637701210e+00
-1.529598771119882739e-01
-5.500836722548960722e-01
-4.331618661369970869e-02
-9.443762571545447626e-01
-8.861059627901672897e-01
-1.029333948862230841e+00
-5.370328046784783593e-01
-1.186913667790552518e+00
-8.620135036787357485e-01
4.661523752868716036e-02
-8.965649759538625585e-02
-5.837346951563289199e-01
-8.836851737179370891e-01
-2.044448750294797224e-01
1.077330459884352359e-01
-9.087752835380355498e-02
6.173617344241479760e-02
-1.017686797875340776e+00
-7.987187831086413059e-01
-5.775227107149556449e-01
2.552252867288992699e-01
-3.918843659670688262e-01
-2.581537397034237014e-01
-7.595391001408565712e-01
-1.753440502977938742e-01
-4.636864624358296716e-01
-7.977371293206394487e-01
-5.079136260267317349e-01
5.361144728164526363e-01
8.250850791632414749e-01
2.103144550794313825e-02
-2.632246692707561619e-01
-6.625062151475105132e-01
8.000397978766288221e-02
-6.384015233546987966e-01
8.504897803972495396e-01
-2.194058104343266091e-01
-6.128182096044402227e-01
-3.529744830954630319e-01
8.950216834867473492e-02
2.406274943205039263e-01
-3.026884348726948670e-01
7.162197103167904089e-02
-1.264229617377656267e-01
5.618161106564837359e-01
1.292798388718056912e-02
3.456745829797881753e-02
-9.160342135226142712e-01
-3.998514164052576619e-02
-1.659622482666902599e-01
-9.841712144340467039e-02
-9.202944253222649085e-01
-2.460015905729985922e-02
-4.978841599029150689e-01
-3.699847175441205449e-01
-9.875237602056842201e-01
-2.526719684722174009e-01
-6.401805719001433248e-01
-3.820714960825056794e-01
-2.471647577333754009e-01
-4.671007109434762161e-01
-5.093030817307789837e-01
1.485631448975890945e-01
-5.812860886197028787e-01
-4.668271145901310010e-02
-7.660545105058068627e-01
-8.139365003383555175e-01
-4.658539664806726766e-01
-3.923844266141144344e-01
-8.928261617642919978e-02
-4.970861083728065344e-01
-1.499527664402564853e-01
-9.964804877852493359e-01
5.689079434645878397e-01
-1.426985276055905860e+00
1.498552814494177599e-01
-8.273955182480036141e-01
-9.541791721164324391e-01
-4.119552919643614808e-01
-5.599002873276669179e-02
-2.142019563907453239e-01
-7.233361654906943494e-01
1.379424027727166602e-01
-9.755658776918811892e-01
-1.027011926518237805e+00
-3.464536601543786731e-01
-7.624150092892011399e-01
-9.809309579558315173e-01
-5.808415789658505357e-01
-6.795167269407181854e-01
-7.889921232712634458e-01
-9.723731548038438977e-01
-6.773485592481789386e-01
4.260965631165528622e-01
-9.131108888258844536e-02
-3.850036544011648521e-01
-2.783795733762630120e-01
-7.097399766385249498e-01
-9.655022671189860128e-01
-4.811743882927539961e-01
-1.419297749801317732e+00
5.605979082465193386e-01
-4.330807338097090731e-01
3.138452186174784525e-02
-9.972048066973661085e-01
-8.185901666086909945e-01
-1.136229060815881348e-01
1.075127787009429181e-01
-2.008106892820370887e-02
-6.989845259555061974e-01
-6.916420178408598796e-01
-2.446942973161458645e-01
7.940795799086387829e-02
-6.988509730219595317e-01
-9.387933846915728076e-01
-6.981939507541436996e-01
3.413215297219241440e-01
-6.271041921368581962e-01
-9.809517669552042518e-01
-7.876642968966897085e-01
-7.584059691400899528e-01
1.095641581102212506e-02
-6.310708501609879617e-01
-2.120259783804510079e-01
-5.568306009506416299e-01
-7.858625784099163569e-01
-5.726883811576491956e-01
-9.757034898454732819e-01
-1.149432210323897419e-02
-4.703347531899791378e-01
3.805878149221167406e-01
-7.499213959978918709e-01
-4.683705643717313016e-01
4.919538112188902024e-01
-5.541723908239909457e-01
-8.668160474960660000e-01
-5.581984288372034975e-01
-9.577735272764770214e-01
-4.860091720468562859e-01
-7.954803726399161112e-01
-3.665175395897192212e-01
-2.805134133401356381e-02
-5.308254108288193995e-01
-1.058584939314421325e+00
-3.844608224716010159e-01
2.237770098115305362e-01
5.316369384945218712e-01
-8.277987420555006359e-01
-9.606905725188362721e-01
-5.479984970066840155e-01
-1.464552743701162729e+00
-8.758120152482995469e-01
-9.277918068222668069e-01
-3.478488420393832659e-01
-5.071661823036147654e-01
3.589813588148004775e-01
-9.144389754598063469e-01
-3.588427685908489040e-01
-1.085705408216221857e+00
3.483582723162105821e-01
-3.904024026713784901e-01
-2.891610953451150823e-01
-7.200035534532160664e-02
4.666777093499895335e-01
-6.533916858178485665e-01
-4.043305713668555318e-03
-3.054838090398426242e-01
3.466307841746714136e-01
1.118831923270292295e-01
-5.963091546986426517e-01
-5.067111850553276398e-01
6.032722811775212413e-02
-2.699621358344684308e-01
-3.468824499189541166e-01
-3.676094200192887018e-01
-1.052667571335156982e+00
-2.523442150506068349e-01
-1.048216684338800081e-01
-7.218898519454653995e-01
-5.614446128102935640e-01
-8.957360973086879730e-01
-7.034024551890911692e-01
-4.544266403972253565e-01
-1.083037771609562716e+00
-6.109166158915936284e-01
-3.532646864707574830e-01
-3.579421156579647434e-01
-8.499124383693573703e-01
-3.557020380252382541e-01
5.302936553455995794e-01
-1.035981033634046700e+00
3.707473947550724569e-01
-1.189709876849312842e+00
-8.718786118685869502e-01
-6.808596107768335459e-01
-1.427195059140515532e-01
9.574084747381310379e-02
-1.062454658508143052e-01
-6.266103162548316563e-01
-8.085421741565020914e-01
2.964199417871520859e-01
-9.312360164718124222e-01
-5.968420437476554818e-01
-7.324275159569328952e-01
-1.805914081365871116e-01
5.254982872303144426e-01
-8.221995124444767544e-01
-7.313541064784467860e-01
-1.983086316735487298e-01
-1.048259876269505231e+00
-6.868437684894490580e-01
-1.061042850478032123e-01
-1.163130130126929958e-02
-5.685064481583240736e-01
-6.857365807882432884e-01
-3.849200859570315325e-01
-9.064249342457707526e-01
-1.068900277762906414e+00
-8.068770588905227470e-01
-5.987239222325217991e-01
-1.001855304441148675e+00
-2.133507648248490762e-01
1.881038916104291192e-01
2.973604168189191710e-01
-6.193130548351691855e-01
-7.023366646876443298e-01
-6.768919859060051891e-01
2.085244081562845353e-01
-1.554263672373698668e+00
3.259340022835364725e-01
-1.912102543857765735e-01
-5.144239028213565268e-02
-4.078420044672630973e-01
-6.979732709078378949e-01
1.906417089076190285e-01
-1.503502537738331812e-01
-9.452328400465513925e-01
-8.103883385509579864e-04
-2.404941588104970163e-01
-3.003938442055585356e-01
-1.233435352636701038e-01
-8.634729287297140399e-01
-7.174781215891578023e-01
-5.401921914543059700e-01
-4.724062275600565686e-01
2.936735610062745638e-01
3.222286442044219879e-01
-1.145189363184566211e+00
-8.059724483637346060e-01
-8.002298909823997164e-01
-4.462540597745665583e-01
1.773174309528305348e-01
-3.631921930284527922e-01
-9.039277007505270856e-01
-6.691012383998544699e-01
-8.307337460383995564e-01
-4.737558185854169879e-01
-5.222969351355020162e-01
-6.743567912893343452e-01
-4.519207985942536587e-01
3.392971787335561928e-01
-7.144946709858976952e-01
-7.184287890325681269e-01
-5.532411291749670390e-01
-1.451911331335726911e-02
-3.225813887416639769e-01
-2.913411443032030146e-01
-2.893743397398041983e-01
-5.785071259299272572e-01
-5.606742035921387091e-01
-7.977413255483379873e-01
-1.289563607705776160e+00
-4.240909344338222864e-01
-5.139780471351612645e-01
-6.779596669798845232e-01
-8.614402532760578879e-01
-8.589038922663343456e-01
-1.892900622435204627e-01
-6.806607760778853322e-01
-7.821898387703615230e-01
-2.525518411809280495e-01
-2.179165064122509099e-01
-5.864890241137309390e-01
-7.407956233303877869e-02
5.800266857663931297e-02
-1.262514927885386440e+00
1.882911901021603468e-02
-1.057515457912796553e+00
-2.037640365484572058e-01
-3.863820569192925047e-01
-6.703922225197994633e-01
-1.044804773061723147e+00
-6.028834278032904059e-01
5.645306404256071886e-01
-2.989998844656992505e-01
-1.161364737970953298e+00
2.229803375572348700e-01
9.856004639871458750e-02
-9.059681466845621589e-01
2.801493631745446966e-01
-3.004586726571971123e-01
-1.948077990207125465e-01
-7.480910928108369662e-01
-4.447787418846989027e-01
-6.011304360254704493e-01
-6.806457893275523474e-02
-1.408188823813764534e+00
-9.342025635680670792e-01
1.176907971424463184e-01
5.566473593890323146e-01
-1.131505484034811548e+00
-4.553541224647233432e-01
-1.731719969611150989e-01
-2.073932233614297349e-01
-9.241093951104379922e-01
-6.196339354436054547e-01
-6.788394292948085607e-02
-4.650144014904727952e-01
-7.446666433184904177e-01
2.515133699981111914e-01
1.872484025115891404e-01
-4.552469098452713303e-01
4.073801440375680594e-01
1.670188524123896179e-01
-1.056428078588219410e+00
-7.321475105780381742e-01
-6.137014084148856297e-01
-9.289395690012528517e-01
-1.054462821934371020e+00
-3.473028324218997015e-02
-3.953081794265713156e-01
-2.502446892774553011e-01
-1.024940822181157785e+00
-1.067429527947585388e+00
2.180819651098493128e-01
-7.368169204809610351e-01
-9.820634838934865218e-01
-3.304618239446230343e-01
-7.605050728046964803e-01
-1.108063540620736420e+00
8.700114914541751121e-02
-2.831478937831077292e-01
-4.435367083728337240e-02
-8.533379758138625037e-01
-5.692594272151115797e-01
-1.359166859435481101e+00
4.022780175822469190e-02
-2.015844518693098719e-01
-5.794932344698962012e-01
7.421259508527935922e-02
-7.908400920181036797e-01
-6.368025274347106912e-02
-5.349315356133896859e-01
5.586206216210525266e-01
-1.006067563988713998e+00
4.368437199981538566e-01
-4.591874546819748604e-01
-4.521368845573088269e-01
-5.465855632826492894e-01
-4.094639669898241796e-01
-7.959477549988712708e-01
-5.721316483661458285e-01
-8.874287454659025576e-01
-5.397452624258443354e-02
-6.929204396012990097e-01
2.324644579847692100e-02
-6.366634785523210827e-01
-1.165497266198411097e+00
-9.296334430889440226e-01
-5.867936142519590836e-01
-9.796875919114983455e-01
-1.031733687539979183e+00
-3.629383243627734568e-01
-7.396126111861514030e-01
6.250123160041738679e-02
-6.327639407215420730e-01
-1.320531298853402369e-01
-2.960511079710127502e-01
1.042761933080330827e+00
3.771668554060960549e-02
-3.032792450927648820e-01
-7.697304996087228623e-01
-8.404192924593649749e-01
-1.337113447054967819e-01
-2.457813212337869868e-01
-2.109427495881614767e-02
9.635082643573214534e-02
-3.023832848369369941e-01
-4.378187070420255789e-01
-4.589926689471036658e-01
-2.250826320158807181e-01
-3.397491561722085773e-01
8.830287457736021861e-02
-1.575205841594246869e-01
-5.675075638229593045e-01
-5.243402597670169252e-01
-3.193992909739520880e-01
-8.311512911438716511e-01
-8.244296188482702625e-02
-9.724586283039268197e-01
-2.027880257609491477e-01
-8.541389529397324099e-01
2.788596902266326505e-01
-1.780103711636105146e-01
5.123064989738236319e-01
-5.989979760290601307e-01
-1.152131726510706944e+00
-1.854487853393009811e-01
7.978488153157303753e-02
-4.692799730378447443e-01
1.415027457046448556e-01
-4.636564679271416578e-01
-1.274259206220781149e+00
-3.953146882356933789e-02
1.515186644930674453e-01
-1.387816532878669573e+00
-1.008223401566845201e+00
-3.461616475062283538e-01
-3.249085016310450102e-01
-3.587188824352943728e-01
-8.008455116537821494e-01
-8.428856915977166464e-01
-5.704185063591451499e-01
-8.616722687644363665e-01
-1.310020291385435680e-02
-4.227425102384961275e-01
-9.593264595917814219e-01
-6.776970777435270543e-01
-1.204487338656884177e+00
-7.443618053503667786e-01
-1.098515508221323156e+00
-4.295504499208563920e-01
-3.155548129029898119e-01
2.538425618415507401e-02
-2.119014363503688159e-01
-5.809289443302518841e-01
-3.558429436997624928e-01
-4.912829306474445490e-01
2.385593283680949028e-01
-3.391868225816631610e-01
-5.329410755814066869e-01
-3.817724508886085610e-01
-2.035220618320252584e-01
-1.791874107855389794e-02
-6.383213550252867519e-01
-5.943637412574519496e-01
-8.619044437551411086e-02
-7.136428959476937006e-01
-8.564573638640221587e-01
-2.300881890890598969e-01
7.643554812888874173e-01
-8.112543548371994873e-02
-8.202546977584738164e-01
-3.949403192674668661e-01
-4.445499698347130657e-01
-8.252168293115783593e-01
2.372014506601923811e-01
-1.260905629849481624e+00
-7.907059359808595866e-01
2.702836874519121690e-01
-8.672879495964267438e-01
6.236959630754126405e-01
-8.805063799838743765e-01
-5.996156754935283439e-01
-7.239181242844772157e-01
-4.033094971117310856e-01
8.582057053853146822e-02
-6.633208004829510562e-01
5.689589391592383416e-01
-5.122198659669757737e-01
-5.866187186956215438e-01
-4.123670931244365900e-01
1.747234352768101129e-01
